40
7
647 718 250 625 175 717 309 72 907 518 93 685 802 181 742 926 302 712 476 12 286 79 784 337 799 451 259 463 685 211 206 678 40 926 668 251 877 34 736 883
446 1000 757 833 176 16 280 808 392 571 498 494 275 351 644 682 797 185 231 405 239 580 797 9 326 678 219 567 677 572 765 743 741 841 919 36 273 668 351 642
6 72 892 177 722 322 89 619 595 115 416 986 600 326 133 574 120 870 21 753 725 848 528 188 805 335 586 798 727 485 828 747 84 691 921 415 414 948 972 850
938 406 539 708 913 481 473 533 904 176 946 773 153 700 796 828 396 858 683 674 408 60 676 212 344 282 961 176 845 784 642 839 590 292 998 685 733 202 981 636
935 792 530 13 311 898 955 548 932 125 11 392 23 795 790 96 149 228 350 746 601 487 383 685 670 137 9 304 850 877 730 602 864 576 984 14 545 661 488 652
824 23 218 475 662 121 639 994 160 656 11 543 240 713 310 47 102 156 262 200 317 439 550 764 964 701 688 398 188 388 448 95 827 961 229 237 883 161 553 939
362 277 617 336 905 660 768 410 643 721 784 350 326 662 287 329 321 196 579 53 528 821 928 395 846 181 892 881 121 526 161 59 716 270 97 976 923 469 562 634
149 133 316 966 757 615 844 369 264 280 925 532 705 372 923 116 536 197 539 523 921 107 816 726 421 490 41 564 134 199 376 300 782 391 260 29 466 942 995 438
9730