40
7
809 486 761 782 355 504 585 776 374 370 144 313 974 459 235 191 665 985 632 264 531 330 512 570 314 203 3 604 962 390 969 618 378 876 280 694 932 806 996 754
377 238 268 487 459 105 770 262 980 860 125 395 746 8 910 697 848 626 383 118 556 403 252 479 449 892 698 841 626 613 656 74 837 694 538 795 399 888 100 225
10 8 597 141 242 848 656 152 381 774 636 758 629 227 548 441 97 664 398 871 544 53 161 305 912 353 896 341 343 872 241 206 773 730 956 457 393 746 645 549
106 711 132 345 453 411 432 521 533 66 44 877 738 64 389 215 947 951 903 959 56 219 646 649 291 867 727 937 852 34 316 152 536 412 161 720 503 500 650 833
116 672 151 26 528 882 568 851 812 136 670 727 573 809 616 426 470 454 112 914 57 812 926 936 664 40 834 755 837 963 779 712 148 685 398 99 319 723 700 353
694 678 45 8 112 362 417 159 563 728 630 239 507 926 748 16 256 169 347 13 537 148 463 806 647 541 262 442 65 373 75 533 423 692 637 845 527 713 995 783
65 647 868 982 805 535 491 804 758 673 794 109 164 166 258 246 774 314 676 974 209 698 810 308 781 534 583 104 118 794 454 463 570 125 420 841 600 250 613 233
301 535 144 3 836 582 801 269 433 32 281 960 427 542 993 361 288 460 193 644 505 626 945 104 965 625 360 93 240 360 202 648 152 160 206 279 904 89 918 736
9101