40
7
409 649 301 960 11 701 520 322 380 42 293 611 357 417 673 503 988 881 544 998 609 546 36 907 422 307 611 210 294 954 307 636 297 628 948 403 150 150 867 346
65 363 973 74 273 148 280 239 594 436 384 758 286 562 328 477 623 130 103 802 212 730 948 71 168 97 329 522 331 495 486 756 557 905 444 700 546 374 588 529
891 472 520 610 390 705 269 424 437 156 632 850 70 152 729 624 4 427 59 440 19 421 131 675 799 339 240 147 451 927 856 163 556 681 245 683 824 110 87 171
167 57 670 586 441 956 84 509 486 770 811 466 31 591 755 383 251 849 142 743 454 287 494 962 356 488 947 146 225 735 818 943 184 551 407 929 245 81 877 388
596 668 787 814 709 23 630 377 946 480 945 559 538 228 515 342 540 75 690 523 390 516 870 976 411 493 49 650 288 780 943 515 111 749 721 654 898 634 756 399
32 594 312 219 925 642 237 605 747 742 845 270 464 454 421 759 498 880 41 720 534 436 398 933 657 707 252 385 183 266 638 462 26 1 49 751 976 437 855 182
345 340 129 448 620 268 319 202 47 986 228 793 572 664 112 790 121 856 955 612 749 899 977 799 357 286 195 516 570 175 422 90 199 871 556 267 48 572 728 523
126 966 941 541 805 948 578 882 376 576 874 641 472 448 141 448 237 166 500 698 984 144 765 184 551 22 296 825 24 589 551 477 461 430 456 110 895 729 881 110
10424