40
7
748 856 467 606 59 337 405 797 289 217 126 382 431 112 205 211 379 641 472 363 699 918 569 547 713 4 505 672 759 460 794 319 250 353 805 456 986 295 460 363
274 929 626 151 935 653 689 993 760 29 987 389 754 236 503 672 347 416 78 556 425 43 190 888 208 628 161 263 630 307 844 954 589 969 168 401 381 345 939 226
413 373 777 849 363 18 701 746 202 871 479 636 765 773 629 751 665 215 909 953 472 639 354 894 975 18 271 207 473 461 627 375 458 249 228 626 335 915 296 814
304 821 219 762 846 360 633 233 979 660 16 43 918 1 416 373 546 183 474 935 462 872 528 323 116 820 332 583 228 462 304 91 577 598 411 604 335 922 315 199
207 208 102 532 552 620 775 832 574 123 901 255 480 249 158 775 965 934 159 38 515 56 724 881 745 847 294 868 221 602 272 992 279 62 504 210 906 197 593 367
100 787 76 813 568 409 114 882 86 446 30 618 18 16 661 17 90 430 473 882 975 226 867 929 846 148 253 687 921 211 749 405 127 1000 790 33 499 284 859 736
918 547 371 472 26 424 804 234 609 45 769 6 417 131 457 846 415 400 98 883 408 914 371 741 589 738 475 26 627 193 252 892 211 858 938 481 650 621 872 682
970 479 72 164 1 508 369 738 322 200 905 692 726 406 324 55 466 407 881 83 99 352 98 873 294 849 250 394 156 663 90 873 665 770 207 272 283 319 376 197
8424