40
7
898 525 980 734 368 883 826 243 865 775 111 739 204 919 476 527 566 817 179 895 235 252 366 484 220 309 586 871 693 612 53 494 359 570 141 529 150 462 954 610
978 160 525 427 158 657 24 472 753 784 983 571 273 522 690 647 557 407 926 879 143 475 827 528 627 216 431 50 254 498 969 687 873 999 812 950 492 940 169 861
645 31 794 285 220 978 737 713 579 537 763 345 310 344 114 766 189 501 913 556 421 177 906 560 702 696 829 382 191 80 955 333 939 745 891 158 882 505 888 222
227 278 35 8 946 214 696 395 126 299 335 954 629 641 468 329 620 216 256 256 245 788 771 400 217 836 493 943 897 563 18 679 340 285 550 656 615 92 276 615
696 837 157 300 26 389 26 376 31 572 17 950 863 150 856 784 301 787 402 894 993 159 762 174 539 163 619 779 382 15 982 452 556 867 450 315 70 866 889 323
358 91 864 15 751 313 179 697 322 516 717 321 655 235 535 771 147 712 555 789 259 617 157 755 296 290 834 983 790 880 725 253 426 697 329 882 486 138 195 86
365 687 79 92 364 70 308 343 712 602 532 997 768 112 449 287 254 535 861 557 771 960 440 766 526 697 77 959 379 570 576 206 276 644 654 519 936 191 422 122
390 191 256 543 743 985 514 625 172 323 478 273 84 637 297 396 304 504 569 967 169 723 896 775 452 764 492 79 443 596 522 43 57 894 799 406 211 285 944 185
9493