40
7
110 778 898 945 272 843 257 822 294 672 586 226 910 18 681 119 382 691 477 334 397 338 196 253 673 530 777 395 228 513 648 779 423 145 448 565 549 666 901 516
880 456 876 81 916 263 815 119 733 77 349 921 935 317 712 751 180 543 199 599 660 765 431 707 817 938 833 24 892 483 737 189 770 927 149 192 758 357 41 747
956 141 433 60 56 106 27 68 872 889 520 200 883 37 818 203 624 591 960 83 204 536 767 535 182 4 179 941 920 1 213 855 646 635 202 309 113 959 793 418
125 78 717 673 129 41 935 153 992 759 387 495 393 797 814 245 440 736 782 551 774 255 706 892 867 724 451 21 275 338 520 513 836 463 129 734 858 264 316 829
781 931 955 215 32 246 842 598 504 645 21 586 908 988 503 716 212 580 581 743 392 152 74 66 773 487 89 240 289 300 883 805 856 900 787 967 866 643 529 33
930 145 603 464 961 837 901 977 476 586 724 516 146 997 156 414 182 551 905 498 115 49 921 215 419 776 341 98 277 136 278 106 61 243 466 430 688 819 592 555
123 870 308 844 811 695 952 184 143 647 363 608 532 997 343 687 686 139 394 466 526 4 824 892 775 877 749 384 688 27 390 866 234 246 903 182 782 26 328 18
146 926 888 679 788 187 192 874 743 184 75 144 16 352 376 236 81 852 548 673 431 341 472 506 607 463 543 522 622 880 587 174 797 966 867 572 803 606 118 496
10167