40
7
183 826 55 995 792 504 694 491 664 401 837 799 814 954 322 747 709 626 648 773 928 590 929 849 137 946 985 139 739 658 141 945 801 499 939 768 232 690 363 106
362 121 684 377 95 731 901 956 721 225 48 575 153 874 805 483 53 190 362 281 682 589 105 254 733 604 760 166 990 545 233 9 252 644 504 665 498 917 530 329
584 987 925 218 87 727 750 585 8 242 117 706 974 247 818 732 991 276 130 707 403 403 642 600 892 883 122 713 536 507 88 704 928 205 944 997 755 129 629 123
18 323 49 521 802 170 180 898 107 85 875 752 225 550 472 603 325 726 824 7 960 124 816 302 659 21 659 864 413 945 771 326 293 638 731 168 839 494 483 17
8 81 207 338 176 147 813 236 434 557 473 321 679 62 482 216 252 177 436 166 886 765 887 854 263 575 40 390 852 662 57 637 447 504 655 451 863 218 105 387
46 636 549 741 839 60 550 575 508 790 3 689 788 825 122 285 2 900 11 725 433 311 136 404 220 12 891 935 455 926 16 382 208 107 901 755 218 559 825 479
253 399 4 389 182 185 790 614 775 317 47 822 511 801 684 507 350 960 531 73 219 865 677 360 337 298 363 566 366 280 762 367 447 34 627 248 460 338 812 804
480 135 901 175 116 838 701 401 409 658 810 226 415 435 218 846 105 16 433 195 212 873 662 998 533 698 770 239 442 320 87 234 535 705 998 869 499 508 818 10
9762