40
7
594 349 924 559 789 563 788 927 788 13 962 106 226 679 10 445 201 475 538 642 79 642 700 656 795 922 541 158 362 791 825 370 755 695 796 237 341 34 685 393
543 755 735 46 366 279 292 232 220 144 47 648 220 597 742 153 750 249 168 14 470 928 370 787 574 312 883 606 435 61 529 868 974 478 611 894 654 20 7 20
312 70 578 738 913 518 511 450 18 662 546 818 82 908 689 600 907 996 125 307 704 355 922 132 800 319 21 83 273 42 397 11 67 954 939 281 345 596 22 157
314 135 428 284 954 585 496 63 240 276 721 313 206 352 578 480 725 330 736 261 358 314 605 953 276 965 303 889 368 383 714 817 889 372 367 930 809 737 165 468
899 345 608 134 498 941 163 77 200 506 898 196 921 635 399 723 576 147 960 145 141 909 390 241 942 216 853 415 228 423 545 851 121 293 975 80 612 383 680 278
261 743 254 667 592 734 359 380 596 393 512 781 37 250 457 74 482 638 200 371 714 88 966 29 985 445 697 971 374 229 951 708 354 518 736 640 152 426 847 402
865 526 638 927 215 335 231 913 50 1000 556 682 960 104 946 247 96 444 69 115 192 506 814 494 46 828 759 941 538 2 205 1 895 999 16 7 359 194 45 765
357 23 41 661 974 948 453 344 311 44 70 279 765 538 819 494 948 5 284 842 734 999 968 650 59 42 159 74 78 793 647 236 664 918 363 665 379 453 896 812
9895