40
7
213 24 43 204 363 1 397 345 228 200 968 391 167 30 849 338 621 330 543 389 120 279 905 201 189 846 619 206 832 379 280 457 794 369 459 693 555 695 215 446
348 510 414 157 593 874 229 67 960 126 908 6 975 382 582 216 503 237 643 162 283 254 770 234 738 851 229 630 195 413 826 865 940 583 344 115 582 849 653 917
336 193 17 319 355 341 141 783 81 617 930 920 217 654 788 533 399 382 453 405 588 386 760 46 737 246 961 342 456 584 651 605 293 795 441 597 393 507 486 713
331 670 429 323 623 127 504 863 950 343 121 970 528 253 225 879 702 944 689 118 205 716 759 528 322 238 251 283 801 748 258 259 732 343 400 636 786 722 291 525
515 808 477 112 609 709 239 462 500 801 233 605 50 204 77 997 735 583 995 311 969 790 173 438 189 151 371 843 895 20 869 604 35 537 824 291 71 565 347 986
934 650 852 74 542 879 596 282 998 933 979 296 351 752 977 957 969 269 264 90 807 510 481 925 904 753 723 594 481 316 509 856 505 495 410 928 312 350 376 568
225 660 653 434 736 562 654 784 325 929 104 386 623 657 111 331 507 596 188 106 286 516 365 249 316 810 350 299 292 963 274 907 193 869 859 730 574 259 667 856
814 438 753 358 196 177 309 330 522 907 725 210 115 77 572 406 209 217 282 378 908 437 474 410 138 198 385 124 8 163 209 165 977 15 128 763 470 705 56 961
7845