40
7
905 128 245 635 787 261 251 355 758 596 306 122 524 110 196 212 773 179 745 303 815 308 473 167 776 789 296 661 746 851 454 169 794 450 380 928 244 944 577 572
195 321 44 478 256 528 167 183 820 784 884 687 521 616 578 31 270 296 605 744 223 359 793 111 462 76 372 682 352 408 545 289 238 469 455 785 354 935 864 41
326 424 824 440 233 759 506 872 811 22 235 217 472 873 330 426 343 829 492 692 516 751 689 951 601 822 326 828 454 625 686 302 33 151 755 735 549 639 48 237
161 858 12 719 222 350 120 730 598 752 997 88 715 422 582 550 427 757 398 780 277 616 510 569 246 560 935 358 433 749 673 835 761 717 70 41 213 385 296 686
53 991 523 768 262 716 37 921 531 776 866 272 587 848 9 291 673 115 885 48 446 177 513 126 536 317 969 400 887 59 557 746 254 590 248 469 424 712 517 555
173 646 8 439 740 223 734 145 187 748 604 621 568 136 981 206 838 557 992 760 576 899 759 920 818 581 94 327 863 895 604 885 422 509 586 902 598 647 224 174
667 598 740 365 654 958 712 403 980 141 714 393 602 160 710 996 136 656 479 755 855 516 169 496 946 270 748 271 36 544 651 138 174 440 364 54 410 141 581 912
211 57 870 950 438 770 293 366 347 956 156 123 350 353 319 444 532 801 840 363 963 567 165 231 853 423 864 883 76 583 825 60 836 897 194 66 673 412 187 366
9832