40
7
370 571 671 748 268 120 189 672 64 360 496 900 748 861 416 114 533 862 709 791 632 518 723 465 723 915 63 502 155 672 124 376 765 179 447 541 982 669 482 435
380 130 173 146 617 13 789 762 760 262 288 959 139 85 721 487 692 527 317 940 156 265 312 952 666 869 522 755 79 335 256 140 909 544 533 998 696 513 751 590
218 390 998 162 886 723 531 707 860 245 544 310 303 648 297 338 717 520 511 775 266 330 481 385 545 824 743 395 776 505 626 32 274 957 642 937 12 679 954 106
14 659 292 975 194 289 250 375 513 843 89 222 616 507 847 660 413 364 255 642 711 9 567 690 530 150 36 166 895 394 951 169 846 782 784 658 507 61 280 486
886 911 389 478 374 775 229 773 119 789 642 134 846 493 425 590 323 578 809 512 984 40 202 293 860 650 931 627 200 175 985 480 631 96 566 570 924 934 314 584
225 61 345 763 497 848 193 682 373 284 478 490 583 105 1000 59 300 74 577 585 808 977 861 165 232 187 695 556 767 238 474 238 240 329 833 131 706 87 143 2
426 960 391 430 800 171 349 901 215 760 95 618 829 34 476 169 565 82 806 786 347 840 609 428 894 546 711 398 689 18 972 828 483 525 367 358 392 399 943 228
889 275 900 689 854 341 271 1000 364 280 118 394 782 622 266 156 298 734 573 965 894 732 110 341 398 220 73 20 488 322 176 355 735 905 631 48 438 691 653 276
9639