40
7
34 352 52 341 742 199 68 765 648 120 614 887 781 27 906 696 122 23 154 995 228 730 338 475 29 283 437 465 33 685 386 928 93 884 865 465 773 863 968 41
909 37 275 869 461 263 523 268 376 442 2 611 898 366 599 475 156 77 441 476 896 297 154 137 134 521 267 538 194 757 412 437 322 766 168 935 768 96 810 630
784 281 828 744 323 851 403 195 598 995 137 585 787 17 706 680 547 802 201 274 123 171 356 838 787 474 447 215 894 369 902 168 226 474 478 319 757 142 368 96
747 62 556 249 970 268 545 19 494 315 732 582 522 132 631 630 785 138 369 791 600 122 607 484 871 434 843 62 394 414 244 391 833 924 195 762 22 752 227 643
715 782 771 29 277 810 150 897 726 64 337 860 796 818 670 445 372 193 844 8 726 217 550 518 939 259 628 246 849 577 846 498 641 609 888 789 611 222 981 779
798 834 722 786 273 359 51 156 73 391 629 644 525 500 485 781 520 588 572 419 312 691 345 666 864 797 150 483 47 317 758 329 663 169 758 174 119 846 389 125
133 789 669 706 135 150 640 662 760 649 332 809 760 540 893 880 174 956 802 460 571 969 784 454 715 139 720 861 476 940 863 760 583 300 904 557 46 987 158 207
672 95 881 798 942 897 216 943 746 265 508 525 583 471 927 483 956 787 300 574 904 414 792 761 261 395 913 838 965 123 581 140 982 443 32 137 818 953 742 746
12255