40
7
166 782 21 481 467 638 671 912 563 539 132 205 94 95 10 91 43 783 397 189 493 199 213 94 956 664 356 728 41 64 101 846 619 215 163 490 109 243 578 196
494 938 592 78 941 779 25 428 831 546 214 272 8 176 877 84 902 887 513 925 423 710 636 469 465 988 902 391 606 748 957 570 934 878 740 453 929 380 873 626
888 707 37 875 868 958 562 313 146 753 67 96 405 362 385 34 426 55 942 995 138 14 818 340 850 433 304 84 586 825 22 248 511 526 208 907 377 491 498 843
409 869 636 199 303 749 824 624 722 64 876 899 100 661 248 859 69 573 343 563 566 589 309 771 111 18 716 113 11 567 234 70 970 610 125 28 565 549 482 689
593 152 126 151 461 908 356 4 99 221 399 446 40 516 364 867 867 892 760 159 66 645 231 581 79 745 765 159 674 296 567 438 888 880 342 246 6 109 731 43
53 896 681 891 554 250 638 813 366 845 694 598 993 383 504 712 479 17 477 637 328 19 592 35 431 947 989 632 730 458 285 461 613 908 755 774 670 898 112 338
321 189 925 151 540 426 510 940 726 572 830 316 657 658 685 782 18 360 534 978 211 390 122 94 395 574 544 548 993 60 551 444 261 309 553 290 136 488 392 261
56 390 208 805 481 685 228 643 794 895 340 777 866 899 905 44 626 528 847 262 336 373 828 107 624 805 451 498 649 313 908 396 589 925 458 331 624 219 814 813
11170