40
7
358 568 59 435 571 274 717 477 575 842 367 245 664 103 882 380 831 781 825 439 496 394 508 224 667 478 381 910 438 562 394 855 57 93 669 767 599 529 980 325
673 612 351 502 723 288 603 871 681 776 811 951 747 91 670 122 685 181 703 979 635 71 584 168 799 146 520 910 758 659 233 694 799 455 750 445 274 857 513 691
565 371 651 364 980 699 191 685 62 391 976 398 72 918 863 360 384 556 997 312 878 570 971 321 989 800 927 900 372 627 205 872 513 389 372 179 911 695 553 363
844 61 694 866 756 561 593 980 814 409 381 566 784 305 590 892 334 200 492 320 552 174 729 798 300 900 903 859 183 324 611 264 687 654 217 595 385 991 692 569
511 154 643 430 422 324 290 868 75 521 381 567 339 798 21 988 281 345 582 44 290 122 332 146 296 249 383 66 397 954 29 36 443 283 832 567 226 902 609 388
35 118 71 390 240 336 133 843 585 316 752 131 928 734 299 529 456 411 565 528 558 59 463 835 733 736 659 830 16 179 358 626 203 560 202 694 606 845 703 179
624 928 471 991 235 79 10 977 951 432 214 851 890 820 830 209 743 91 1000 754 520 974 890 588 312 8 584 419 975 239 644 103 426 321 416 146 772 641 738 519
163 989 288 780 157 120 86 423 306 23 260 122 396 327 144 260 819 226 933 79 187 934 892 941 736 655 581 821 615 949 790 925 113 473 742 165 294 579 666 945
9952