40
7
256 646 407 484 91 712 114 549 888 81 58 609 184 920 505 162 56 650 249 908 670 237 573 725 286 850 556 761 623 354 908 926 695 1 535 568 657 201 140 282
823 131 128 46 715 85 322 876 57 389 634 180 34 971 720 23 178 481 205 856 500 518 231 356 45 784 332 254 143 250 216 660 129 440 622 553 844 808 637 627
875 242 894 296 53 251 570 796 132 847 138 975 875 391 506 749 446 374 712 307 348 938 657 768 790 168 652 353 702 378 544 725 326 483 434 23 247 886 626 633
658 956 944 307 398 166 135 324 349 402 446 977 782 938 840 826 724 421 494 535 228 354 354 261 914 718 550 548 91 303 694 261 877 26 1000 321 640 247 936 559
46 344 625 721 841 265 592 9 526 792 907 582 579 739 710 37 580 901 277 622 82 540 111 982 566 312 580 711 492 695 427 700 19 198 359 675 23 209 202 982
991 838 324 735 392 518 788 859 107 166 118 300 276 220 415 893 426 895 817 7 308 753 271 971 653 584 13 954 439 352 514 629 879 59 41 284 266 153 922 165
948 47 639 518 832 299 577 293 965 706 929 69 492 481 355 69 323 461 581 668 17 530 999 458 110 841 747 184 258 657 384 889 667 85 887 870 673 458 434 690
610 19 267 308 743 313 670 889 638 878 564 238 725 10 898 42 974 100 548 427 643 828 171 353 702 973 461 176 977 881 305 28 340 831 328 384 420 862 726 753
10502