40
7
698 831 224 790 948 709 639 111 761 618 802 843 147 688 903 479 761 330 882 663 53 17 176 418 465 319 540 139 849 955 426 467 570 871 261 726 975 459 447 190
286 181 525 879 595 597 734 416 241 719 791 38 37 870 573 154 808 590 606 584 239 384 585 840 437 938 77 198 740 480 286 937 400 178 153 41 751 849 339 111
300 835 539 774 810 514 142 385 783 956 629 301 6 355 703 873 517 710 285 186 146 338 738 368 858 516 953 326 280 800 257 684 614 581 937 695 147 383 242 752
73 855 311 797 784 534 321 100 830 428 272 344 664 213 810 344 778 384 366 397 870 561 827 144 949 979 507 722 24 793 964 264 842 115 279 438 109 172 139 309
949 95 975 294 710 701 565 535 658 75 256 479 813 162 851 433 470 626 504 344 34 566 883 13 668 83 966 700 830 394 107 65 504 672 712 217 123 692 315 143
925 694 182 250 708 580 825 686 389 72 956 998 745 296 361 971 474 304 875 789 602 568 286 327 301 113 316 760 732 586 711 603 100 566 55 453 21 749 973 906
87 935 692 509 456 66 252 883 501 553 800 588 784 691 345 236 748 503 553 638 778 220 658 262 679 499 587 741 98 149 924 327 328 483 59 439 449 687 467 563
726 910 606 999 783 510 614 18 253 382 449 757 844 4 823 22 903 33 588 187 96 112 244 301 519 836 517 840 779 801 96 544 944 565 976 863 695 947 705 347
11069