40
7
824 109 454 649 634 66 632 955 477 162 224 990 569 859 355 2 371 359 685 39 453 204 714 941 340 824 528 970 337 50 272 736 400 975 533 610 543 278 882 157
654 253 284 965 788 891 592 198 256 868 739 148 449 824 158 284 599 966 328 952 606 499 254 609 364 348 792 882 490 289 463 874 23 891 787 686 693 177 386 314
739 3 741 518 38 863 429 271 714 622 49 468 367 685 633 208 988 188 760 127 910 930 435 99 827 452 565 34 801 181 415 666 194 853 642 567 873 744 862 489
738 214 552 890 791 20 460 400 51 914 139 525 674 112 397 877 328 395 178 790 783 320 606 79 890 342 753 159 256 954 714 141 436 712 212 46 407 187 779 879
447 976 863 427 444 7 267 475 763 744 514 727 336 991 140 608 553 143 401 549 856 988 10 829 357 30 995 605 669 771 343 761 339 209 1000 159 303 272 738 246
665 537 39 43 434 927 753 429 337 566 89 704 176 97 544 20 302 45 157 420 529 862 131 971 315 259 283 61 304 610 324 93 665 976 254 948 501 506 803 112
386 507 776 777 879 411 621 57 856 942 230 737 226 86 294 46 172 513 46 295 182 797 891 256 737 380 700 64 342 621 140 362 350 213 155 606 203 988 125 689
650 510 664 994 788 874 392 107 222 676 449 692 787 208 762 799 705 806 697 540 121 710 403 237 477 902 187 993 802 153 149 150 820 43 213 58 43 399 596 585
10182