40
7
649 458 212 730 633 464 320 882 320 499 323 420 552 867 150 35 639 431 215 943 978 809 347 276 725 70 827 681 57 801 106 827 268 104 990 171 378 309 30 546
72 216 532 437 22 472 163 672 103 219 220 51 232 516 841 572 40 719 986 754 921 870 907 410 376 936 402 829 564 99 222 124 42 975 81 813 224 342 142 670
736 416 703 756 285 237 541 730 824 511 370 932 390 378 143 423 698 337 921 24 360 640 636 159 263 52 955 500 529 607 799 365 757 904 392 525 147 837 197 621
971 631 757 96 511 238 743 834 678 209 396 391 234 819 363 743 714 530 805 782 18 620 477 963 296 557 412 180 712 322 542 883 768 627 49 281 678 776 595 907
718 915 96 454 869 202 950 243 386 768 557 457 289 640 161 831 172 802 553 985 104 503 401 554 174 217 390 865 430 116 282 159 671 31 596 708 942 318 95 86
196 382 186 12 673 148 819 261 623 812 36 46 402 190 887 918 534 10 466 950 827 369 398 549 136 350 137 854 529 432 53 25 96 639 549 250 780 151 471 487
859 282 256 716 209 811 108 617 119 803 154 318 368 520 843 227 615 872 737 799 871 816 545 604 193 686 59 624 149 530 239 86 419 848 49 322 406 323 535 683
380 519 217 105 749 636 758 556 447 86 87 799 122 281 980 628 684 691 548 926 908 530 251 436 374 839 992 534 759 580 66 800 455 167 774 833 992 716 273 3
10741