40
7
255 456 34 762 263 172 895 659 133 299 71 930 230 206 848 607 697 787 467 607 559 131 94 439 491 944 524 473 74 126 125 541 100 974 186 476 446 597 373 892
612 673 576 213 261 252 226 697 390 729 323 127 436 67 208 569 362 812 448 603 924 90 61 241 950 247 107 434 396 880 330 867 72 672 848 40 660 741 258 596
890 594 433 252 525 301 539 352 670 51 774 478 392 626 324 777 510 895 836 401 316 120 11 860 35 474 45 731 627 865 544 491 55 93 374 228 522 645 745 975
267 25 350 201 80 633 615 546 474 655 982 103 947 295 756 606 881 558 19 604 718 133 930 805 311 619 277 847 377 57 987 527 235 946 890 898 986 641 614 645
398 599 537 882 865 631 34 15 770 511 659 74 458 874 65 326 999 532 345 118 729 470 447 523 999 417 363 24 222 134 921 383 840 265 598 563 468 505 84 779
223 784 148 685 544 148 524 691 590 689 821 994 724 186 906 579 293 555 739 943 7 24 571 111 947 201 150 640 60 713 885 618 689 776 151 652 27 946 191 313
881 333 465 369 895 611 548 918 910 692 773 860 725 719 674 281 696 816 419 735 378 118 386 756 658 728 225 501 354 659 369 100 566 238 725 477 912 604 346 552
16 550 270 38 122 881 343 71 542 944 972 488 342 463 123 526 429 858 79 627 157 732 569 393 36 972 644 305 865 905 426 456 596 563 936 441 359 629 131 524
9662