40
7
889 530 862 850 991 617 565 972 817 888 674 977 834 394 482 60 225 234 598 207 860 660 674 885 452 759 806 483 203 235 461 303 504 572 723 968 900 389 501 971
246 311 908 206 466 684 234 735 895 430 647 490 878 799 945 698 804 983 816 969 95 110 629 558 860 738 670 239 806 605 59 145 385 80 201 195 538 215 375 200
166 626 562 465 656 792 147 426 775 676 228 845 312 473 991 48 222 720 814 642 609 472 992 489 688 400 834 211 630 357 299 814 823 459 107 696 313 87 95 231
211 769 986 176 645 1 213 697 987 377 734 54 517 497 407 273 223 425 346 897 506 159 183 471 326 115 583 71 826 312 305 770 2 932 852 947 921 969 937 604
646 680 614 490 511 650 455 911 323 846 598 801 128 351 314 441 56 271 389 584 419 316 761 752 467 17 990 491 373 452 709 141 972 82 665 567 464 322 320 516
576 935 300 698 837 172 996 103 677 269 585 746 236 476 301 594 585 583 997 195 811 380 140 185 657 8 541 508 912 462 232 748 73 224 409 451 1000 896 726 98
606 597 453 54 311 929 586 92 760 472 364 793 602 512 436 584 833 644 298 583 271 323 300 23 481 186 775 286 328 769 168 441 725 381 945 950 335 80 52 735
563 341 266 615 365 290 841 586 710 291 784 313 158 113 202 622 855 300 531 894 997 530 87 311 405 790 459 340 97 239 919 849 665 374 262 648 338 836 156 609
9776