40
7
255 136 785 616 78 900 980 220 844 341 474 335 103 175 972 45 481 195 318 851 97 974 854 625 644 381 895 207 985 928 74 25 68 474 738 433 625 443 736 10
555 860 767 394 388 516 565 690 517 952 337 408 227 124 774 549 596 458 968 906 753 421 520 843 369 206 27 803 119 428 515 386 922 379 127 236 389 849 392 839
903 633 412 624 5 329 812 821 31 817 956 868 60 459 314 24 549 82 887 18 854 813 121 79 647 441 421 587 906 853 116 77 33 345 130 332 968 92 70 153
450 446 600 13 658 712 381 609 181 278 177 823 253 904 975 368 763 320 798 260 665 272 786 292 604 320 535 83 118 636 431 30 772 575 156 361 9 672 907 705
523 560 375 874 30 359 10 662 386 236 1000 224 780 114 628 499 680 277 491 62 812 609 89 880 497 222 875 945 275 845 718 376 6 724 323 861 798 548 206 58
933 745 881 300 248 643 399 137 213 196 832 19 833 685 402 658 438 142 958 943 154 625 586 519 523 875 813 593 116 734 633 963 522 430 360 587 531 915 592 16
504 848 587 522 597 77 125 381 153 669 444 577 484 76 869 961 154 829 684 617 52 967 31 204 282 635 845 699 312 619 962 152 72 432 586 313 232 829 545 761
670 82 321 882 932 645 863 196 100 916 479 552 608 396 530 3 219 559 687 281 198 256 125 300 382 387 252 196 537 145 998 555 852 524 890 776 908 373 704 648
9964