40
7
464 978 349 776 775 32 117 311 185 316 498 65 651 427 923 682 79 967 455 949 298 299 853 176 744 76 573 169 409 27 446 801 415 193 899 224 902 824 911 295
738 196 373 708 480 380 541 827 100 588 893 622 962 211 266 54 825 690 873 883 621 276 160 246 327 441 319 935 687 261 468 296 599 12 139 119 797 722 750 38
498 645 907 454 585 725 499 207 124 273 428 484 140 46 57 933 225 565 821 405 510 716 216 138 368 927 451 329 931 519 360 884 738 120 341 90 269 787 815 956
937 792 342 401 998 156 968 806 90 556 965 718 166 240 135 623 873 963 433 851 188 605 123 492 465 314 722 441 166 772 825 14 819 979 604 42 813 934 246 481
750 719 350 423 390 942 135 824 702 482 625 481 249 339 12 340 347 724 573 745 542 635 614 561 206 48 838 105 313 240 741 195 248 351 150 75 494 870 223 700
836 93 736 928 897 549 773 111 127 42 538 167 130 50 890 316 581 384 624 511 621 424 47 627 92 709 775 299 445 618 454 466 957 532 38 822 130 371 567 685
461 571 371 492 514 61 610 963 314 557 36 491 199 387 227 975 475 509 679 445 418 982 771 979 156 320 419 290 697 529 753 959 198 527 639 678 530 648 48 213
312 878 741 130 417 801 907 697 669 531 373 390 554 25 748 349 271 277 554 433 146 445 28 90 22 936 273 75 448 673 420 566 747 374 911 505 70 554 357 404
9051