40
7
61 11 877 877 829 648 100 109 121 231 951 187 981 514 408 619 846 735 810 362 965 9 57 94 944 784 167 721 342 17 988 515 27 416 474 249 184 827 496 995
945 267 961 922 401 221 195 948 483 890 126 734 645 76 884 493 956 514 104 237 596 112 586 953 736 53 905 797 206 762 614 722 334 75 609 100 241 459 159 734
101 121 696 910 985 951 150 570 564 45 609 228 316 147 505 718 328 993 239 643 19 854 432 324 563 369 120 801 689 740 827 231 27 758 645 607 583 381 434 282
753 515 893 891 173 924 227 309 555 415 353 789 22 826 654 527 256 477 957 105 42 359 218 456 355 736 888 485 89 507 759 531 636 755 387 756 99 512 377 483
402 342 560 24 512 231 898 411 643 737 698 715 241 748 820 978 882 981 545 61 956 255 724 120 643 71 578 342 261 134 65 297 317 679 946 569 805 613 845 800
406 255 209 712 57 236 880 302 665 326 392 207 980 532 18 837 161 961 463 108 188 335 925 279 771 257 402 665 456 784 954 962 444 609 467 602 524 880 567 229
315 629 443 257 488 22 236 910 645 997 825 802 326 181 221 253 735 697 939 530 540 548 52 647 359 253 729 625 985 830 965 570 327 364 67 127 335 346 745 322
676 857 231 386 737 520 768 945 483 834 668 713 994 644 135 754 568 786 447 312 34 226 54 764 868 663 850 324 960 583 737 582 868 340 14 426 451 469 22 197
10945