40
7
724 77 682 793 616 674 354 296 413 759 834 182 397 728 528 298 231 522 384 891 81 871 1 368 90 242 642 520 91 537 323 49 916 281 257 429 909 288 67 528
83 118 533 989 78 148 320 197 457 855 490 273 701 315 367 179 87 447 820 17 483 585 252 908 82 344 82 907 810 757 169 976 151 852 858 947 445 592 521 604
759 265 830 974 195 594 78 870 988 508 673 97 456 523 405 606 709 512 939 437 882 487 43 224 890 177 88 529 231 536 884 289 766 698 701 548 521 47 754 928
36 67 603 398 999 493 742 795 812 484 82 35 133 198 14 233 166 683 633 534 857 191 893 854 811 745 436 113 820 131 960 463 159 876 676 595 320 465 718 631
647 610 434 588 768 732 117 583 929 616 222 830 728 122 139 114 600 109 207 665 712 482 757 857 480 315 160 572 35 177 194 79 893 317 97 866 339 47 956 226
908 491 801 67 882 561 846 802 722 297 98 778 510 571 749 629 209 221 188 410 570 317 79 289 685 592 958 332 218 410 661 675 291 806 230 967 556 834 459 133
453 957 722 524 655 174 504 243 567 203 694 773 613 941 727 424 218 766 253 667 620 911 701 911 711 899 722 276 13 321 675 952 136 808 935 240 25 649 147 33
912 294 924 672 201 995 645 125 290 978 964 602 971 515 961 15 327 321 831 26 976 48 890 806 256 596 132 570 404 966 201 676 602 10 967 1 797 333 276 890
10983