40
7
557 849 921 240 996 334 425 967 632 623 223 772 1000 76 537 526 131 979 353 177 472 339 197 890 70 138 451 171 849 3 694 271 206 267 134 404 231 518 289 585
237 133 499 810 929 656 18 493 211 738 526 811 136 589 801 47 106 505 90 397 817 907 937 567 557 497 757 339 897 985 737 228 608 863 613 502 267 384 28 546
391 233 512 277 854 24 167 609 243 575 95 700 701 489 327 284 609 416 938 596 818 43 932 774 209 973 67 518 978 54 946 961 897 930 114 674 456 218 741 479
592 737 928 123 866 91 927 573 352 518 576 917 700 576 161 223 957 566 710 710 28 984 764 68 160 866 100 562 731 449 22 447 296 631 788 488 785 657 812 489
608 640 823 640 46 20 130 744 870 861 891 352 887 841 945 503 614 252 33 26 171 367 86 17 220 816 287 902 626 32 535 698 578 2 387 880 256 548 642 984
727 327 614 391 147 977 13 276 504 600 757 603 560 489 189 319 804 174 749 191 482 667 424 976 848 252 65 320 270 156 226 804 215 51 144 607 854 471 402 390
922 884 383 599 428 779 566 365 518 774 683 283 188 621 70 622 548 820 204 309 404 115 694 788 418 996 561 384 411 613 745 667 128 845 427 459 483 725 396 112
913 256 677 163 480 473 263 22 496 158 101 812 541 609 31 890 242 467 96 563 544 340 129 196 513 844 769 453 187 959 910 976 15 14 680 67 739 104 497 87
8638