40
7
628 81 702 698 672 573 610 417 129 646 119 910 604 17 116 263 181 197 293 688 582 504 668 761 155 5 962 165 547 364 749 568 366 960 137 244 545 325 56 258
932 125 857 39 686 746 486 152 115 742 19 277 8 129 727 322 968 414 171 457 472 876 386 470 588 951 946 581 169 575 585 853 516 593 714 949 422 368 545 331
792 98 281 201 809 274 974 65 760 677 409 131 80 410 259 264 367 918 811 66 723 755 983 775 176 971 878 47 629 395 253 12 689 814 927 622 174 444 83 232
75 978 322 416 565 776 201 801 184 960 544 938 121 356 829 973 941 776 203 76 988 307 255 150 943 758 487 583 120 31 800 795 94 817 154 798 172 644 703 949
631 492 345 979 680 948 252 478 457 206 280 371 835 632 962 509 298 231 556 559 482 905 548 360 149 534 80 987 180 172 510 870 644 803 213 652 21 431 591 35
120 64 704 939 376 433 833 291 92 840 784 395 926 860 778 538 102 957 185 161 907 309 253 726 401 39 735 203 841 392 636 221 978 819 868 923 845 543 121 560
208 41 212 768 110 24 206 529 774 620 873 88 566 548 942 788 659 787 710 867 581 207 707 430 316 437 222 287 17 449 73 721 486 95 889 206 193 593 906 944
499 120 433 174 112 770 596 66 955 108 350 867 753 462 346 730 315 711 438 341 560 143 100 450 596 532 880 475 326 352 395 972 103 295 822 439 978 182 186 969
9451