40
7
774 270 802 41 237 575 923 987 794 181 968 850 809 393 937 540 934 398 125 114 234 982 769 494 129 788 244 466 660 794 905 582 324 197 770 12 521 920 202 847
876 874 992 274 600 349 346 311 260 268 685 279 298 380 946 250 225 548 29 10 619 433 738 110 103 528 218 823 843 22 880 536 716 349 783 936 536 569 682 593
800 196 685 116 777 800 813 37 923 207 759 809 781 235 695 403 732 867 465 827 193 276 138 319 464 798 391 739 28 139 304 347 460 64 881 735 321 742 663 216
49 728 204 457 904 569 47 741 217 175 54 399 901 371 455 263 43 947 719 584 533 318 906 823 878 423 883 193 436 711 924 69 690 951 877 827 898 518 487 741
503 351 852 605 350 995 939 251 27 94 664 186 407 224 304 862 21 708 484 172 490 188 688 895 799 541 560 697 519 780 526 760 107 143 916 727 141 945 497 168
169 513 969 143 131 261 979 885 950 620 144 992 675 796 973 936 702 22 698 501 239 846 218 760 945 65 716 637 324 153 328 127 127 676 345 983 120 569 591 494
335 153 572 837 610 149 125 783 672 722 952 410 827 538 957 52 232 309 606 439 23 64 470 733 557 115 618 316 665 340 231 458 683 487 424 855 221 347 448 796
929 724 391 766 532 741 442 141 328 189 639 219 61 862 110 580 2 380 132 843 969 183 848 355 836 407 659 501 940 949 736 485 116 888 655 106 571 615 673 464
10484