40
7
478 709 380 846 970 815 233 995 309 740 473 820 772 386 439 558 177 579 38 302 859 445 596 707 306 603 540 528 169 809 90 732 420 884 694 245 3 498 420 926
671 397 646 343 133 585 535 845 948 872 163 836 987 539 58 753 33 290 681 463 337 251 336 330 917 330 909 888 730 959 143 456 399 417 51 447 839 384 832 377
794 823 57 731 50 939 247 264 317 663 131 423 451 64 161 663 583 186 825 68 167 271 732 219 641 607 222 842 261 738 265 154 499 154 529 818 286 611 346 155
913 967 342 626 916 636 29 867 521 391 34 438 29 431 596 902 748 579 245 22 239 373 881 44 73 714 904 250 310 385 628 63 608 894 969 291 473 814 421 368
973 321 520 710 663 915 229 100 225 899 188 667 962 142 676 277 130 136 919 478 989 761 727 951 729 491 430 993 328 26 515 516 180 675 395 202 292 28 917 336
394 885 577 207 812 758 192 448 533 725 814 981 37 557 863 410 977 1 74 896 544 287 447 501 898 764 894 359 516 267 150 102 311 119 48 613 639 449 639 773
224 498 624 397 567 90 794 765 436 608 813 920 571 784 248 673 765 965 281 484 765 665 979 836 166 42 135 586 569 712 26 391 676 297 480 698 798 140 151 997
596 920 864 941 496 866 274 661 403 563 409 673 500 534 281 723 771 781 173 577 465 943 269 621 790 550 616 604 995 941 95 753 239 132 726 572 589 518 902 857
12092