40
7
823 298 950 600 166 996 955 808 35 173 359 842 974 498 316 328 814 713 590 767 805 644 30 644 870 493 165 698 172 787 528 213 207 767 814 823 325 267 640 945
895 762 913 203 405 290 920 296 339 535 425 579 428 535 416 177 491 188 802 583 465 785 565 761 50 109 811 542 37 4 764 960 838 70 225 943 839 917 561 217
734 760 980 701 234 9 440 78 573 370 594 98 873 383 616 73 468 306 404 625 806 397 886 287 694 251 133 709 181 126 844 208 195 562 725 822 984 940 529 595
13 63 205 542 155 129 107 227 957 121 903 499 862 920 846 538 386 901 264 493 592 683 682 921 835 739 713 729 988 385 400 697 276 649 575 129 445 987 920 39
290 757 299 58 734 474 406 883 683 773 238 683 732 105 353 490 558 337 244 788 911 286 459 601 462 519 874 768 451 148 998 313 68 162 992 874 832 498 526 818
393 991 780 389 994 293 913 925 917 511 973 26 411 68 848 862 430 667 606 567 975 347 998 660 293 273 407 829 863 377 477 799 210 244 586 986 474 285 552 454
438 506 3 885 471 889 946 802 902 52 444 722 183 357 964 799 879 477 994 240 983 591 113 71 928 528 51 750 964 312 14 947 611 609 794 336 811 16 214 758
842 718 820 267 534 141 941 402 96 995 20 868 308 202 322 319 451 444 154 969 881 97 771 316 433 609 301 54 725 160 195 517 101 252 379 318 959 402 446 812
9271