40
7
118 855 24 576 217 108 444 867 607 870 277 117 347 27 285 600 650 314 228 396 551 72 519 146 300 443 13 497 817 57 282 469 379 255 800 729 734 2 141 289
615 457 21 877 624 946 247 945 420 289 15 597 424 584 961 693 603 652 424 193 826 114 54 273 661 492 177 799 824 975 988 16 256 364 53 193 433 145 719 590
995 58 422 717 448 633 382 417 948 359 975 124 426 941 155 255 549 793 104 882 787 15 435 793 757 196 252 777 394 114 455 208 813 66 956 823 932 815 369 159
708 29 686 471 994 380 650 801 767 716 837 271 619 266 921 988 860 626 220 139 746 45 813 70 18 956 859 475 770 160 838 217 443 65 662 642 867 852 410 66
313 962 29 597 195 268 623 646 376 321 365 738 981 726 558 801 772 328 477 218 598 526 182 5 740 994 414 830 742 13 310 368 831 773 167 672 844 103 649 898
3 361 511 453 642 731 624 845 891 879 785 496 830 889 928 13 526 333 217 649 771 114 764 686 507 998 413 104 679 715 614 982 859 898 841 149 411 891 819 988
117 966 4 59 627 447 62 396 803 155 972 738 903 487 634 765 50 328 484 57 264 443 7 530 73 655 576 920 451 405 850 111 294 819 390 334 978 80 462 395
344 886 376 647 479 33 59 362 682 137 330 118 404 965 25 406 665 737 954 395 492 995 473 854 467 195 243 444 35 244 576 931 492 814 646 147 762 496 197 517
9512