40
7
608 624 493 87 820 280 150 242 343 453 105 267 737 111 462 737 650 630 421 133 665 612 193 756 763 771 828 100 69 789 886 900 84 971 543 24 550 928 995 427
773 602 621 695 706 605 122 932 504 398 460 937 780 59 519 329 683 412 199 485 81 717 943 647 799 978 15 347 768 292 575 781 697 309 231 12 842 911 373 861
348 699 260 857 867 439 609 424 694 99 992 140 667 496 268 466 109 789 328 862 999 945 222 642 922 936 163 490 12 724 460 69 945 787 924 120 846 637 850 39
243 159 501 303 713 997 123 329 977 491 450 490 625 126 512 991 900 625 68 755 824 195 179 297 635 240 576 887 171 111 660 730 309 772 810 725 538 551 431 879
526 255 688 806 304 380 40 897 213 63 230 556 561 538 645 160 806 737 868 459 270 787 206 784 756 836 253 844 727 347 581 710 963 924 670 124 474 704 233 622
143 845 58 635 375 425 632 738 79 518 963 36 842 175 470 936 235 532 224 821 509 370 934 165 64 533 159 384 156 327 209 578 954 378 263 875 674 55 414 604
557 308 20 502 371 95 638 493 212 911 798 693 680 825 132 456 161 518 16 52 208 914 645 349 835 848 904 243 165 480 544 674 765 266 785 265 224 708 388 870
929 217 872 311 838 406 337 859 940 2 781 918 6 293 278 741 939 177 74 736 967 776 338 509 128 676 63 438 608 848 545 242 826 253 726 99 343 402 822 345
10304