40
7
713 329 1000 471 778 141 587 239 58 2 736 75 264 971 899 181 755 230 38 892 992 956 171 32 950 974 348 544 241 805 229 541 559 325 429 809 59 897 527 464
230 130 264 536 670 647 835 464 44 23 311 280 286 133 171 123 421 556 65 459 885 314 658 32 606 135 790 40 153 118 563 263 199 922 83 217 500 708 166 419
912 712 885 824 427 569 269 776 165 459 348 591 699 536 711 558 506 104 913 760 776 667 736 370 29 554 342 142 504 462 566 301 44 351 911 999 577 599 558 756
595 976 224 37 397 958 839 31 439 35 175 187 417 995 55 449 561 524 619 289 964 656 438 362 697 157 967 937 924 800 684 657 738 935 247 451 272 865 251 195
770 339 484 3 238 573 868 905 601 859 705 336 187 871 455 765 203 868 269 224 823 849 444 428 434 881 898 397 736 181 455 516 496 820 902 130 500 741 777 445
589 249 522 898 576 21 125 784 569 944 519 501 794 41 654 391 714 168 335 95 115 424 369 522 109 395 887 563 218 301 983 490 604 197 817 488 472 874 491 11
732 893 369 74 86 159 647 825 276 126 319 923 213 931 300 867 1 169 709 837 107 496 338 238 40 724 93 812 986 917 499 311 180 86 978 835 337 675 543 899
699 918 499 370 57 542 905 272 888 397 565 560 207 817 549 648 147 705 866 2 994 370 238 401 338 236 150 791 158 949 502 352 783 719 145 546 11 720 756 426
10099