40
7
899 616 538 999 583 739 130 304 713 170 490 118 365 520 293 530 939 465 171 705 807 566 998 715 12 58 872 881 146 220 885 233 395 576 667 96 45 38 923 285
462 395 244 740 874 801 641 993 995 324 488 56 388 623 4 870 148 935 764 279 159 750 565 564 663 827 256 600 626 833 148 707 552 746 91 783 324 990 218 449
633 145 620 250 658 642 463 538 970 751 493 214 322 823 723 285 773 545 825 985 763 234 652 247 799 71 278 365 752 691 577 239 996 399 862 293 700 560 176 235
961 952 191 79 760 981 192 256 656 487 812 19 161 131 105 332 377 693 909 330 300 358 339 597 169 451 467 336 46 139 914 582 917 983 947 232 718 87 398 516
418 118 181 271 510 192 295 873 722 795 698 136 258 534 961 239 872 938 884 470 458 141 609 499 629 902 719 86 942 937 18 164 832 846 886 816 72 354 395 177
445 667 571 820 864 252 817 581 589 62 51 636 707 433 94 16 276 375 743 402 6 390 624 409 259 251 547 396 901 427 766 783 597 419 724 961 994 638 304 274
8 339 726 597 41 642 193 366 671 529 763 79 22 174 596 535 160 758 726 839 61 145 926 778 591 897 278 230 987 45 508 912 45 225 290 276 711 31 361 298
762 795 107 815 808 728 357 913 421 195 351 203 529 885 660 801 933 776 936 787 825 948 863 790 295 134 713 649 34 537 14 273 616 890 271 277 383 813 402 247
11368