40
7
269 446 685 462 999 58 234 602 739 224 336 426 567 759 456 99 963 258 10 553 822 626 967 612 876 146 218 717 564 900 463 393 56 621 704 1 570 910 580 932
584 905 797 975 134 739 531 496 396 211 24 854 386 298 469 526 216 590 322 211 42 394 709 725 742 653 522 719 869 996 948 698 433 789 395 376 360 345 903 403
104 627 101 772 859 516 307 784 115 143 978 640 35 825 181 616 466 467 409 210 565 739 857 901 851 121 345 995 977 365 750 115 898 23 588 460 304 176 851 31
18 524 362 861 470 919 307 986 684 109 915 239 244 458 845 774 884 945 393 288 805 552 691 669 877 442 72 749 232 79 479 355 944 233 497 15 355 44 241 961
264 427 163 513 178 109 803 592 469 292 302 850 643 446 305 582 895 567 248 768 181 653 219 327 385 774 392 168 474 580 383 333 891 772 872 286 109 497 458 683
379 451 135 609 118 181 168 276 783 858 752 789 820 124 68 538 956 767 589 793 426 597 754 741 154 561 426 74 653 668 174 820 887 18 898 582 593 749 564 863
955 257 128 238 587 239 573 721 886 735 84 443 881 9 858 128 577 652 992 992 797 629 664 122 58 163 30 164 731 263 315 496 925 935 430 631 556 849 753 181
433 284 823 366 222 686 835 241 357 609 901 746 91 883 526 125 273 188 870 612 989 290 781 887 572 634 852 193 732 685 639 190 749 803 584 485 130 103 290 286
10473