40
7
447 336 6 710 959 802 253 554 430 622 552 981 312 764 276 623 486 335 398 826 685 942 812 959 627 642 483 244 387 978 418 24 111 331 914 250 180 326 659 565
918 485 602 221 110 102 291 569 412 544 8 445 904 273 571 955 868 206 217 844 287 476 654 810 149 402 716 763 628 924 206 806 415 656 926 878 787 510 225 347
5 395 120 603 131 364 441 116 25 697 17 81 258 753 967 650 911 195 548 529 652 592 403 158 753 930 967 544 133 742 106 873 886 831 453 825 392 513 924 690
931 989 83 708 331 242 750 164 744 509 703 974 693 677 567 963 450 979 469 781 598 690 744 730 256 253 196 402 93 777 314 496 158 866 801 208 92 719 76 395
97 383 604 663 231 343 309 219 8 720 889 212 641 214 371 502 203 863 319 560 750 219 762 902 704 157 211 479 186 211 369 479 977 792 366 231 200 223 1 287
75 566 696 469 242 532 780 828 863 153 848 303 689 306 126 259 190 143 465 182 424 480 704 227 421 133 665 988 607 544 247 370 142 255 429 292 75 470 276 710
565 537 606 605 693 51 170 837 767 296 539 914 256 100 917 568 127 263 589 757 634 426 906 261 618 79 852 804 186 196 19 380 502 572 95 725 56 460 200 766
280 31 167 909 446 824 15 630 204 973 722 385 625 100 247 23 884 115 865 623 692 319 679 454 458 46 761 259 211 962 396 582 700 466 38 139 441 913 81 762
9214