40
7
269 915 228 50 250 898 171 80 835 864 182 106 671 500 200 430 879 56 485 482 240 416 147 226 14 562 943 819 542 492 128 229 467 907 650 635 761 353 118 482
600 312 716 559 348 591 114 297 811 796 563 537 724 25 436 443 961 83 579 963 106 570 128 479 166 594 560 812 744 18 903 566 332 622 298 749 450 915 787 191
720 871 701 751 837 764 458 289 308 265 632 70 939 249 949 753 182 642 801 620 105 11 295 112 391 792 917 81 379 178 267 513 585 583 556 163 576 603 975 846
214 780 414 195 294 507 50 259 639 227 248 857 98 606 710 75 447 52 106 827 527 250 536 19 30 41 483 158 695 437 617 55 292 118 612 303 334 118 889 754
337 961 331 829 875 186 938 557 783 908 687 550 440 539 54 708 743 348 685 417 218 169 358 414 460 395 198 985 110 27 296 956 51 501 243 582 281 113 185 249
288 92 287 26 712 159 440 933 666 570 859 897 727 136 22 551 722 906 37 636 761 218 711 788 683 759 54 35 26 311 52 384 774 968 780 831 340 739 399 644
241 603 971 108 569 206 109 824 668 365 874 791 940 304 829 312 334 595 503 476 946 290 351 684 955 500 368 471 401 451 992 26 795 223 573 849 976 667 439 697
718 20 50 250 593 835 621 70 267 982 886 265 222 193 881 74 246 899 485 361 528 171 541 191 32 740 672 275 492 103 475 7 776 937 396 832 910 462 641 411
9255