40
7
650 618 701 168 470 69 819 736 615 676 263 142 83 476 210 157 417 442 518 337 177 719 710 31 692 631 375 214 757 945 652 707 788 363 322 149 569 866 464 323
210 661 402 190 407 470 650 556 992 436 132 48 772 820 539 850 238 169 197 943 947 93 647 644 72 724 604 985 453 585 327 151 888 835 560 54 809 902 196 154
546 794 331 120 983 60 470 381 703 827 780 839 873 409 974 659 870 186 13 344 776 469 289 926 435 95 614 832 161 416 448 84 815 92 447 394 533 171 116 444
230 328 858 576 518 356 846 191 415 314 976 452 249 820 861 345 796 749 771 107 211 983 629 404 691 577 368 314 455 927 760 504 520 99 351 104 93 36 595 126
273 550 968 247 529 332 869 304 398 168 407 807 35 396 313 637 180 905 458 974 565 636 176 970 333 119 700 199 830 678 484 910 511 273 951 617 122 792 548 265
365 695 517 420 73 594 673 779 395 443 884 944 862 731 562 212 335 630 181 536 570 709 930 131 523 548 994 191 205 149 518 19 519 733 54 681 896 616 994 794
957 405 456 430 55 963 716 63 470 685 579 887 602 51 562 274 993 2 860 409 117 589 878 887 717 650 120 759 80 239 247 612 824 84 232 420 272 720 643 490
559 361 605 321 304 428 441 99 83 180 727 736 542 569 10 372 840 695 963 636 465 169 60 787 609 912 304 130 297 931 192 589 343 4 88 224 628 844 645 417
9055