40
7
689 556 156 173 806 884 656 442 338 522 8 431 640 544 301 998 925 735 826 788 432 53 824 950 610 674 948 565 177 80 39 94 11 625 417 759 775 888 737 69
434 23 829 564 475 862 388 346 660 137 429 136 737 270 155 218 37 994 190 140 926 218 216 550 898 142 104 371 228 741 161 704 221 593 812 437 200 799 492 813
819 694 306 934 632 976 151 310 583 441 626 39 644 41 715 831 474 950 686 794 163 514 596 19 384 955 563 433 554 819 881 228 265 479 481 991 407 349 589 129
95 650 323 48 353 580 222 472 899 408 39 803 133 359 405 630 970 396 243 60 150 96 590 781 936 122 305 431 122 58 635 127 604 349 130 516 366 405 874 257
551 235 108 235 395 653 71 90 777 560 580 564 277 252 506 749 369 336 438 486 90 29 89 4 784 220 421 71 287 490 906 6 385 178 135 571 86 564 376 940
465 725 621 474 424 387 176 865 675 994 471 224 414 522 363 484 717 173 693 960 199 169 815 862 221 14 323 896 31 649 976 439 722 118 93 314 839 343 350 980
962 360 118 514 558 677 947 343 342 188 185 357 68 118 378 831 506 528 280 456 689 352 526 344 698 104 74 804 243 142 421 1 980 745 141 367 731 179 380 315
736 103 585 560 905 5 370 47 250 791 562 596 402 502 230 83 392 378 790 427 531 257 548 626 619 473 374 445 429 344 129 492 44 67 235 768 421 49 626 453
8322