40
7
524 886 960 447 759 650 213 844 246 376 356 555 617 94 900 987 541 421 477 142 912 749 93 923 442 483 215 224 857 873 455 399 932 424 225 655 318 959 321 308
180 189 271 754 824 307 959 388 797 525 683 320 701 694 300 91 852 964 901 781 808 14 468 449 351 641 29 99 375 673 252 742 224 220 658 621 141 534 890 947
806 389 616 536 488 294 919 97 438 918 387 754 430 465 49 956 603 456 733 488 616 373 590 75 480 176 759 529 424 258 351 64 297 352 573 195 119 606 779 782
231 833 631 695 118 203 632 957 929 934 276 716 51 403 488 498 92 503 574 182 859 955 715 390 916 889 7 784 712 870 726 135 544 421 147 877 622 216 671 367
605 265 101 97 873 481 422 547 738 845 598 293 993 426 274 259 969 373 772 931 812 537 675 67 727 916 945 934 950 40 884 80 727 503 226 720 980 509 930 106
782 97 645 995 417 317 680 135 838 910 421 279 601 92 699 787 104 248 960 924 429 674 671 925 214 4 730 857 272 337 169 122 451 575 316 916 917 920 164 218
734 957 209 740 456 372 871 315 150 886 537 701 359 253 848 416 830 791 433 771 909 364 77 152 978 488 691 591 848 480 896 487 999 43 967 328 895 911 774 946
455 419 787 183 909 463 196 626 485 862 841 206 421 119 72 309 958 175 444 325 310 706 823 425 632 975 995 356 292 211 158 119 615 204 908 538 153 606 692 72
9523