40
7
794 14 875 897 83 903 774 373 427 912 314 868 707 319 284 411 630 483 481 101 786 891 773 608 883 59 323 968 357 62 679 761 364 709 48 174 362 997 416 640
7 283 359 157 94 938 719 470 751 424 608 888 2 334 819 310 248 299 822 739 563 126 253 798 328 327 128 314 961 966 96 170 324 643 455 932 93 982 80 231
450 512 537 677 185 650 7 624 728 814 881 419 891 597 555 769 255 802 993 760 800 295 73 940 152 677 269 789 797 727 661 242 852 621 535 743 212 424 816 997
556 670 362 80 511 328 719 199 224 307 876 185 816 646 312 315 946 782 387 167 338 398 846 703 220 370 491 257 878 446 248 107 616 505 485 881 800 215 978 496
861 692 646 198 929 848 231 883 411 712 406 514 36 833 806 47 295 540 897 488 142 610 861 432 931 545 871 740 23 479 781 989 688 890 213 706 310 875 533 864
887 486 654 297 264 83 243 162 790 761 745 670 282 208 60 688 999 57 911 143 156 855 227 98 228 17 15 400 619 850 318 531 31 728 530 503 750 763 951 253
315 825 341 363 725 196 144 30 346 449 244 209 822 628 999 274 992 154 821 959 786 937 384 170 741 765 367 191 990 797 968 519 629 784 1000 683 939 618 55 682
690 453 334 29 720 743 404 322 400 263 137 769 914 559 106 163 800 268 450 780 973 410 197 34 372 820 807 924 407 140 341 470 418 509 154 570 90 385 863 981
9585