40
7
645 907 753 542 532 807 774 781 801 218 924 766 345 944 480 545 154 108 603 584 120 201 722 766 868 463 302 490 431 528 150 701 513 642 528 768 544 593 29 130
374 889 16 241 577 627 840 70 588 381 616 577 98 338 376 404 761 99 914 133 249 720 419 571 726 87 554 437 200 955 9 602 895 181 678 471 380 482 640 128
129 224 435 942 936 508 250 83 10 170 18 841 305 338 805 104 130 298 688 529 991 254 651 199 431 929 377 115 822 951 721 972 807 857 306 463 513 770 762 445
941 413 997 482 31 522 978 632 536 961 727 61 581 304 566 960 741 288 548 351 763 723 424 580 416 698 253 129 4 801 333 634 510 92 283 70 204 638 580 522
95 569 903 693 134 408 734 636 627 151 775 309 442 881 444 678 848 760 126 423 889 697 724 704 693 553 564 730 468 29 197 328 680 262 394 73 214 213 334 120
549 108 770 919 203 182 674 449 30 194 107 271 299 769 190 557 666 812 187 723 190 770 295 955 506 877 363 855 940 911 228 757 270 321 366 619 914 686 65 467
558 475 223 521 145 122 619 822 82 558 516 953 620 593 823 458 553 372 162 304 385 785 910 786 755 871 136 271 77 661 910 481 939 234 452 949 63 35 563 694
572 598 405 700 418 579 714 427 557 997 722 524 367 486 97 563 115 607 468 645 456 151 162 916 767 60 769 452 615 631 822 448 994 454 937 924 997 525 381 197
11110