40
7
490 593 836 982 635 1000 137 320 722 427 67 702 913 311 628 735 892 177 307 725 381 712 1000 215 179 449 285 97 5 859 9 897 922 76 579 774 859 627 47 144
982 729 169 954 375 615 20 824 188 802 584 487 915 725 456 172 317 641 287 149 820 93 888 961 395 213 309 361 987 287 441 759 970 475 620 373 766 150 151 457
472 588 92 921 467 724 255 568 119 524 602 910 690 198 855 525 321 981 37 311 277 210 322 486 822 677 737 515 84 110 751 687 980 106 172 684 931 854 880 323
95 336 395 282 269 860 896 613 371 756 292 513 175 224 882 777 856 310 112 357 685 482 861 175 572 413 840 678 166 573 708 659 223 752 136 503 787 498 155 336
842 409 898 823 298 111 103 553 805 704 531 495 225 915 109 808 483 125 606 422 56 593 66 621 58 538 645 953 873 106 565 967 650 110 873 124 591 213 494 623
31 323 676 254 898 979 901 407 349 790 510 915 515 653 248 491 499 612 189 223 907 612 441 237 943 196 279 437 350 632 863 450 221 418 572 289 705 822 874 237
60 850 422 180 340 273 591 139 302 833 151 543 811 635 87 521 991 583 278 920 367 288 603 500 22 128 323 956 765 328 570 837 571 850 478 41 651 848 936 844
805 241 826 104 762 778 706 463 767 52 527 848 899 713 979 679 732 922 221 41 227 840 122 77 485 509 811 830 514 405 415 482 281 84 541 135 962 672 410 360
10614