40
7
818 388 749 326 49 135 14 366 80 710 601 346 443 373 749 616 431 439 926 175 680 948 272 966 990 159 650 952 404 755 560 458 134 349 573 512 724 408 163 370
357 260 763 664 966 752 127 76 111 591 500 345 849 528 814 235 922 826 107 370 169 463 885 787 483 737 233 865 885 114 313 46 748 822 728 343 367 522 957 234
820 789 995 853 924 7 420 411 629 776 939 354 825 368 307 56 761 743 38 282 484 963 435 521 989 147 517 472 785 179 661 248 286 671 885 124 186 401 70 496
442 331 247 591 874 622 973 670 34 456 285 221 315 925 493 154 708 922 472 851 768 291 929 762 638 706 795 351 357 354 18 653 285 709 919 534 285 91 354 36
165 388 983 157 998 512 297 136 403 197 16 71 886 720 278 442 912 191 201 210 565 921 907 107 850 332 254 88 980 644 245 68 470 728 145 830 535 963 810 440
752 3 219 12 534 779 150 493 801 60 97 468 125 764 864 564 642 59 485 602 796 454 89 351 929 656 521 714 244 466 727 52 974 480 16 449 939 512 622 789
399 561 867 425 184 685 263 558 232 996 913 12 145 466 411 507 68 214 902 383 139 9 352 494 869 842 305 252 718 367 687 970 261 454 957 399 621 563 741 370
870 624 282 996 591 934 126 914 857 729 972 82 717 937 3 13 364 127 539 335 867 455 386 640 596 702 274 363 221 14 608 100 945 135 795 677 60 561 478 129
10009