40
7
300 577 145 723 80 247 766 555 203 697 207 419 56 108 78 6 3 491 253 873 806 585 269 834 405 636 941 661 769 847 447 224 648 982 258 419 352 218 931 263
597 507 76 381 314 40 486 205 999 621 416 701 16 880 50 31 95 692 889 459 120 449 54 821 937 916 191 759 378 661 893 7 329 956 449 293 847 498 609 263
668 389 875 773 281 438 38 989 363 99 895 778 455 161 495 646 893 542 8 861 719 879 67 471 822 947 869 259 279 443 902 745 295 14 864 931 593 903 708 451
464 652 894 646 114 666 718 436 875 531 860 753 129 620 994 695 883 622 385 857 365 498 952 530 360 390 724 143 193 182 935 595 419 472 423 491 643 493 876 83
792 497 293 663 255 985 437 889 721 410 551 867 991 568 948 287 788 426 6 292 668 613 126 838 179 784 904 807 495 569 540 510 896 262 398 266 790 472 112 37
593 999 25 910 753 718 463 649 723 630 315 641 292 361 280 780 134 519 600 73 820 461 665 729 710 917 13 340 883 370 946 901 642 188 165 735 230 856 259 499
801 78 573 359 904 685 575 378 675 946 322 312 448 312 771 760 892 457 422 634 761 940 840 226 428 819 954 568 686 376 717 591 171 372 5 458 503 870 132 183
115 704 494 102 826 640 881 856 121 751 869 95 755 699 457 332 115 576 285 593 134 856 794 612 287 148 437 881 967 305 961 795 789 88 248 560 647 455 833 960
11012