40
7
170 338 125 479 970 88 874 5 367 212 749 327 409 613 762 840 352 387 332 915 238 970 432 532 644 167 472 152 189 610 599 882 127 511 188 192 539 972 856 173
483 390 217 394 209 449 421 475 466 630 329 798 439 796 136 432 972 35 31 623 564 806 328 418 856 131 293 855 451 6 176 229 863 278 785 796 636 35 513 464
727 951 933 956 746 687 762 785 326 597 568 398 631 89 400 202 315 60 781 891 770 341 184 344 614 99 578 983 77 129 481 41 759 679 99 843 148 92 660 890
142 755 894 152 445 841 135 886 248 781 953 309 981 598 300 95 742 867 163 877 321 191 199 123 648 856 451 791 871 130 986 71 85 895 500 746 584 22 814 404
422 941 138 224 430 42 288 917 867 87 48 645 769 6 662 252 535 925 927 40 563 291 331 963 311 787 250 580 369 721 130 836 733 306 645 622 279 298 393 75
323 423 66 376 300 724 479 18 559 840 139 448 523 377 521 711 995 115 431 833 658 180 72 761 621 111 801 13 162 828 881 835 950 386 952 173 688 624 46 673
261 126 110 947 207 135 528 348 905 242 535 345 909 202 466 310 877 977 966 622 606 757 934 657 5 824 304 114 368 479 337 46 306 590 348 340 169 958 956 639
11 796 72 630 811 276 154 150 598 158 519 283 339 259 543 276 145 365 270 108 590 378 660 142 186 774 134 969 486 646 506 138 206 484 680 855 569 762 868 60
8428