40
7
211 796 528 49 248 978 955 932 114 529 92 511 817 100 884 987 221 800 254 387 861 5 726 971 961 857 338 552 784 865 635 731 407 303 110 222 24 28 507 326
9 294 576 493 493 848 820 951 828 796 597 306 334 765 903 796 997 340 377 895 59 678 295 238 896 908 717 746 523 867 922 365 88 805 639 304 359 858 637 309
661 905 949 445 154 534 16 345 284 686 682 895 766 33 935 244 108 258 83 577 405 681 682 532 813 680 998 496 732 263 22 189 275 506 667 125 14 378 67 337
655 876 748 879 890 454 528 807 861 955 531 120 832 166 831 902 71 71 247 184 776 872 860 267 101 325 447 112 385 895 976 47 522 547 478 421 619 853 178 248
685 254 657 292 614 801 103 709 602 118 950 853 984 231 897 207 942 79 846 302 817 521 844 160 548 317 493 528 596 876 275 505 298 263 131 414 819 943 422 297
633 417 991 1 784 94 482 883 435 322 984 47 231 385 564 887 455 878 673 988 414 701 430 321 846 246 200 757 354 571 51 877 323 877 347 992 167 947 69 129
188 638 239 316 961 289 747 977 316 115 913 524 198 134 9 339 863 795 328 996 824 841 153 278 261 818 472 733 654 835 252 55 37 156 639 352 332 68 171 904
907 45 97 687 756 551 943 708 744 284 540 210 227 767 745 152 828 301 921 746 188 871 278 849 225 69 459 990 22 31 468 683 594 883 936 422 106 255 578 733
10400