40
7
871 983 497 910 573 781 828 97 164 688 288 987 688 253 331 951 427 808 359 464 226 631 878 817 509 573 437 846 40 1000 51 401 410 934 122 667 779 302 687 607
15 251 878 295 64 244 218 969 160 751 446 17 775 697 865 208 91 371 465 595 723 228 176 998 237 610 697 597 368 297 412 718 174 925 231 528 139 347 841 661
557 335 496 600 892 370 425 45 349 887 943 986 927 328 57 635 193 753 538 33 379 707 412 446 925 538 958 728 883 122 573 647 1000 168 147 794 122 928 900 751
978 356 740 761 917 513 968 898 643 453 287 509 53 786 722 941 325 403 788 188 910 451 822 384 124 726 272 100 763 930 567 204 448 464 923 190 906 420 271 63
874 644 792 245 244 296 297 319 214 448 350 430 937 467 545 889 126 494 632 977 726 682 765 14 185 862 79 976 661 409 801 209 373 648 380 938 806 923 634 679
348 614 958 346 194 643 931 256 113 119 606 836 583 163 624 841 392 332 45 428 238 321 24 971 482 962 716 575 821 71 964 999 983 643 149 597 181 921 383 382
174 284 514 630 482 663 971 759 844 498 310 89 249 169 196 307 710 748 558 46 84 259 1000 903 926 52 425 616 565 346 728 303 70 362 414 155 245 303 79 548
210 508 494 303 992 602 393 132 372 501 408 223 594 174 263 590 72 379 971 610 718 559 127 765 802 98 621 171 109 569 205 820 73 954 315 50 832 99 989 751
9209