40
7
942 968 907 889 756 592 493 433 341 459 118 296 20 3 49 63 100 699 629 174 607 691 741 75 641 325 589 4 373 893 69 853 810 773 477 910 628 215 681 197
977 661 377 939 160 121 149 411 32 641 614 241 150 885 500 841 193 17 242 805 975 390 417 672 793 169 831 89 111 274 740 729 512 773 443 150 647 959 132 873
821 108 178 525 62 139 453 559 812 203 731 803 399 748 806 58 759 733 390 441 45 737 233 78 73 534 766 695 681 927 895 950 634 110 42 54 374 996 432 501
918 164 682 307 13 675 717 14 946 254 522 6 684 958 443 257 408 487 196 461 268 561 541 257 656 498 340 315 99 165 590 389 60 82 58 497 270 960 684 291
784 720 612 202 270 885 3 388 756 398 735 251 490 220 621 467 658 715 632 668 760 795 45 839 262 785 952 214 6 28 995 334 467 501 998 368 327 4 714 714
675 442 794 757 165 736 845 910 442 532 297 673 183 193 548 144 636 396 629 859 651 786 936 583 810 234 105 103 64 772 846 148 506 773 716 872 470 425 141 380
258 471 626 625 135 42 302 250 326 560 837 129 56 546 850 783 197 815 919 334 696 224 423 679 893 151 836 592 393 488 180 799 545 786 965 550 657 697 809 237
300 394 989 506 29 447 184 906 978 613 200 142 276 112 17 337 678 782 676 217 239 234 678 145 751 126 527 387 915 986 581 103 191 655 240 450 742 49 357 424
8782