40
7
788 118 783 328 469 833 386 905 473 80 902 281 941 499 951 309 618 806 927 396 197 218 205 727 219 558 815 668 379 972 258 223 758 854 544 672 301 942 84 212
983 648 713 513 991 277 461 96 285 285 842 907 691 368 157 827 497 103 511 513 368 388 701 43 199 589 298 202 561 376 690 304 452 995 894 110 828 916 669 639
498 730 590 675 903 575 115 681 174 584 223 364 149 607 84 241 2 834 387 543 913 808 390 359 963 304 784 580 561 339 172 966 804 925 338 877 289 920 445 155
418 685 326 560 330 840 551 241 922 870 383 516 576 36 882 186 437 102 750 750 570 111 139 877 311 128 271 399 778 325 208 827 349 608 934 96 861 514 416 322
75 790 276 560 535 937 609 902 894 697 424 304 216 46 806 291 735 685 121 486 240 814 541 833 714 374 549 769 961 128 816 827 948 51 177 764 668 85 569 718
625 20 225 318 487 725 947 704 137 258 689 925 462 511 107 737 449 599 945 845 983 458 192 21 408 710 132 45 753 74 602 680 851 600 60 342 761 75 722 314
692 831 881 9 386 456 295 641 562 53 252 179 248 105 883 152 61 415 708 973 156 405 534 995 358 724 763 997 359 980 561 860 78 673 334 927 394 319 847 488
811 809 167 952 998 836 468 802 165 268 964 233 117 588 651 111 621 676 951 617 138 225 189 841 552 299 371 66 875 773 426 243 646 303 876 393 305 737 891 298
10626