40
7
166 298 354 219 370 986 333 559 802 657 641 787 60 44 126 424 200 428 155 679 447 151 340 48 863 384 293 745 977 808 626 853 614 755 450 18 956 478 959 222
433 734 852 359 714 714 613 357 900 219 868 991 28 972 969 10 564 631 285 374 980 844 995 167 178 489 308 143 624 679 135 918 630 657 411 393 734 880 453 545
685 146 62 757 541 377 298 336 932 952 22 743 203 785 930 45 190 311 908 432 60 924 336 845 484 818 865 379 84 611 879 665 83 567 514 533 402 26 390 567
770 596 629 221 153 258 212 176 887 668 290 391 807 571 858 629 263 855 740 459 750 817 280 290 435 675 537 990 762 326 62 50 798 522 873 827 309 929 687 885
819 6 213 140 83 854 681 813 464 709 37 18 551 386 292 284 398 811 237 315 615 204 305 51 812 894 816 323 591 982 230 508 513 452 175 936 299 436 520 169
266 817 385 967 758 855 314 565 697 252 758 930 812 233 255 610 103 518 593 853 31 545 61 125 608 837 247 409 607 676 581 112 431 898 443 474 981 204 636 519
828 486 934 771 594 255 247 748 267 470 405 117 206 644 884 666 89 923 430 266 111 994 432 175 593 23 663 372 365 822 92 655 511 313 719 488 454 341 513 708
116 919 278 574 226 772 43 837 401 329 680 114 806 714 717 481 851 304 587 571 867 444 502 398 346 150 412 323 567 698 843 396 201 622 919 250 73 542 8 910
9896