40
7
890 81 143 916 338 68 995 939 752 484 930 716 450 270 734 603 598 230 12 639 841 64 126 549 252 895 681 737 432 303 413 163 803 186 699 399 653 784 56 990
273 99 394 957 68 532 761 718 242 58 301 33 385 114 516 470 434 85 436 442 842 794 36 994 703 302 285 343 577 754 271 213 530 235 836 492 639 92 335 245
162 237 777 831 29 174 671 5 705 370 913 405 642 889 203 754 843 39 746 295 699 375 66 598 870 302 301 448 68 676 122 607 212 568 17 95 294 342 267 299
698 385 101 378 943 84 569 135 742 706 221 532 388 277 378 114 626 267 357 481 794 388 729 603 861 938 958 837 834 670 817 773 714 278 319 769 795 956 664 112
274 570 550 808 560 429 437 203 749 582 817 773 235 527 652 129 885 664 966 889 92 534 736 210 632 179 637 729 517 103 281 535 388 373 441 558 370 730 813 428
884 243 953 641 453 258 264 833 519 538 75 311 276 769 192 654 6 134 900 375 863 612 273 962 420 416 907 644 727 140 517 374 358 765 989 224 15 6 848 884
740 771 631 136 939 446 664 783 805 912 628 736 96 533 555 265 563 30 242 178 793 686 146 131 353 709 912 823 730 142 697 638 290 233 341 386 69 372 667 720
887 683 588 599 422 375 846 741 848 843 526 768 796 882 643 225 189 196 583 449 127 343 904 83 206 441 331 174 168 576 47 68 218 29 435 451 969 397 19 746
9411