40
7
207 325 395 303 277 868 900 9 522 951 719 108 451 63 526 853 797 448 380 440 623 591 208 66 771 69 526 806 172 347 784 301 404 407 387 144 324 903 869 144
111 132 965 576 238 335 404 28 556 53 85 332 575 331 530 666 903 18 542 605 291 661 168 44 439 127 201 753 620 130 792 505 133 198 877 969 920 504 66 853
600 334 907 338 102 539 374 303 659 892 682 211 212 195 896 63 317 42 142 657 552 920 500 571 271 943 254 915 272 582 164 800 138 98 840 730 617 786 117 735
383 341 204 332 409 737 152 487 386 43 155 62 629 316 452 114 254 352 411 772 904 183 879 426 249 213 247 41 452 884 49 43 533 527 326 891 334 44 469 936
936 779 932 735 477 305 52 971 523 751 269 874 470 966 448 30 897 51 471 868 811 281 130 807 719 174 859 183 326 918 787 970 985 962 950 288 449 769 783 773
834 673 106 875 150 688 797 41 571 60 963 581 291 292 414 276 726 713 665 407 206 265 170 870 303 211 979 485 28 120 89 602 864 774 669 943 479 818 317 828
210 768 775 455 977 306 683 745 249 98 730 162 837 247 82 45 388 358 872 382 780 309 80 143 426 742 611 437 440 861 565 139 569 402 125 863 830 477 759 730
556 298 333 53 954 564 81 528 819 577 566 693 329 798 736 946 79 385 218 931 558 758 833 414 215 411 916 835 807 144 447 351 62 799 495 174 31 796 274 808
10286