40
7
971 111 982 242 120 151 308 362 454 522 92 899 694 475 584 919 720 762 685 645 625 772 776 568 287 612 913 317 914 261 739 604 365 534 765 702 437 981 471 29
309 102 135 148 971 110 972 568 929 844 651 435 480 943 260 69 427 411 749 663 911 868 141 232 127 787 135 336 429 637 173 663 638 154 926 934 164 671 976 21
231 597 645 260 170 651 43 576 48 199 357 201 125 604 271 441 156 371 104 995 56 716 597 204 522 275 177 585 978 227 930 347 564 677 224 111 455 503 567 347
261 323 568 762 854 463 941 983 593 777 670 49 120 150 412 960 50 880 669 385 790 515 554 307 29 241 340 762 385 331 113 776 335 799 282 581 232 214 685 3
425 860 477 567 317 104 574 780 789 228 998 785 246 750 941 331 118 658 649 443 371 720 521 857 234 925 308 188 252 380 603 508 45 967 648 116 439 873 372 59
368 151 141 537 617 100 369 27 920 430 186 840 794 808 612 133 929 418 432 550 972 842 190 902 48 872 875 76 68 905 727 730 446 775 455 828 934 394 19 529
558 214 989 743 58 330 19 24 470 384 553 237 516 982 477 778 889 929 385 660 82 204 344 48 813 557 550 814 618 802 33 565 117 208 757 559 785 840 196 414
835 145 920 370 23 890 313 344 921 634 321 862 974 695 336 142 955 309 990 480 595 210 154 9 373 859 212 159 593 106 723 682 547 165 774 943 59 399 436 182
9820