40
7
738 579 862 334 930 316 980 102 178 70 182 447 877 655 893 762 10 102 599 312 205 272 965 157 338 313 302 796 476 966 581 833 458 979 751 903 874 411 867 261
79 156 592 783 542 809 299 132 51 4 704 366 609 404 462 187 674 891 810 564 724 782 224 888 162 538 61 685 394 875 559 869 581 569 695 226 122 612 832 270
863 654 315 556 168 260 167 582 663 803 828 188 943 896 747 19 695 649 225 906 263 318 554 343 721 692 701 995 981 722 137 641 311 842 480 992 871 417 394 220
850 34 828 392 427 574 11 238 352 914 888 843 832 92 566 696 463 580 107 873 483 842 799 647 342 57 838 738 941 488 774 807 140 972 50 453 84 694 796 544
467 497 144 744 148 35 453 256 929 519 658 713 172 152 759 790 571 68 954 41 844 487 61 381 53 937 132 622 645 499 583 994 590 609 832 927 115 676 427 145
402 763 901 72 817 381 810 252 879 599 629 419 499 158 193 118 230 237 320 870 244 515 424 364 659 203 983 764 869 6 681 33 245 79 874 473 297 776 617 255
750 597 263 248 753 546 517 558 57 962 56 77 430 672 948 812 895 734 404 677 93 971 217 853 512 946 922 612 95 323 970 122 312 942 744 126 705 487 565 3
685 964 233 567 775 386 432 689 777 741 542 568 919 828 712 272 14 720 8 863 599 876 50 900 732 498 248 883 251 559 505 128 189 204 859 492 45 980 935 755
11192