40
7
673 214 929 166 545 251 627 34 472 165 132 822 893 404 899 108 423 896 761 263 936 825 990 129 809 458 11 682 734 226 286 932 277 719 124 773 679 395 365 262
270 530 889 106 613 716 889 35 328 843 863 392 581 274 913 291 513 432 207 548 761 619 479 518 139 103 134 514 486 171 19 688 875 902 287 863 275 737 141 703
572 298 710 903 937 431 849 281 130 892 909 604 705 705 148 409 726 165 328 593 388 131 285 571 110 277 32 782 502 792 13 496 40 496 701 647 998 338 205 755
245 1 253 215 372 831 559 818 762 104 889 826 614 337 707 365 426 530 103 45 297 985 865 990 676 678 223 344 206 243 195 294 474 919 924 643 393 566 98 621
130 455 819 749 158 306 556 770 615 350 238 174 361 436 465 252 917 697 654 928 925 559 559 920 727 846 608 340 352 883 798 956 826 886 958 610 653 714 280 878
140 636 882 620 493 613 126 443 628 7 803 52 827 923 182 997 433 901 639 472 375 819 93 199 177 416 112 546 892 730 85 171 979 245 836 244 426 609 938 275
768 365 326 589 192 223 5 30 572 243 210 892 679 545 105 783 58 573 120 501 780 286 371 682 472 774 911 547 954 1000 222 90 43 536 820 889 611 640 787 535
580 957 570 386 788 363 830 902 423 149 986 289 765 259 368 338 383 134 834 655 867 202 596 133 289 969 976 741 780 147 435 842 633 759 180 224 489 421 552 401
10798