40
7
526 509 420 966 669 248 964 229 977 601 346 637 407 511 335 406 689 959 10 990 316 302 701 888 994 710 224 967 602 802 306 825 11 819 948 577 161 734 22 631
90 515 152 38 35 874 569 821 882 859 186 897 576 232 448 690 393 765 282 589 159 812 13 828 115 848 263 173 845 392 174 188 859 292 26 484 261 669 193 58
166 398 153 127 540 125 912 785 814 507 661 374 685 892 639 964 78 896 449 777 879 783 506 240 305 397 114 196 877 806 7 996 929 644 872 696 447 456 459 73
637 335 235 605 705 839 176 672 717 301 380 772 596 420 265 162 581 153 927 356 695 78 802 673 545 307 58 421 739 381 485 271 474 239 354 918 57 457 814 522
436 957 441 662 267 797 757 453 636 741 806 479 675 142 427 792 517 314 357 169 281 689 310 973 772 859 916 543 486 134 955 878 145 159 113 956 445 836 271 351
103 833 671 745 135 328 480 596 868 476 596 54 186 635 597 138 422 152 350 63 681 40 846 339 786 805 398 275 936 502 242 93 987 232 57 386 840 454 480 195
392 882 834 608 828 183 134 396 283 874 782 361 543 455 505 314 284 541 141 335 237 498 167 147 253 226 851 618 877 371 578 410 913 132 58 75 164 122 768 142
970 860 255 598 279 563 810 996 543 416 693 717 81 281 569 125 621 828 406 856 807 469 695 797 18 541 84 600 743 60 311 224 286 191 336 138 978 326 632 137
9920