40
7
490 5 754 583 456 407 477 246 178 4 334 821 119 506 55 735 796 544 30 936 183 951 905 199 115 252 932 787 898 285 378 173 979 640 604 450 352 88 65 93
176 520 348 197 176 283 373 342 53 197 350 289 506 611 10 220 482 692 343 655 519 196 411 957 974 24 605 729 322 688 721 218 456 466 716 778 821 700 798 536
760 852 547 181 48 284 725 502 6 572 478 174 872 285 609 510 216 452 892 504 948 191 638 365 522 605 816 946 502 229 270 179 62 123 106 481 202 743 566 604
519 640 135 176 636 369 81 244 928 13 720 365 144 230 445 449 550 502 381 243 668 514 456 295 700 712 590 835 189 665 922 286 153 564 132 25 364 315 352 31
814 424 637 83 623 672 381 687 2 356 803 148 11 206 830 859 972 248 494 178 560 544 290 22 135 225 234 625 318 472 608 296 564 265 341 748 795 162 339 763
469 304 23 878 842 128 30 659 178 405 688 456 63 553 131 359 825 978 307 961 103 441 861 264 296 275 398 763 48 300 57 666 286 736 479 368 802 739 733 381
201 449 72 593 22 257 623 230 436 80 419 896 524 669 306 862 237 141 898 336 204 246 6 369 854 499 703 805 741 168 33 749 911 447 834 676 683 676 984 444
636 561 930 866 554 441 718 150 755 300 651 842 365 724 321 487 750 212 718 813 339 222 945 423 338 57 611 160 803 197 608 624 551 644 132 925 908 447 364 231
10662