40
7
13 959 783 116 973 972 580 979 111 108 14 96 99 637 989 552 394 567 32 809 163 419 373 515 681 998 346 529 977 19 732 701 902 209 916 678 783 77 90 135
625 87 785 993 322 137 834 359 324 847 130 321 489 217 245 633 562 590 940 448 374 899 181 753 932 700 798 694 820 334 324 854 155 460 773 378 278 673 454 576
843 16 465 704 962 118 293 419 619 590 266 765 951 337 833 48 727 400 495 825 677 314 187 248 9 13 317 990 23 862 395 507 889 511 951 609 183 952 761 405
855 574 791 137 224 175 858 499 134 501 663 271 705 916 818 556 806 589 449 26 544 492 353 509 846 447 243 562 264 757 666 291 797 201 332 983 200 411 389 909
286 716 653 284 752 879 247 777 641 579 689 817 306 70 652 168 883 147 739 600 828 739 708 697 837 839 515 667 503 782 769 844 360 798 231 327 819 887 994 157
172 694 308 604 760 125 919 209 929 669 648 282 610 752 425 243 536 741 393 867 627 664 799 882 94 485 796 74 286 154 557 617 75 765 907 678 768 665 868 607
737 950 772 625 276 668 52 634 317 787 559 881 845 395 122 887 808 348 48 529 324 203 683 437 400 496 179 723 126 283 877 221 416 812 448 771 803 43 944 613
183 965 753 790 638 390 909 694 484 768 701 522 697 754 376 613 768 950 878 78 426 794 619 799 418 893 340 289 265 850 554 643 361 250 126 390 242 58 575 93
10948