40
7
408 655 874 542 878 783 266 902 148 947 22 591 528 991 715 803 55 515 582 947 477 751 293 448 156 542 617 539 901 706 494 754 392 595 676 283 234 699 823 682
28 716 111 553 499 573 627 164 930 404 822 950 230 861 642 987 810 643 35 610 550 54 59 7 842 535 479 530 310 406 520 773 267 923 148 816 395 975 120 651
299 34 1 88 854 311 495 466 609 20 842 677 338 517 115 65 594 263 442 35 469 307 383 267 288 736 856 946 163 754 796 137 347 547 138 834 991 241 885 903
185 806 984 792 738 842 110 658 893 842 14 843 374 578 712 662 986 600 334 352 657 781 724 24 521 792 93 873 405 565 324 344 107 117 147 244 98 459 458 521
947 452 709 607 587 816 92 866 768 689 96 579 143 860 862 803 978 440 811 433 596 515 719 765 321 429 870 361 788 552 474 151 301 36 259 967 998 482 62 199
534 788 297 417 978 152 139 880 922 324 927 527 306 56 201 344 558 614 809 793 746 223 536 854 878 783 680 633 150 807 101 954 803 602 978 135 444 668 346 424
70 665 2 612 273 309 622 136 891 227 541 169 122 459 469 7 903 819 324 491 522 666 311 942 613 368 936 119 751 108 574 134 138 66 281 103 760 445 972 88
179 937 309 908 759 443 595 413 351 423 637 170 711 73 893 114 852 723 603 673 826 566 89 816 887 630 706 577 137 190 688 92 715 898 652 598 722 787 546 675
11282