40
7
675 183 206 167 913 147 219 848 745 504 378 501 985 888 625 255 625 377 59 406 198 1000 855 105 163 982 564 163 949 610 466 367 558 537 870 837 588 973 153 536
111 995 78 1000 715 906 657 16 172 355 894 718 496 140 92 752 424 844 192 238 677 801 874 255 563 308 666 746 890 462 198 860 727 718 543 644 463 95 392 800
672 829 601 442 776 302 919 969 341 965 213 194 949 98 144 240 278 260 823 861 679 274 162 363 17 326 553 211 163 773 968 15 666 435 16 822 761 859 414 299
900 120 476 909 214 46 503 597 714 189 170 222 139 838 835 636 621 221 486 457 297 217 315 843 695 939 50 407 162 587 14 919 452 575 207 399 108 471 332 528
114 516 350 18 96 465 359 870 625 78 768 870 230 637 437 808 839 482 351 390 407 134 745 524 726 177 262 547 397 858 630 264 113 805 836 405 686 525 587 286
457 197 757 108 181 526 965 671 301 158 178 250 596 891 501 347 536 575 134 152 589 489 2 68 283 470 407 543 637 909 955 210 165 136 804 143 425 495 262 93
78 311 432 11 737 702 787 524 935 646 686 912 387 799 929 695 352 237 31 179 201 233 548 900 199 835 431 731 770 767 700 7 855 934 683 362 958 526 161 614
666 538 136 576 277 595 333 802 159 681 12 318 501 502 17 135 777 906 531 86 370 535 288 845 479 86 948 975 782 510 431 993 613 808 126 776 776 59 827 446
10111