40
7
303 230 437 845 654 81 631 516 672 946 56 22 453 524 536 437 48 910 828 309 598 730 557 137 766 74 397 832 667 11 881 981 261 780 577 871 616 258 279 559
38 853 865 928 834 868 974 209 10 482 286 945 848 595 138 163 882 539 627 556 313 763 434 615 739 791 849 72 905 949 461 682 275 390 146 791 883 386 386 438
794 206 37 92 466 336 686 212 138 778 543 992 204 189 554 136 260 166 759 106 283 494 276 192 472 10 319 796 961 116 367 618 842 451 255 156 913 830 405 150
900 330 215 757 406 404 39 784 494 468 418 92 286 310 971 346 824 69 930 911 387 367 60 598 442 476 441 315 360 307 275 628 312 259 837 827 189 949 958 414
56 836 287 791 793 701 391 712 577 982 388 584 365 373 844 961 173 76 606 259 326 531 597 203 418 946 368 166 433 576 385 469 745 757 318 666 521 380 49 124
789 464 424 779 25 625 788 160 972 775 607 193 346 399 468 772 541 901 878 831 341 800 829 226 292 374 444 499 87 839 263 313 811 5 364 388 421 3 295 818
381 105 771 104 102 315 69 171 519 853 818 287 708 736 880 183 782 793 207 660 748 257 696 607 511 224 248 411 629 541 501 454 674 588 592 59 67 829 503 820
155 828 931 591 294 936 752 760 37 489 355 763 657 625 444 4 756 239 181 816 183 80 93 614 726 724 113 847 224 319 349 854 674 401 256 715 33 857 775 331
9891