40
7
593 345 273 165 340 904 455 495 959 324 235 570 1000 824 306 689 113 376 475 384 331 858 577 61 320 464 17 694 509 459 894 1000 674 807 167 5 359 567 840 531
903 473 683 681 940 564 281 864 868 910 35 334 848 516 485 420 275 325 331 788 270 525 110 483 503 180 342 900 926 639 771 590 145 406 820 29 858 826 797 668
897 570 844 375 677 838 926 463 327 222 219 781 768 818 248 148 738 427 215 301 54 275 827 278 150 613 860 615 79 997 649 476 709 875 633 218 949 472 743 1000
707 869 508 556 234 12 149 374 360 130 285 795 572 374 180 289 589 627 919 570 302 680 750 223 950 826 928 444 942 649 736 84 69 355 945 545 736 942 614 973
203 526 886 251 393 624 637 912 316 882 213 284 264 833 683 28 703 232 599 584 818 590 73 892 65 534 156 993 799 889 763 967 37 661 90 307 430 849 556 102
689 577 872 928 508 392 737 363 435 371 728 790 83 624 271 156 954 60 248 503 134 303 432 798 917 993 259 297 280 885 995 45 345 375 265 914 999 594 285 229
10 162 430 197 622 128 199 957 600 885 849 176 466 661 880 333 791 815 543 130 878 524 248 360 627 848 961 708 45 114 88 621 835 152 138 696 852 499 682 576
697 894 174 592 982 82 615 325 516 251 764 883 220 377 347 433 944 490 753 239 112 513 3 587 856 550 555 298 710 575 924 640 222 250 205 898 694 333 203 360
10033