40
7
667 307 722 488 85 162 493 490 234 736 741 248 500 425 99 813 181 656 579 275 485 255 676 418 293 19 423 472 92 24 434 667 759 866 786 869 401 373 106 176
408 604 986 336 193 393 159 763 547 81 364 354 401 160 617 532 361 657 947 723 656 824 842 347 517 523 675 427 755 873 486 671 464 364 17 289 270 602 680 410
846 840 549 899 328 811 854 622 662 566 127 246 303 464 868 842 522 981 469 633 982 81 515 941 418 99 855 742 73 231 579 540 971 232 66 644 352 236 169 415
269 986 463 122 89 863 920 198 181 435 32 176 302 695 916 160 357 982 600 973 24 528 346 687 176 844 223 465 530 287 681 989 97 955 311 971 757 892 798 989
584 337 87 534 79 36 732 952 380 905 557 558 332 65 544 159 326 819 973 785 949 37 734 831 855 272 716 974 751 741 688 669 522 252 718 390 670 787 558 885
690 80 471 247 920 731 320 27 454 392 46 680 167 551 318 161 483 52 952 54 870 112 581 935 194 577 559 651 963 549 396 524 532 468 354 339 483 360 25 839
372 635 853 287 336 953 33 578 40 407 606 665 369 965 727 296 581 617 719 192 856 982 239 319 551 724 256 16 529 837 870 745 323 993 324 501 968 168 718 699
274 535 224 447 477 779 742 279 620 304 151 546 182 596 114 357 874 450 27 942 987 443 576 569 732 832 307 372 356 358 887 395 430 488 674 312 131 318 233 65
9193