40
7
238 888 863 269 466 201 142 587 330 347 405 47 885 4 448 878 379 951 794 485 412 699 206 616 950 25 770 622 111 860 333 401 288 880 746 171 836 464 251 554
61 559 365 605 23 136 98 856 971 345 75 925 683 451 577 34 178 471 237 829 908 743 275 757 590 213 433 23 460 636 217 655 619 467 689 98 796 161 957 831
357 676 124 788 752 529 662 389 617 579 95 492 561 953 862 379 223 301 846 767 869 492 480 682 667 570 770 737 372 606 478 211 952 354 235 458 816 561 18 669
917 237 495 566 388 367 654 699 331 848 635 330 36 324 323 780 725 533 985 735 715 568 216 967 537 767 401 70 886 985 10 669 280 754 619 611 769 571 965 394
708 547 247 877 905 925 424 867 653 757 199 453 956 420 961 3 325 352 177 245 729 68 199 593 890 665 985 460 555 46 56 161 485 483 1 902 227 171 393 948
484 208 878 960 264 835 31 529 818 31 739 60 22 21 945 812 589 480 605 867 533 152 369 370 761 23 493 84 292 931 153 183 752 144 185 775 966 138 253 546
315 749 896 793 732 610 491 668 386 276 311 622 288 393 937 719 59 649 256 748 661 882 383 163 512 880 236 608 828 47 646 700 206 677 5 56 616 81 627 886
438 517 232 71 541 328 966 997 317 85 986 704 561 440 641 164 503 68 886 936 180 988 87 18 379 747 876 432 371 192 196 79 245 190 958 349 726 997 935 603
9965