40
7
183 475 199 26 199 70 390 779 489 571 266 297 20 234 371 547 274 241 93 58 543 769 675 881 910 587 458 888 645 218 626 150 279 150 427 757 150 492 220 261
43 245 953 259 370 436 766 482 372 945 103 496 453 369 670 317 739 999 178 298 248 791 959 683 529 479 905 900 565 764 753 558 590 620 644 506 225 141 332 248
800 973 252 19 534 255 255 169 125 10 587 55 554 213 335 18 892 82 318 471 810 455 41 745 196 883 180 956 26 120 130 357 77 229 807 310 358 588 623 307
368 415 930 221 611 753 920 357 461 791 205 529 895 549 961 298 614 802 421 825 550 124 734 520 548 337 983 636 17 287 494 109 613 261 162 681 699 194 237 442
722 787 307 60 651 857 383 141 70 931 615 550 83 39 977 164 961 34 141 114 953 971 909 649 973 284 306 69 42 420 986 660 930 757 273 884 263 191 463 653
893 119 60 196 416 965 795 221 317 50 643 427 885 598 368 323 730 600 179 721 794 199 261 554 85 440 676 718 184 649 798 475 734 606 590 985 804 19 348 484
625 805 957 556 253 716 512 296 471 710 237 35 151 898 317 122 505 334 279 96 790 364 351 4 338 342 889 726 884 198 210 737 409 476 461 343 549 292 54 319
738 296 119 320 854 752 953 312 482 22 32 764 745 7 557 448 453 352 136 828 827 674 485 42 481 230 396 303 813 712 705 704 727 827 293 454 82 682 674 351
9816