40
7
636 164 953 390 867 318 804 379 947 927 388 110 981 275 852 263 673 688 290 496 276 459 891 855 577 899 120 600 744 803 274 698 7 686 507 904 126 40 619 717
876 382 902 346 431 110 475 244 515 768 609 765 122 854 157 150 511 63 718 165 153 1000 470 637 797 941 955 182 502 194 505 691 706 624 145 201 747 126 898 320
466 830 710 588 171 99 543 379 110 707 835 798 754 975 591 601 296 130 832 631 139 240 718 370 72 692 718 467 475 230 685 732 277 638 683 177 112 891 783 309
27 867 442 123 889 312 396 233 778 593 637 988 407 944 815 322 950 991 221 870 67 379 314 346 387 289 437 49 229 489 493 604 5 446 709 841 235 730 954 393
2 773 131 153 209 869 57 866 575 303 827 305 224 575 578 318 487 357 244 528 406 824 297 885 199 243 174 418 744 707 622 265 473 549 595 661 267 26 21 100
38 722 155 128 460 729 556 692 492 991 879 587 648 281 301 131 69 190 895 447 814 33 292 851 584 788 418 247 948 601 997 620 944 766 899 666 304 595 166 220
640 979 132 587 417 496 308 267 785 258 660 202 961 246 930 565 615 24 766 885 351 381 878 656 792 110 535 776 646 26 977 711 967 112 380 850 268 759 625 721
671 896 630 702 438 623 970 169 403 642 397 647 69 24 639 458 423 645 670 400 677 952 992 538 779 624 170 751 714 115 803 358 723 35 666 229 503 904 407 537
10997