40
7
564 104 29 428 443 591 878 595 145 790 687 547 216 45 189 454 193 330 471 528 162 483 992 301 99 461 266 162 499 641 919 842 8 937 780 618 729 134 173 177
948 392 245 376 661 480 274 721 404 233 570 496 801 637 539 268 240 449 287 780 404 729 596 252 357 678 45 111 842 159 204 259 495 989 34 957 511 925 143 414
13 529 883 170 998 375 215 170 747 947 800 949 203 540 796 948 732 276 709 552 551 472 462 40 903 294 337 197 479 923 653 913 608 751 406 782 51 905 658 288
971 298 565 86 921 584 120 347 532 882 775 238 31 532 997 932 656 202 181 667 135 557 648 861 367 17 149 256 988 846 689 478 824 148 86 284 143 397 113 447
302 935 893 926 668 958 368 256 861 285 343 659 339 570 547 290 345 798 848 878 591 608 170 820 915 121 568 762 201 918 561 946 351 626 551 65 630 953 695 811
834 386 840 683 151 928 686 741 333 669 645 293 378 208 927 356 483 249 947 504 443 380 439 32 750 854 999 430 278 586 741 802 159 448 890 998 607 764 553 633
906 959 635 780 653 842 654 556 736 574 354 86 348 664 173 659 83 812 239 548 336 121 940 690 994 30 610 725 517 964 496 698 123 580 663 117 824 823 951 125
103 460 797 238 740 567 564 507 974 540 629 297 554 281 257 886 516 50 400 940 873 844 338 669 321 669 403 361 131 899 37 123 76 521 826 59 233 611 860 790
9972