40
7
186 148 302 496 206 647 819 605 423 551 348 581 825 25 973 711 772 731 405 922 134 827 109 623 987 350 965 54 535 613 164 442 141 108 313 657 785 998 330 81
558 528 2 546 267 430 732 925 485 203 67 448 840 887 278 80 295 248 564 902 192 718 9 129 634 553 190 520 775 333 446 136 76 145 723 539 312 837 347 514
959 984 122 503 880 809 732 326 90 125 5 335 394 907 168 813 759 806 971 541 57 508 832 47 713 935 229 995 370 393 664 245 159 992 276 744 206 35 247 180
447 660 730 236 728 934 636 905 643 804 655 358 298 75 463 645 879 78 311 402 604 697 972 795 652 500 145 544 915 680 265 546 214 672 924 53 672 142 535 634
996 999 568 795 775 619 11 910 358 100 75 696 151 874 498 420 650 388 644 124 448 191 730 254 749 765 960 296 185 692 838 8 116 228 25 451 973 627 213 165
846 715 365 424 534 832 936 814 917 223 220 309 314 904 219 352 80 33 624 93 715 97 503 702 594 237 674 39 225 901 456 748 79 542 920 905 230 69 859 70
260 202 694 926 915 729 798 223 91 571 476 785 549 807 969 684 410 52 233 597 466 898 116 491 494 673 855 799 376 715 752 622 397 840 166 289 113 229 154 303
49 111 861 980 662 519 93 369 229 886 614 636 22 298 151 855 121 760 399 639 433 387 913 189 159 437 467 1000 42 15 643 187 936 412 335 616 343 409 95 913
9093