40
7
549 331 954 272 50 153 134 59 105 767 565 341 615 368 620 108 564 27 455 389 840 697 107 203 649 16 53 354 455 308 38 66 651 232 163 787 730 607 183 891
970 806 795 734 63 275 168 803 510 983 668 370 732 137 389 390 896 722 143 920 420 599 969 239 111 962 299 410 454 285 601 4 855 772 678 172 548 127 877 535
480 958 968 477 738 33 673 410 627 67 32 678 406 741 86 506 881 902 329 680 950 732 207 685 171 462 717 569 984 211 195 186 993 101 701 124 362 11 528 806
731 249 237 22 863 108 48 864 215 1 279 274 193 743 876 431 821 346 830 287 385 245 151 166 902 233 89 506 635 890 436 713 513 973 632 838 368 994 692 740
472 115 601 444 581 810 571 789 970 738 833 152 177 294 544 377 206 962 549 651 371 73 287 504 545 764 432 579 226 987 113 904 713 706 726 564 310 819 712 56
664 654 648 251 401 117 133 699 897 887 912 209 100 754 910 800 895 73 799 268 742 487 189 428 399 106 944 573 114 64 229 217 53 500 738 742 798 909 473 694
927 257 906 133 486 608 641 286 65 331 708 261 415 885 485 672 491 13 395 723 154 589 169 225 2 501 903 421 872 97 781 545 149 819 61 779 599 796 961 413
936 175 428 280 260 70 668 31 643 274 659 736 937 455 305 962 128 132 282 558 353 509 558 821 696 352 588 9 5 438 817 234 418 738 708 542 318 916 567 373
9440