40
7
449 635 630 688 590 590 73 35 228 314 185 963 621 320 650 989 190 5 242 191 193 530 808 181 671 793 59 217 831 691 912 62 493 102 930 685 806 223 244 884
299 493 949 317 905 467 597 633 104 703 23 167 366 48 249 283 89 675 669 697 181 340 915 651 613 606 441 47 813 47 396 669 250 112 963 743 695 602 590 258
704 369 276 823 922 516 945 169 985 586 193 39 927 122 437 588 635 695 325 75 288 155 181 969 39 865 83 713 48 418 967 910 65 424 469 87 722 712 18 320
610 476 611 224 242 23 397 374 78 423 10 83 556 782 495 341 143 768 173 959 366 400 873 661 513 630 842 971 315 520 469 836 505 32 406 767 546 568 903 273
359 392 310 113 73 880 140 542 594 454 10 313 131 807 12 277 659 790 932 845 743 156 789 581 432 75 715 359 81 349 21 406 744 186 163 470 873 656 752 46
612 878 444 625 155 193 135 567 753 206 824 632 917 140 909 74 819 816 333 16 171 556 1000 303 89 42 314 854 367 920 119 963 166 747 571 796 524 39 764 352
719 525 190 167 487 465 224 943 362 472 452 310 907 390 557 61 172 418 122 758 209 989 78 45 532 74 797 816 690 983 194 410 350 28 91 39 546 223 209 79
614 618 347 614 342 860 886 910 696 137 674 856 518 395 844 191 233 418 675 113 450 331 410 59 702 251 482 891 143 620 663 382 79 223 47 620 233 698 100 163
9244