40
7
744 267 874 973 461 777 975 127 351 262 619 981 971 20 375 973 248 463 2 750 994 445 288 987 453 478 847 721 476 37 766 44 886 283 545 895 520 997 2 825
808 331 871 362 484 967 195 888 658 552 464 188 115 91 134 193 190 646 47 471 112 641 164 386 968 690 218 772 796 772 570 946 694 636 265 557 541 263 634 7
201 539 403 570 622 35 500 789 582 732 548 171 963 302 401 20 956 373 680 921 820 214 487 232 535 664 227 55 223 602 806 129 338 46 196 172 501 270 9 156
232 527 788 610 519 859 455 504 114 109 293 163 82 152 894 134 353 372 877 390 633 815 720 963 619 196 862 977 566 462 686 440 243 95 847 134 7 129 509 250
57 690 984 868 896 837 925 84 428 664 556 790 97 823 598 422 431 541 157 126 86 221 561 961 264 861 689 823 822 849 991 334 482 8 329 504 993 321 467 910
398 609 540 701 278 471 976 166 371 408 139 698 294 182 884 336 815 130 868 269 890 415 114 872 298 685 200 35 521 317 830 953 117 184 123 652 167 258 228 509
578 504 85 269 748 361 236 697 161 615 163 387 628 840 972 590 772 234 546 480 556 202 65 333 414 952 34 831 837 214 566 186 3 78 190 171 610 917 7 410
544 474 776 128 255 859 987 393 934 415 571 447 396 411 20 11 661 980 145 175 888 137 210 389 138 119 242 545 112 584 653 650 450 909 334 947 265 610 395 755
9457