40
7
992 333 924 818 667 969 71 734 484 56 683 80 962 505 532 761 939 979 197 519 87 627 601 228 364 156 866 399 142 707 345 604 274 723 592 36 691 648 750 742
161 840 735 578 540 416 189 928 635 415 897 119 198 291 166 827 880 929 974 210 978 633 482 469 116 852 209 91 302 886 185 322 477 116 844 205 678 260 816 923
618 879 954 4 923 357 365 435 371 164 939 841 612 493 536 856 492 64 308 445 123 202 427 920 461 352 117 223 862 832 734 69 695 897 216 538 387 961 374 650
445 92 996 687 39 79 447 147 31 646 257 540 444 330 215 208 317 46 166 546 415 368 800 970 602 395 149 497 310 356 998 731 429 573 284 984 323 620 787 218
430 648 584 958 99 813 732 407 810 855 445 117 34 3 194 6 307 386 443 743 868 953 736 9 400 598 724 33 459 90 307 695 795 626 367 927 8 340 301 419
122 972 836 496 179 173 160 712 688 786 704 16 7 510 323 348 682 487 753 854 655 194 383 195 949 259 863 783 841 869 279 734 290 71 643 796 996 641 828 35
875 482 361 772 729 127 824 824 430 507 302 547 184 634 67 477 647 944 312 614 456 32 117 710 316 489 299 566 503 540 866 913 476 768 148 928 237 512 811 986
457 192 972 633 230 266 560 746 266 178 825 165 152 284 910 899 77 919 794 988 696 630 954 860 334 804 970 648 779 114 596 760 528 874 833 951 769 917 405 289
12112