40
7
561 685 819 668 215 942 736 694 669 831 808 447 979 789 444 321 993 154 53 691 201 905 80 779 553 453 7 789 626 134 109 223 2 330 353 409 885 758 341 586
300 470 591 117 125 932 254 845 415 987 771 534 86 681 716 298 941 142 559 482 935 75 257 454 889 639 646 578 724 16 135 860 252 286 369 882 967 755 746 129
883 244 126 399 578 584 181 140 945 486 521 667 674 108 812 491 850 962 446 935 263 956 300 25 370 10 557 571 145 330 362 287 922 848 791 187 640 836 210 726
927 760 504 586 967 633 100 843 886 583 302 889 383 24 255 135 402 898 85 764 106 163 77 563 465 861 693 15 62 67 135 857 801 696 219 733 315 471 761 263
318 179 986 234 863 62 759 695 983 72 617 585 297 127 463 922 546 116 432 241 784 109 244 423 407 344 621 982 414 546 548 651 904 697 466 988 748 223 411 575
358 270 848 875 381 379 414 807 763 495 945 247 958 744 297 805 466 366 161 730 837 515 643 130 702 900 714 216 208 222 562 724 14 12 481 747 239 187 40 422
424 147 495 712 106 483 662 557 347 400 690 207 757 272 853 189 486 785 348 57 486 788 922 817 708 531 550 660 102 746 136 100 943 988 267 45 209 478 818 856
938 167 118 970 424 447 610 462 413 882 328 246 206 527 249 702 926 862 985 962 225 756 361 704 181 161 665 281 107 918 860 182 958 952 352 712 992 222 554 303
10935