40
7
287 158 360 994 3 547 195 860 551 310 151 394 561 646 830 932 914 323 197 723 513 161 208 813 133 659 145 130 567 148 68 118 264 925 167 199 66 416 701 539
859 152 453 653 965 330 667 652 63 228 447 351 971 470 172 522 428 123 748 709 543 706 611 484 84 751 741 546 90 38 92 87 77 138 704 118 361 88 596 353
109 451 332 292 270 425 878 751 369 837 6 736 532 15 517 351 994 334 315 530 432 715 203 909 816 908 776 87 680 154 764 27 895 152 416 654 754 905 929 566
246 685 745 496 993 677 430 958 539 768 883 378 408 546 371 302 96 102 360 199 478 737 138 174 514 766 91 728 792 385 431 872 480 984 360 197 753 220 649 163
988 392 924 339 437 275 167 63 411 968 426 901 587 651 139 548 427 40 641 666 501 723 127 850 906 994 401 403 701 663 649 739 623 905 705 633 315 556 18 483
2 872 680 326 749 297 570 426 312 546 411 139 731 809 775 420 366 692 289 956 729 605 608 933 345 322 320 503 801 410 855 24 415 131 537 975 572 490 619 8
568 576 910 99 742 379 602 855 305 247 429 644 826 353 47 249 196 411 920 262 482 404 574 543 575 471 736 314 224 123 234 904 845 408 256 466 866 467 759 235
479 539 52 175 369 708 147 830 314 540 260 579 694 819 8 30 827 222 548 458 811 710 907 290 65 878 447 118 520 623 95 143 734 195 830 923 858 876 769 758
10074