40
7
882 357 22 200 139 190 247 67 207 974 380 112 604 934 258 744 915 585 716 710 944 484 148 991 186 296 563 197 829 696 194 999 608 285 351 788 31 552 587 191
806 291 378 587 94 301 994 775 631 328 825 43 833 115 414 81 108 263 686 686 150 204 731 453 223 604 636 545 816 195 122 40 683 525 10 115 691 797 492 472
760 665 2 515 575 338 276 707 732 696 632 268 921 823 912 826 82 976 325 376 991 704 311 849 753 929 825 321 87 413 838 694 161 960 850 735 236 970 940 673
272 879 426 725 800 746 328 951 686 544 80 152 879 463 236 160 395 372 169 97 708 592 708 444 682 318 19 688 191 600 900 541 678 461 315 430 391 212 483 750
368 242 262 584 862 232 741 739 472 100 397 608 995 109 348 107 567 48 237 313 346 961 361 36 767 52 202 569 785 520 28 771 858 104 6 317 745 806 812 231
26 749 480 449 994 642 548 644 856 117 733 235 909 659 228 932 937 419 317 622 622 219 592 56 127 64 353 627 614 438 483 471 307 860 647 631 334 34 475 463
400 492 987 188 125 876 526 208 671 133 237 230 535 559 298 454 873 773 722 931 385 425 717 8 230 63 298 115 260 381 292 425 627 716 305 250 806 887 162 135
841 134 787 47 888 728 200 987 212 979 657 964 267 879 81 645 390 626 456 760 314 578 804 226 345 197 43 196 655 672 236 298 902 375 613 799 915 777 101 410
10492