40
7
394 703 372 258 789 960 585 208 973 190 654 392 25 784 588 580 732 181 315 685 790 863 523 167 698 621 959 822 298 829 149 649 650 637 970 619 58 425 195 697
396 294 510 287 611 675 87 323 290 545 388 851 676 244 319 773 878 686 227 190 384 919 272 512 908 945 769 270 82 5 927 820 573 898 950 619 41 408 12 813
459 805 366 861 107 516 984 379 240 331 797 666 369 865 468 234 85 221 975 468 72 690 554 769 459 104 143 613 263 894 124 621 981 286 135 689 671 647 828 233
137 419 946 650 68 608 482 245 20 351 497 458 78 632 993 656 645 402 864 20 991 287 883 78 176 342 824 159 461 198 758 162 811 936 360 421 729 547 960 765
301 987 458 61 143 381 488 937 781 676 779 277 292 293 398 781 101 260 29 674 28 822 649 2 865 956 381 328 278 642 945 102 827 821 615 269 579 464 24 27
976 486 221 776 705 698 22 716 705 968 591 940 701 49 194 94 241 20 320 400 776 700 39 321 7 890 240 519 653 576 639 247 265 734 174 326 10 650 97 953
937 900 457 608 954 453 709 868 61 932 536 509 615 444 114 441 916 143 392 520 833 303 90 745 412 400 191 659 859 480 172 240 333 873 550 324 988 805 493 876
678 670 231 418 360 136 558 429 235 390 88 822 615 895 587 357 904 691 23 789 735 521 545 92 718 226 547 675 832 792 213 578 689 572 11 65 405 833 418 572
9958