40
7
298 724 471 190 824 371 811 636 653 858 533 167 339 785 720 4 663 501 123 668 542 533 376 104 453 468 770 293 43 415 874 128 778 137 546 422 934 845 36 44
396 881 547 79 144 829 960 719 22 901 401 92 468 902 723 518 697 707 587 393 387 224 991 134 973 996 287 294 979 285 853 951 327 493 210 634 215 543 490 146
146 106 639 942 105 248 758 897 488 744 252 897 78 648 732 175 814 543 828 627 559 603 634 405 737 615 9 484 309 963 397 665 985 527 390 71 134 118 714 14
511 581 100 907 702 61 146 533 987 818 909 673 561 596 410 451 50 914 611 415 400 565 626 336 130 599 400 189 735 210 160 597 856 904 450 316 904 471 736 940
529 227 607 249 922 81 222 787 491 191 563 335 814 675 365 665 137 687 644 973 192 353 253 732 862 304 957 624 959 693 76 692 593 628 619 851 257 365 987 551
477 669 395 997 911 794 392 574 297 749 496 39 70 260 702 804 637 180 799 417 793 732 347 845 292 887 194 174 769 771 70 375 127 225 91 500 447 294 39 74
119 789 511 758 608 459 102 124 498 22 795 995 693 490 671 320 124 922 299 758 411 81 579 288 3 355 416 476 931 642 661 738 646 671 399 290 336 936 916 900
565 434 982 814 994 554 285 326 768 607 916 394 247 269 116 228 730 749 238 940 538 722 749 284 503 251 996 324 761 969 329 884 843 129 292 530 118 453 913 427
11086