40
7
854 877 444 142 736 527 460 838 354 360 343 772 946 278 466 497 555 242 851 832 646 203 956 429 353 568 47 438 75 3 799 461 427 44 308 838 927 77 542 359
868 780 625 89 549 12 202 250 236 30 212 425 312 981 986 823 183 615 995 737 417 589 126 560 263 932 772 472 646 333 251 763 944 502 872 424 400 698 998 486
276 357 832 488 440 686 464 251 648 73 26 577 629 692 409 231 597 99 556 46 537 245 136 325 64 938 743 995 934 181 125 330 595 366 633 646 96 300 97 600
204 573 642 123 532 321 310 274 81 279 456 531 861 70 318 910 541 140 828 969 731 906 210 612 507 235 664 54 455 447 681 385 707 402 951 912 737 233 165 907
799 939 982 529 798 750 672 197 153 281 632 137 540 11 455 670 412 113 21 670 646 726 375 150 152 906 738 174 215 687 812 668 568 408 42 228 367 344 166 347
751 931 18 768 365 746 529 291 58 836 248 972 594 969 499 209 977 637 671 873 984 274 561 912 846 872 975 1000 427 909 445 268 798 219 274 179 800 673 104 546
488 894 235 423 657 8 945 422 891 290 532 510 814 499 457 754 979 709 780 858 147 292 395 215 220 373 400 12 845 925 853 873 128 8 504 776 193 715 551 267
614 698 793 129 735 165 672 488 344 278 487 519 862 102 177 113 351 875 692 231 329 652 726 390 579 488 34 356 194 829 817 806 625 196 711 231 50 198 325 913
9387