40
7
998 142 66 974 654 858 852 619 6 229 95 117 471 772 377 644 322 496 910 72 55 211 443 226 342 385 940 772 126 77 640 246 36 632 658 194 191 604 814 733
245 305 250 175 470 240 249 88 527 759 939 313 808 37 259 351 665 118 710 134 848 650 205 92 19 577 639 346 922 402 429 181 259 432 186 116 971 838 56 907
121 72 150 795 288 750 488 149 650 940 133 14 33 199 990 184 360 983 395 405 113 596 743 7 158 658 901 880 236 448 591 632 968 240 696 311 115 291 823 512
943 495 562 920 636 402 641 70 861 141 632 324 597 600 891 620 972 581 571 758 983 246 462 490 883 208 295 991 126 508 669 534 543 142 114 246 32 860 175 900
140 964 420 433 338 27 738 731 242 421 717 475 334 48 656 165 793 775 307 690 474 592 345 994 939 48 154 581 125 907 108 414 321 170 634 623 93 545 831 686
678 986 755 284 953 389 459 209 871 236 587 355 877 136 743 531 601 470 115 648 121 287 183 757 223 802 228 372 525 2 886 266 33 501 286 612 253 45 149 846
699 734 736 777 645 666 75 576 133 334 234 364 57 970 588 678 716 349 209 506 651 376 122 527 575 577 226 404 33 904 834 495 954 380 114 223 339 572 791 477
621 465 630 390 6 761 403 706 883 935 736 171 195 19 542 592 974 572 498 924 967 146 816 317 113 931 549 347 767 176 843 818 950 329 12 383 351 696 942 431
10954