40
7
795 10 269 143 219 377 18 265 808 136 93 266 860 246 18 375 279 973 555 872 359 136 211 986 968 277 3 615 296 69 808 291 636 948 435 799 601 100 81 644
771 321 584 63 191 623 177 326 24 613 995 582 710 161 748 233 87 209 983 365 433 543 666 168 967 670 549 161 936 137 357 438 867 447 730 12 586 39 886 11
617 389 253 303 698 908 815 226 689 849 97 426 60 715 919 139 253 882 204 218 285 236 462 322 152 44 473 165 162 417 285 454 37 675 871 504 926 147 528 858
62 416 858 412 716 450 693 479 925 886 556 891 152 692 102 70 571 189 89 641 593 790 679 523 690 790 411 231 994 207 428 60 682 696 616 652 588 279 636 430
531 93 372 193 930 537 983 508 620 617 37 364 378 310 327 959 816 208 991 579 669 160 199 81 573 97 593 942 505 91 626 414 442 526 46 619 558 338 95 145
591 775 389 75 218 517 770 122 651 121 296 46 84 456 332 592 297 784 277 897 981 157 436 930 941 84 745 110 503 331 249 700 581 638 510 803 214 607 488 320
160 70 533 359 924 716 299 926 878 622 227 65 629 843 944 88 469 785 345 381 922 999 932 372 649 68 741 769 641 313 775 591 863 891 433 252 192 750 862 982
382 176 757 248 626 626 894 234 540 352 457 767 546 109 853 447 489 157 475 378 293 182 136 131 609 77 337 478 733 986 375 698 377 148 97 16 717 115 124 690
8416