40
7
365 488 75 454 496 386 298 684 85 260 502 357 575 751 713 219 786 360 900 34 824 497 963 354 875 294 18 774 858 253 954 613 605 115 378 522 845 385 537 538
953 73 584 6 183 926 904 391 535 324 310 134 328 717 268 88 418 762 897 68 417 398 386 344 750 74 657 636 151 289 834 4 244 147 743 717 523 431 715 717
668 17 829 692 173 312 787 224 180 945 573 678 143 199 767 560 520 565 897 539 357 292 279 930 81 478 4 309 640 45 209 339 316 712 499 307 14 930 303 597
862 36 490 313 473 699 378 549 983 682 833 826 746 315 445 370 858 698 608 854 581 170 294 771 596 776 23 310 666 411 256 120 303 970 88 113 234 312 708 402
22 254 985 454 671 475 157 185 147 938 953 898 511 222 554 648 479 580 250 67 84 989 997 252 47 663 977 304 718 71 960 220 989 361 787 580 992 910 373 402
440 896 174 2 89 231 930 94 653 986 274 50 668 611 494 821 276 819 405 691 989 844 448 359 807 534 8 368 945 241 749 104 708 105 740 930 359 353 685 195
233 510 851 486 209 338 486 365 556 508 611 488 967 801 580 211 63 681 323 471 146 464 545 432 620 687 712 196 13 419 413 371 750 983 9 451 609 871 409 256
584 728 344 311 999 440 147 532 374 496 436 71 428 751 356 547 884 422 93 34 202 148 172 199 98 332 431 892 795 224 346 194 182 721 49 634 351 806 324 384
8231