40
7
357 358 798 589 828 966 364 770 851 128 594 832 660 849 74 465 467 896 287 502 565 709 323 565 873 851 167 785 46 577 102 521 311 781 300 902 173 958 564 815
62 932 520 126 282 113 568 340 575 903 837 461 897 69 412 833 946 234 219 425 63 664 556 589 671 967 434 695 739 974 788 888 847 489 394 389 765 458 351 784
210 532 972 552 364 733 62 12 366 217 128 564 330 605 531 430 821 996 385 919 612 979 840 244 483 616 996 231 909 386 581 43 230 251 568 122 209 973 610 325
758 102 468 7 759 890 97 372 375 974 239 979 567 312 52 42 735 155 546 926 125 271 990 38 182 114 923 249 629 494 682 541 148 511 398 37 215 257 557 574
350 52 113 451 344 232 570 771 996 527 790 192 908 428 322 992 345 533 964 1000 947 172 327 870 830 507 189 344 221 674 655 551 202 397 712 792 435 585 851 449
528 191 687 652 215 875 290 129 242 708 153 73 630 860 355 500 53 593 565 832 462 741 159 432 756 164 36 719 177 394 847 283 390 813 639 648 889 662 23 987
900 189 181 531 192 57 185 742 974 42 168 862 709 27 542 60 360 12 490 158 386 497 550 260 903 834 421 892 989 727 355 955 424 352 627 925 159 991 157 843
205 171 159 654 63 551 978 341 612 977 803 884 806 530 716 285 879 353 578 609 403 476 469 472 661 347 66 98 662 804 147 344 686 395 281 921 664 164 461 687
10181