40
7
410 367 72 221 10 537 972 121 695 640 663 825 457 787 132 583 350 55 435 424 56 165 156 486 99 314 932 790 500 927 993 487 880 397 995 548 849 323 904 820
424 358 142 160 964 103 462 542 586 231 735 691 936 829 34 774 463 214 921 313 870 200 101 340 271 695 33 117 731 504 226 310 253 124 859 157 195 481 792 389
185 497 102 708 202 849 711 195 502 742 840 957 914 296 782 78 961 563 705 968 123 605 229 116 93 951 911 68 156 782 708 749 526 63 821 157 295 376 221 119
329 232 521 47 973 133 829 453 265 889 572 807 953 856 962 793 59 758 1000 410 55 63 269 273 226 855 265 5 165 594 841 480 596 486 312 345 319 699 800 904
253 184 509 839 178 308 605 760 844 257 363 913 853 835 222 923 210 858 653 540 859 679 447 840 82 201 908 886 515 31 41 151 219 869 513 278 750 221 163 248
608 566 844 805 226 94 476 109 762 182 552 630 629 442 586 440 629 28 58 52 818 686 306 739 175 328 424 475 694 224 282 762 279 59 899 903 506 979 617 420
841 908 330 407 752 790 23 368 887 826 996 615 755 33 239 262 894 553 249 473 346 835 644 704 620 267 912 787 982 238 281 474 167 137 421 195 324 638 429 481
977 547 717 364 61 57 640 910 860 758 613 418 368 835 917 772 493 576 344 423 803 202 622 293 862 485 747 639 302 67 372 84 941 710 263 626 226 513 863 416
10843