40
7
261 756 493 34 113 138 158 984 542 554 809 855 445 225 925 949 324 347 598 822 267 917 690 683 446 271 300 291 256 63 678 686 435 66 120 111 855 988 572 719
28 686 820 845 962 173 291 205 92 855 277 966 285 766 32 570 354 30 730 103 623 394 835 418 329 605 934 996 823 375 813 452 815 218 137 504 285 260 21 970
248 915 330 848 119 720 996 462 82 823 968 593 533 437 283 600 346 212 319 758 614 285 202 186 345 270 352 622 795 340 184 591 650 195 137 813 115 718 38 105
670 353 590 984 458 179 271 377 404 720 402 866 165 161 709 147 504 579 179 885 853 174 164 614 406 230 939 589 708 219 284 257 966 775 293 92 548 476 739 234
518 806 991 253 530 77 477 211 573 8 248 950 677 560 492 8 343 966 160 715 400 443 773 830 769 821 205 584 290 924 799 405 755 90 101 94 733 370 337 415
704 881 888 776 893 855 897 852 556 493 102 876 488 534 386 950 332 117 366 651 778 124 479 196 876 832 45 439 211 896 225 63 165 811 740 399 661 928 497 47
330 186 949 811 291 344 690 676 456 472 326 640 43 344 313 849 25 422 307 403 607 586 952 405 312 68 136 352 129 386 233 85 487 598 39 590 914 130 38 34
514 771 711 191 306 615 17 786 307 615 75 489 430 773 405 905 589 587 264 581 539 102 982 589 895 684 233 673 76 782 76 293 359 562 664 328 2 305 805 874
9877