40
7
622 952 699 988 430 280 495 12 555 143 457 432 455 326 965 346 476 826 934 3 224 196 870 177 244 686 656 685 358 147 722 292 734 288 651 109 118 855 953 387
95 500 867 482 815 508 52 356 530 549 4 512 507 331 121 637 27 268 906 930 967 603 534 315 920 950 328 549 855 487 278 313 143 52 219 691 60 151 331 527
118 349 866 924 897 146 316 671 18 539 803 632 367 577 794 777 349 281 425 972 659 656 514 853 553 452 585 805 525 607 218 502 944 368 794 560 762 758 443 917
289 805 635 16 485 732 573 819 460 334 379 517 824 436 640 399 658 291 799 665 206 936 460 222 192 454 259 776 583 213 384 401 749 75 247 839 851 809 465 326
484 371 994 732 910 539 85 33 792 392 569 792 433 416 861 454 712 580 899 808 966 766 621 159 28 933 168 465 496 529 598 191 292 910 270 350 117 342 556 866
132 646 513 936 277 699 614 730 487 794 438 983 262 84 328 771 715 281 861 499 206 223 18 547 668 193 977 160 917 96 688 829 278 888 868 449 177 341 433 68
727 769 538 686 185 918 515 409 378 866 981 584 147 491 391 157 695 601 402 592 181 496 231 15 193 261 406 202 404 322 349 639 1 242 326 136 454 766 111 361
128 916 585 696 74 350 585 530 642 467 210 370 81 300 732 66 794 74 86 227 616 777 816 808 128 355 430 71 676 130 723 903 404 667 94 505 295 18 651 155
8568