40
7
477 165 800 453 49 364 66 383 329 462 200 262 378 363 249 506 395 93 420 72 411 481 160 984 926 462 947 225 377 99 148 233 562 298 746 533 723 346 679 549
533 662 202 990 272 75 204 120 883 346 887 718 215 203 711 640 61 918 290 98 966 42 27 799 324 608 990 448 821 363 173 457 27 95 360 41 111 409 105 254
34 824 903 366 496 682 347 211 780 799 141 482 308 104 270 189 533 701 529 808 799 632 277 555 718 232 798 596 262 44 880 928 553 816 926 966 931 558 329 373
644 734 353 689 227 472 609 255 230 639 775 488 806 475 522 872 68 352 481 658 681 510 223 639 963 376 218 230 914 692 294 697 122 999 830 472 787 300 316 791
715 631 477 467 814 943 604 893 707 925 201 272 667 565 483 301 182 670 708 345 657 920 126 745 67 466 873 709 635 762 169 527 90 811 150 707 525 438 24 153
74 110 133 710 664 123 861 363 801 557 727 776 320 634 21 844 313 389 206 505 436 45 565 215 87 241 332 894 694 408 906 732 776 163 921 444 895 592 428 59
155 598 314 240 4 615 803 532 481 467 920 336 712 151 893 932 322 17 219 105 36 564 762 960 987 830 463 312 54 780 76 920 478 280 269 358 402 885 320 665
941 56 318 368 497 750 45 532 779 344 913 881 247 168 140 987 922 959 626 428 342 854 219 620 2 624 906 704 410 498 52 335 850 223 806 546 887 919 915 564
11089