40
7
685 338 125 672 356 738 581 834 879 432 421 425 840 649 939 814 380 163 674 12 916 555 194 795 254 311 975 715 701 914 696 404 676 797 483 403 829 127 589 431
721 974 214 586 984 225 175 43 911 246 655 514 101 578 727 930 829 927 14 982 942 573 163 962 28 130 175 997 163 450 106 511 40 267 830 972 823 393 583 247
720 385 593 246 737 223 888 211 223 371 374 815 118 94 251 324 32 811 732 882 909 95 40 657 185 852 523 17 14 284 790 626 973 131 689 602 992 899 225 730
814 957 326 311 710 752 223 449 696 465 455 454 246 501 936 175 536 824 929 244 87 348 522 293 883 326 916 651 996 620 959 832 676 413 291 566 781 747 567 667
997 433 370 697 111 675 633 351 852 959 750 409 705 752 537 37 1 134 694 527 482 915 369 555 721 596 51 775 295 586 466 781 934 761 431 422 873 121 118 917
873 220 999 603 962 940 525 377 355 104 209 646 220 195 532 410 803 687 567 582 735 731 530 938 622 15 809 556 601 48 922 585 120 974 234 950 489 89 134 809
413 703 228 755 784 490 738 523 126 380 228 740 410 164 985 960 453 180 659 417 641 882 994 11 147 675 610 82 511 126 177 595 492 370 732 503 125 919 261 66
505 554 251 490 204 919 551 380 274 492 277 374 161 29 942 581 254 776 598 833 577 955 619 769 970 610 141 123 965 366 697 353 657 101 244 368 4 295 486 849
9797