40
7
438 90 826 868 987 245 293 423 90 323 340 652 837 805 466 29 236 178 755 442 949 202 582 972 30 311 516 711 924 455 438 815 544 58 913 136 773 356 292 254
725 638 108 649 76 426 905 326 269 590 774 751 118 183 133 714 82 294 869 453 523 784 856 211 20 203 693 883 632 519 933 785 132 122 364 840 496 27 743 806
245 638 641 199 46 119 602 598 695 482 439 288 44 27 401 66 307 840 91 445 653 543 390 910 866 913 962 946 426 709 901 998 508 567 213 205 486 343 484 528
972 167 314 838 635 452 802 471 593 519 624 265 997 712 862 720 399 875 30 28 958 210 109 403 597 222 188 422 177 929 11 73 942 750 822 632 494 23 787 833
543 488 307 20 105 124 345 153 442 585 45 986 507 996 16 237 234 857 759 601 221 110 705 818 79 656 331 732 407 750 45 391 655 655 371 108 925 539 807 510
228 877 641 623 838 33 550 777 46 980 217 330 535 840 576 246 729 669 19 424 99 664 310 921 509 596 617 787 45 585 702 156 351 743 114 435 742 328 986 441
127 501 838 280 405 848 340 726 688 219 312 545 623 799 881 90 606 415 428 19 622 887 775 729 701 491 602 6 775 40 602 387 971 113 807 231 275 785 520 443
9 263 780 688 621 837 253 400 547 434 77 983 197 128 982 728 812 919 46 944 918 588 685 11 918 974 164 551 212 181 203 30 453 536 126 843 148 845 39 315
9694