40
7
140 710 253 188 698 881 126 652 326 645 886 852 208 829 205 187 936 665 498 944 269 935 340 467 887 448 139 234 965 563 948 377 932 150 52 690 690 409 688 611
490 404 155 467 862 468 571 542 950 442 194 997 637 323 749 214 830 555 151 854 517 621 181 951 846 288 184 586 398 537 106 736 816 228 44 572 411 695 53 755
330 304 992 680 970 819 944 836 258 185 906 845 765 918 257 279 592 369 47 685 889 193 831 223 263 383 866 488 357 876 165 726 863 438 605 791 687 769 978 357
2 583 530 180 945 678 90 609 483 802 735 270 434 434 342 541 224 570 339 105 100 573 625 332 307 506 197 868 991 631 919 972 299 44 846 746 354 120 880 57
20 87 472 35 100 955 257 511 358 889 308 791 131 148 807 518 501 462 120 421 178 12 222 244 791 386 607 150 604 615 665 957 374 448 115 838 927 961 215 139
111 42 195 698 292 639 305 663 95 426 658 75 439 698 450 212 288 553 501 825 355 348 760 57 89 823 411 88 426 311 194 188 712 518 427 714 440 997 975 663
493 360 116 32 719 212 624 541 507 332 40 87 36 20 700 959 950 774 464 273 614 59 326 115 166 314 487 334 730 5 662 807 975 6 132 278 7 919 611 959
433 205 684 924 585 789 855 364 29 112 762 881 67 683 33 178 417 851 772 661 45 186 313 285 563 730 270 607 772 867 722 885 817 277 602 945 251 72 900 786
10590