40
7
541 560 796 186 197 166 856 325 590 75 738 975 321 639 874 741 346 550 590 5 328 99 704 831 81 979 523 106 200 200 664 269 588 818 322 597 244 569 886 476
482 947 965 998 130 144 36 218 658 354 99 949 645 504 519 611 809 319 440 141 926 408 828 703 249 222 244 350 445 920 884 323 662 65 62 852 97 777 333 685
917 606 775 235 25 119 839 918 363 455 626 94 300 160 39 791 549 105 468 622 502 217 290 420 22 124 300 465 305 1 338 430 446 291 6 362 78 199 419 528
951 147 717 346 978 186 823 253 496 830 233 483 504 109 79 489 201 223 658 386 671 911 5 977 784 740 988 579 348 331 431 754 354 369 101 285 251 827 722 2
141 434 76 233 848 890 321 986 242 595 828 492 339 794 807 965 858 86 965 722 122 800 442 34 80 545 407 92 124 666 334 343 410 469 70 364 933 923 472 369
539 304 85 206 649 746 3 487 662 5 679 861 955 20 167 798 267 250 474 118 410 238 495 401 27 969 856 400 866 354 870 489 801 482 817 24 29 880 206 269
281 744 886 465 42 553 806 60 464 543 891 480 434 44 671 688 584 327 650 869 937 933 377 249 45 886 49 43 64 927 568 386 790 449 173 777 395 283 463 318
691 101 924 168 981 155 9 261 389 906 924 946 258 943 673 347 334 658 684 435 855 784 923 301 232 790 750 128 819 728 104 932 293 505 930 637 443 604 955 593
11547