40
7
92 652 706 607 300 206 253 801 760 544 557 420 294 325 620 504 392 265 884 878 700 431 563 82 581 608 530 405 32 987 402 996 999 438 293 447 763 120 606 62
212 575 236 193 675 54 320 796 900 583 627 370 248 639 466 577 725 71 73 777 367 249 829 473 839 632 123 897 679 312 985 248 673 792 191 42 223 970 939 368
403 642 159 729 888 556 403 422 993 631 335 724 861 38 814 662 64 331 611 465 560 477 35 53 422 688 665 109 41 873 944 855 206 903 770 194 874 778 333 986
418 616 460 543 498 45 849 13 682 695 947 270 155 987 630 150 363 283 419 502 387 817 936 828 733 658 968 237 896 871 432 802 823 505 37 409 767 225 757 712
732 565 432 597 932 328 484 382 916 804 633 555 352 32 698 199 538 586 836 38 77 696 98 869 57 33 725 281 719 589 920 933 897 334 198 399 910 881 489 563
575 521 919 430 523 28 382 955 552 429 348 562 294 478 125 406 435 160 346 562 317 402 702 54 606 780 707 733 546 177 150 20 324 948 353 832 471 644 637 575
305 422 924 446 874 85 100 35 308 128 552 876 435 16 210 708 205 544 217 68 524 377 163 522 265 40 302 456 382 950 893 343 658 589 292 992 901 354 696 903
277 117 494 587 291 877 849 684 553 490 235 962 525 228 588 89 54 88 533 454 549 682 981 627 22 972 179 393 226 558 543 355 342 865 430 330 714 731 328 926
9864