40
7
296 598 444 680 921 16 579 891 527 326 693 518 427 39 387 250 256 804 675 615 471 32 667 75 119 167 651 678 395 563 316 551 480 52 101 793 109 708 461 413
495 139 610 326 628 433 490 181 361 540 977 982 519 616 997 543 627 270 776 658 845 929 651 987 173 860 314 156 858 777 296 624 261 59 65 991 229 360 746 697
887 109 71 249 409 433 818 892 677 170 726 33 546 920 581 336 993 875 347 624 844 206 816 894 170 81 852 745 116 321 371 754 965 514 949 569 384 466 6 221
651 295 611 626 638 398 547 844 813 63 384 376 468 288 779 449 199 665 957 1000 254 60 365 392 103 471 952 602 293 676 709 585 359 771 517 483 192 654 691 381
354 215 939 224 489 600 264 181 988 512 43 284 459 784 395 615 568 221 508 452 291 651 178 315 809 748 829 808 482 14 709 523 490 716 282 562 702 233 233 471
504 537 477 871 371 35 492 684 813 717 62 587 723 254 779 549 456 674 711 430 406 537 100 652 897 456 450 290 964 64 642 553 301 26 202 55 919 583 579 847
848 112 125 814 335 759 265 691 271 62 893 578 298 234 791 448 598 601 403 184 303 67 856 919 379 140 624 800 684 312 11 243 465 831 940 633 920 148 918 529
401 154 852 597 106 86 952 354 223 21 641 766 579 606 780 318 193 307 389 646 439 611 880 661 415 245 876 370 930 646 746 985 680 948 188 516 384 604 657 230
10491