40
7
403 168 430 80 978 609 578 786 178 234 377 825 90 624 74 809 253 617 372 149 137 568 526 238 60 42 434 230 297 963 263 902 266 186 218 906 287 414 374 22
656 100 611 141 611 118 459 860 157 518 521 961 729 602 356 65 433 19 228 671 904 932 380 793 460 99 870 390 939 738 696 149 464 550 789 777 466 374 582 739
775 474 513 653 67 197 963 759 115 961 305 518 903 282 623 387 379 193 241 543 901 495 946 427 415 53 977 708 613 549 406 406 999 745 712 969 224 763 509 667
252 362 667 506 701 911 632 728 957 736 166 461 478 788 214 746 45 245 719 624 695 865 721 913 315 809 908 740 157 43 264 855 993 193 461 592 997 195 856 650
604 540 262 282 721 408 143 887 814 877 993 403 318 326 341 193 65 305 118 909 802 753 142 353 590 442 955 29 549 661 793 539 611 876 785 961 503 667 554 635
87 899 857 80 422 154 843 151 408 571 149 282 109 89 158 449 487 764 146 771 413 951 262 170 820 506 811 439 141 234 405 281 326 111 546 68 490 122 874 838
229 54 117 417 912 628 639 643 401 390 356 666 894 468 763 147 623 756 44 880 644 393 856 215 479 462 608 956 862 984 113 299 151 177 305 484 814 113 462 669
480 379 560 63 459 428 182 596 193 48 362 850 610 389 766 573 945 891 363 15 666 259 225 680 889 871 605 294 947 129 85 614 911 793 806 707 921 733 614 217
10559