40
7
753 443 838 164 255 930 580 5 419 564 250 744 306 790 39 524 543 812 591 375 931 652 552 755 229 32 622 327 446 390 822 961 573 375 608 279 366 454 601 443
108 89 295 256 672 414 708 490 445 976 764 853 765 327 497 422 555 880 210 33 729 11 288 74 88 691 141 513 338 408 242 737 929 467 32 451 849 752 447 69
801 525 988 140 366 224 379 332 802 735 868 514 659 728 790 815 553 293 699 742 955 224 189 413 695 140 193 719 703 725 225 210 168 888 116 519 135 87 632 647
147 253 819 526 294 108 595 632 696 551 415 355 456 918 467 620 668 918 163 131 428 419 748 678 610 948 580 431 535 316 91 132 137 859 961 788 151 64 519 804
371 315 647 38 900 979 408 297 959 964 361 769 833 738 542 184 63 312 294 31 705 979 677 795 249 811 286 406 925 496 944 423 930 100 839 687 528 771 874 19
448 592 969 172 528 522 131 207 294 169 750 435 299 353 850 535 664 59 909 376 780 736 559 990 385 401 705 806 97 43 581 209 778 229 469 188 815 583 833 838
361 74 659 449 586 595 978 637 874 480 650 482 802 582 107 933 562 599 164 476 893 472 631 946 961 266 216 184 147 440 699 113 626 87 841 391 764 951 610 608
3 401 717 207 691 478 364 665 13 615 683 132 600 584 667 89 894 224 584 91 586 964 863 634 132 601 829 67 3 291 47 741 746 919 424 683 799 206 526 825
9794