40
7
759 350 771 231 890 555 971 64 639 880 879 558 908 590 723 802 364 336 465 198 183 107 178 961 963 81 948 289 982 731 180 948 139 762 458 563 907 354 273 672
238 928 30 179 156 84 21 693 369 922 580 212 883 218 927 88 82 769 209 96 808 569 390 706 744 96 954 227 318 93 474 15 576 286 79 521 559 941 32 846
147 845 277 240 107 596 951 71 623 220 830 630 600 372 862 985 414 782 225 230 109 967 67 379 313 218 797 393 932 806 915 117 251 446 713 681 373 66 147 903
113 611 469 393 905 84 790 534 605 664 1 508 494 111 379 744 754 296 681 489 81 18 419 247 970 164 445 195 324 415 106 231 242 957 221 108 607 937 12 844
276 649 129 409 277 582 985 619 875 860 820 215 841 120 900 375 953 533 257 767 770 777 281 777 679 141 481 647 255 479 626 860 310 837 535 686 661 84 678 486
392 954 94 105 561 59 882 958 423 412 923 751 387 678 258 358 220 581 200 407 551 462 213 434 376 255 180 774 633 743 300 444 113 684 472 421 153 363 539 201
608 228 817 355 306 604 779 934 315 266 153 90 983 911 488 715 265 183 196 498 575 429 999 559 740 775 519 978 722 221 827 39 125 578 852 842 79 796 641 329
400 207 743 907 730 107 576 682 673 155 424 788 460 922 436 496 200 106 872 180 26 580 588 485 489 203 35 851 852 873 285 618 677 848 521 784 927 179 79 464
10214