40
7
798 419 283 113 183 124 127 928 74 215 976 520 499 275 187 568 712 971 290 173 448 883 968 863 711 165 965 235 132 875 933 746 978 818 295 203 768 955 598 752
617 129 476 550 884 158 889 995 58 503 195 873 905 37 419 387 722 740 463 748 465 546 832 747 738 297 852 637 955 17 731 495 459 53 949 319 792 688 984 421
527 986 957 518 445 691 558 350 257 736 788 218 108 958 573 468 951 783 252 639 613 236 940 683 764 154 643 629 755 568 191 341 641 215 362 307 128 796 959 107
189 947 280 244 705 946 829 609 1 379 477 511 461 873 797 779 916 668 678 84 763 211 923 662 830 138 820 121 319 36 794 744 150 930 532 45 650 451 996 306
987 783 498 28 836 970 631 214 648 187 124 163 503 548 882 821 991 453 632 595 713 212 103 725 297 198 557 136 912 730 704 558 687 544 382 361 958 289 114 356
153 994 119 897 916 619 721 942 667 14 95 611 180 585 51 509 606 358 606 971 192 462 206 621 997 513 518 472 263 922 307 75 884 104 717 177 61 497 147 162
961 207 514 742 731 288 26 69 435 336 553 961 429 537 505 278 900 16 371 861 1000 13 87 229 192 665 79 929 266 884 238 525 972 783 750 73 522 574 28 944
255 185 436 513 661 868 830 57 13 651 159 916 130 209 59 937 659 257 54 8 739 964 437 326 141 298 837 120 201 787 100 889 263 344 492 379 124 73 717 491
8290