40
7
208 122 95 500 150 519 298 744 102 170 573 817 217 473 300 986 409 899 77 659 201 139 122 746 175 386 86 981 973 921 358 175 740 413 9 194 748 251 956 766
617 185 643 48 327 844 736 341 403 393 169 755 716 310 983 301 937 640 209 124 522 385 514 563 28 419 652 637 582 418 324 207 954 669 434 640 594 285 134 850
260 219 459 708 90 226 272 200 153 274 253 958 128 326 371 96 105 134 255 264 17 335 472 122 287 486 870 708 224 785 362 427 908 852 46 781 242 294 503 743
151 847 714 601 360 253 885 873 251 279 863 705 183 855 865 56 175 542 851 341 902 676 295 80 469 736 798 212 549 539 474 693 502 970 717 777 893 527 948 549
471 927 143 492 198 11 69 653 46 103 649 158 250 838 633 518 788 850 72 742 981 131 764 794 790 755 687 699 562 598 915 601 179 178 933 369 430 791 149 506
21 167 885 70 911 896 786 209 725 939 66 527 24 581 47 204 421 373 947 591 139 218 532 576 379 405 148 767 769 214 731 502 540 771 770 10 901 970 323 825
987 792 577 645 552 164 741 120 67 662 780 816 949 500 952 395 398 673 992 796 10 711 369 459 640 541 216 132 847 356 729 563 792 319 966 684 111 631 398 737
957 373 657 153 993 266 660 992 715 432 579 62 379 212 24 774 557 73 822 963 299 259 222 179 367 527 48 309 993 33 557 701 789 222 963 674 220 570 435 912
9961