40
7
682 614 757 161 412 886 577 412 805 450 856 344 35 770 525 321 783 685 734 272 298 666 708 212 309 929 133 307 318 33 82 402 37 844 794 551 1000 550 821 155
847 676 14 202 709 470 477 778 143 394 247 564 652 101 676 879 121 433 185 257 478 119 828 661 339 97 178 45 863 534 845 173 313 858 699 200 837 531 53 192
490 291 181 827 896 165 957 688 281 124 539 33 344 273 875 238 82 277 516 574 145 972 887 814 614 114 306 918 815 473 6 481 731 3 339 117 381 922 674 239
623 355 668 436 419 314 301 538 520 203 846 772 88 756 245 14 221 352 618 739 380 704 68 911 324 377 212 18 344 946 931 697 879 848 227 509 4 995 753 304
996 702 160 315 686 460 134 225 892 81 376 556 13 530 12 120 955 983 868 755 597 403 692 703 96 375 507 563 367 899 574 228 633 993 154 433 312 239 252 392
605 317 128 421 153 447 765 203 181 790 325 823 106 396 828 365 422 494 669 521 347 232 181 153 684 875 700 115 307 546 800 886 64 489 226 613 56 443 623 903
900 451 328 800 763 92 901 788 905 280 640 488 671 250 57 528 877 307 580 531 784 404 925 129 70 619 756 938 551 846 545 15 730 483 622 377 261 34 375 804
585 776 792 646 876 387 840 555 196 640 414 295 999 155 902 445 291 644 376 835 116 590 381 378 659 260 276 693 613 138 879 819 973 417 782 679 781 890 268 259
11250