40
7
972 96 671 782 493 105 447 5 638 380 773 774 328 972 207 583 385 570 965 229 222 662 74 158 284 446 384 155 565 189 932 470 536 115 119 466 495 656 718 88
237 925 572 496 16 194 669 753 101 738 882 565 532 522 680 865 675 620 130 12 826 157 621 205 593 707 835 117 318 362 737 891 601 829 572 279 465 71 280 435
342 753 902 472 175 240 884 141 399 340 87 957 375 346 597 749 150 446 668 21 624 382 552 865 458 669 877 482 12 253 220 554 938 517 45 670 943 957 231 207
722 417 343 140 508 707 78 85 59 52 231 514 255 721 421 427 245 318 569 852 77 893 81 127 383 837 27 633 904 951 967 847 226 762 481 781 95 482 970 6
733 979 791 389 972 939 145 415 449 166 498 860 779 938 576 715 941 477 543 797 618 891 810 801 97 821 841 435 598 149 97 205 899 610 759 451 730 591 630 294
456 308 336 360 141 934 514 507 980 117 522 911 315 144 767 543 288 723 452 404 511 170 444 705 878 798 264 640 249 537 114 518 975 806 900 123 837 247 268 877
684 229 945 179 366 578 572 914 113 285 172 253 924 391 835 122 345 613 995 665 152 694 577 24 72 449 356 770 899 518 571 835 93 798 731 297 980 347 775 845
288 563 513 193 970 705 5 153 281 50 45 948 987 263 414 795 949 131 472 89 445 682 799 316 779 160 906 172 792 677 30 907 416 111 534 850 808 554 525 480
9879