40
7
958 211 568 933 7 749 781 783 706 548 630 683 22 713 782 653 594 102 577 10 584 362 888 687 179 953 537 457 209 927 76 31 189 564 942 856 35 978 615 563
236 154 356 167 183 363 964 100 805 844 394 229 614 953 656 972 546 659 141 658 514 898 405 428 356 290 741 988 779 620 687 204 652 411 376 399 209 968 221 94
478 892 90 742 122 804 548 931 706 642 507 352 272 740 971 657 636 894 515 799 729 423 546 774 749 345 746 703 574 248 467 850 447 590 299 755 633 343 362 267
482 670 105 132 374 390 153 221 449 134 872 130 721 142 955 134 330 200 39 440 283 92 171 744 995 434 542 68 159 612 421 389 250 742 306 493 608 707 484 832
772 702 198 130 108 244 413 521 719 479 774 896 762 9 365 852 699 842 864 764 482 345 477 847 350 567 456 803 390 486 574 21 457 743 360 534 217 1000 83 320
833 579 527 966 673 343 845 890 5 657 755 465 376 891 74 271 34 338 654 638 226 103 274 52 309 202 469 702 413 908 578 472 332 226 518 793 690 542 737 704
867 98 535 377 447 820 842 675 1 814 369 686 994 119 432 986 598 558 422 228 273 72 434 176 618 660 53 158 328 358 113 173 190 401 950 935 434 806 188 973
595 203 763 169 856 712 232 114 672 919 809 804 142 153 704 307 143 104 737 667 647 349 852 866 908 878 265 680 407 717 916 472 857 243 286 434 804 989 141 530
11023