40
7
766 766 208 746 297 289 989 413 658 589 469 297 999 68 749 651 500 567 514 621 533 925 661 19 142 660 748 646 179 89 180 878 620 672 411 719 184 920 895 735
281 651 172 80 902 125 65 614 538 715 488 350 376 808 590 180 18 803 260 119 901 397 246 133 852 734 946 180 751 704 998 136 998 277 794 945 126 296 508 958
87 339 932 411 331 267 51 1000 951 373 535 233 642 474 8 457 822 438 921 831 422 672 876 93 927 666 829 74 31 21 551 710 327 805 24 358 341 353 585 653
512 435 61 629 799 17 936 84 438 644 431 231 801 658 732 505 611 193 271 856 430 665 595 607 777 309 469 744 111 512 224 649 137 524 624 438 364 782 667 342
303 661 294 275 499 861 480 805 356 619 400 825 732 123 540 489 42 688 583 265 3 306 401 119 36 941 38 115 894 62 973 185 298 461 747 533 181 281 226 233
384 980 549 113 958 61 117 751 766 603 482 70 825 29 407 151 242 719 781 390 960 20 266 373 726 392 385 108 557 261 268 340 724 867 880 786 636 497 57 146
824 105 610 21 91 277 609 923 481 409 953 543 438 481 845 915 640 868 28 407 774 400 363 588 485 880 96 367 639 652 824 308 762 463 461 10 933 770 483 482
808 432 101 779 695 402 667 925 552 142 889 755 62 592 635 840 428 702 375 772 525 626 17 424 133 707 759 402 876 996 483 505 924 359 106 777 723 676 379 962
11456