40
7
643 80 701 282 161 894 378 5 72 461 19 500 890 828 150 480 124 453 68 27 45 957 876 85 75 485 679 735 293 557 32 564 61 818 394 6 847 552 164 983
179 774 831 965 888 983 149 791 867 989 718 922 126 479 556 582 961 511 434 823 85 858 353 46 54 817 645 575 762 87 901 822 187 512 441 699 527 183 844 457
732 195 303 190 14 922 318 290 719 67 292 131 273 247 754 498 486 597 605 337 326 352 956 282 410 190 72 425 940 86 972 470 330 357 995 211 242 490 284 972
640 538 49 614 531 705 563 866 518 643 269 119 888 66 262 414 993 738 693 346 156 415 669 494 293 924 617 657 336 579 68 337 402 149 901 320 14 433 218 350
262 9 808 133 672 571 572 899 321 538 664 829 474 608 844 286 501 224 295 23 636 529 839 880 146 581 715 762 522 573 375 911 695 7 750 685 930 916 551 851
426 153 805 604 580 700 246 261 766 388 625 131 879 56 258 998 962 298 321 501 978 106 884 479 36 619 767 79 14 922 906 966 90 413 823 383 239 508 285 693
308 886 773 757 81 484 954 216 997 868 652 97 880 459 838 931 399 564 626 413 180 53 879 368 837 922 186 897 782 722 376 183 264 393 470 732 299 704 385 352
534 362 373 212 395 457 197 978 364 399 16 885 930 719 754 322 406 578 861 956 338 152 798 204 120 646 385 963 482 659 149 911 542 732 444 117 698 294 456 845
10317