40
7
999 322 925 515 499 97 45 70 643 152 863 769 977 855 812 623 424 588 880 86 975 462 350 25 796 211 394 505 842 81 715 376 532 41 636 983 812 817 61 4
953 740 646 247 127 629 736 274 38 384 908 961 731 986 18 518 215 937 228 485 568 688 244 463 881 232 49 122 242 687 171 209 802 813 537 174 43 120 22 59
738 184 237 145 68 198 458 552 355 199 996 64 790 851 285 222 392 710 145 690 211 887 908 8 961 840 217 291 712 336 13 143 333 809 176 251 62 856 64 154
781 51 890 733 22 941 512 800 943 608 278 979 455 124 176 104 776 54 600 463 447 953 331 350 394 6 908 403 485 865 483 539 731 176 27 807 301 507 75 447
321 242 172 917 264 588 770 289 751 240 59 879 359 554 825 77 309 454 631 49 716 506 478 182 82 678 843 392 606 43 321 325 617 799 585 364 411 13 771 875
831 360 401 607 366 897 440 825 717 618 42 990 755 721 744 186 12 549 270 160 822 975 371 378 321 311 666 8 973 954 916 886 933 186 680 11 27 520 496 174
111 53 486 335 156 326 753 642 670 162 578 851 469 650 521 47 399 925 526 846 892 206 774 850 166 697 922 129 614 669 869 973 493 329 498 393 589 903 607 945
595 654 77 493 265 842 251 506 187 702 40 790 703 822 34 991 676 441 935 261 357 53 13 876 218 785 948 70 550 851 914 348 192 268 813 504 383 527 592 936
10232