40
7
997 716 275 608 424 512 771 824 322 621 811 201 340 522 645 894 500 905 749 450 512 296 839 243 593 321 350 396 927 446 328 52 716 853 188 218 681 675 167 118
22 612 964 764 23 434 781 720 444 654 794 728 309 160 98 582 853 580 50 79 448 258 674 23 759 707 667 46 311 595 649 575 486 555 213 498 398 24 44 163
943 568 84 751 331 333 250 50 54 149 208 51 190 453 380 537 140 944 282 837 705 739 260 326 573 319 552 481 415 278 252 904 101 501 508 233 12 105 93 250
643 295 318 810 839 740 645 552 144 390 59 310 623 155 801 523 49 609 542 732 401 318 752 859 383 771 423 883 872 285 330 564 503 827 660 983 936 274 764 452
384 382 903 55 274 921 409 154 183 761 669 351 222 493 992 578 687 692 167 520 178 813 480 637 421 676 746 328 588 978 523 983 96 160 505 143 559 875 68 115
650 794 555 645 441 962 501 444 771 762 780 140 188 782 129 475 430 84 141 684 561 735 971 13 863 196 229 759 389 452 625 151 651 89 613 24 563 295 397 727
641 273 40 631 474 170 877 136 280 634 210 624 897 393 181 173 726 457 536 381 833 689 509 971 138 343 430 117 455 838 835 110 157 650 280 701 807 271 465 805
797 484 13 947 335 694 455 202 541 246 941 978 835 847 62 942 276 970 473 708 553 891 92 118 210 648 214 529 90 479 973 399 882 58 151 768 434 957 612 638
10721