40
7
557 65 780 165 883 538 913 826 22 687 330 363 475 824 287 207 130 508 933 86 469 854 113 602 175 533 794 267 594 970 196 386 100 900 16 327 152 425 673 54
173 636 1000 827 165 634 296 295 452 532 447 725 302 140 379 484 744 160 703 767 39 722 458 746 28 976 802 90 765 233 333 369 25 251 339 307 549 204 239 280
392 634 840 86 68 410 172 602 855 682 61 987 609 31 98 763 112 615 213 943 725 837 524 808 858 360 671 433 772 772 758 674 118 737 555 208 771 922 284 160
69 770 436 882 50 173 40 148 587 30 947 802 108 575 207 714 692 308 54 878 384 18 435 426 228 232 701 457 648 352 682 992 853 944 778 873 96 430 521 903
620 39 823 552 869 12 522 399 574 897 444 637 715 62 697 215 167 498 294 968 428 392 123 248 513 974 747 86 691 549 342 508 509 308 288 830 25 935 875 917
540 792 581 254 213 310 929 273 334 43 516 763 881 159 245 203 637 184 224 119 579 530 708 621 82 493 762 844 86 533 321 523 362 111 107 846 543 734 22 239
536 611 603 323 522 372 776 291 901 914 477 592 425 250 562 355 19 955 954 669 38 173 807 573 585 95 64 727 963 948 300 432 519 180 823 310 740 164 444 977
561 413 607 133 383 660 157 682 305 704 602 443 174 425 692 436 666 177 692 492 253 20 17 183 566 862 761 13 259 100 133 239 765 576 110 552 678 488 314 407
8350