40
7
706 794 786 132 858 530 830 8 943 370 904 582 902 634 186 203 450 162 229 892 648 1000 822 191 948 591 969 652 828 104 343 477 878 598 508 327 417 216 95 505
769 1 136 947 854 563 600 835 205 759 195 349 303 104 707 640 403 911 119 423 547 435 296 129 315 716 814 726 580 799 485 131 73 413 123 241 857 792 319 159
790 219 962 567 326 276 550 391 318 253 128 740 900 281 154 294 567 524 257 511 619 85 339 843 906 254 567 500 476 64 657 334 781 885 910 388 173 775 16 769
115 683 508 818 14 522 472 766 503 78 254 890 320 669 352 931 132 903 983 903 798 862 615 454 250 748 743 394 118 999 612 773 391 857 507 479 142 215 62 148
439 512 755 624 385 678 669 90 742 949 646 71 636 361 23 403 448 481 379 581 706 40 925 416 828 561 434 255 836 682 635 392 675 864 214 909 620 416 498 926
381 973 637 531 14 217 173 703 843 923 992 917 851 83 835 406 347 688 892 16 475 537 512 780 615 332 265 307 985 2 913 864 31 584 595 906 416 539 384 486
70 559 140 363 498 327 581 859 889 369 825 922 759 505 385 659 38 660 463 244 834 62 529 663 775 716 845 471 405 507 295 555 18 936 475 469 830 365 881 442
340 945 549 757 672 219 385 777 65 275 205 313 115 635 895 321 978 268 164 775 365 768 701 997 934 230 664 761 423 795 187 381 758 597 949 869 294 489 917 174
10953