40
7
163 651 431 28 211 126 43 605 113 186 109 845 901 247 250 882 168 478 977 290 679 85 939 765 415 810 957 570 208 246 889 37 82 782 368 628 860 694 283 27
366 555 243 653 628 530 485 753 416 793 332 111 785 704 537 759 560 336 132 486 83 782 211 118 64 877 617 957 241 162 161 495 859 555 294 344 844 556 680 333
660 821 627 183 424 200 742 16 361 388 718 821 321 490 501 759 225 84 434 717 700 438 589 391 928 156 979 464 532 262 832 713 357 760 704 560 369 437 308 874
832 940 800 275 912 330 712 318 982 10 558 375 245 268 19 165 352 124 344 489 641 47 249 853 564 488 300 831 644 306 215 97 989 944 948 105 770 40 152 177
109 148 661 940 810 753 49 431 209 376 1000 41 724 186 136 914 12 395 114 636 634 146 357 268 416 199 701 713 897 709 774 60 627 181 353 585 629 23 61 643
377 828 923 347 909 895 95 533 833 78 69 872 472 135 876 318 29 812 794 798 614 248 122 725 293 250 523 976 199 565 145 767 973 583 797 412 185 250 948 464
598 180 32 44 968 316 527 30 3 299 44 938 437 284 544 243 145 52 554 579 633 517 345 742 120 550 353 730 69 870 6 558 623 48 865 841 456 334 948 903
416 523 579 150 142 519 65 744 433 143 686 889 806 267 885 944 884 575 746 446 25 691 481 776 28 246 66 114 848 537 313 748 406 242 232 933 631 814 359 814
10073