40
7
523 85 3 656 627 701 906 635 380 536 798 609 321 217 997 482 955 329 375 184 595 500 88 543 172 111 855 985 773 86 701 630 578 481 392 220 609 146 921 124
385 103 827 390 250 79 485 724 798 682 257 716 963 289 849 919 162 797 407 563 22 356 873 171 202 235 88 627 646 714 494 850 238 44 225 548 578 712 658 276
842 678 685 215 62 499 340 65 931 558 156 622 262 693 986 897 163 939 979 717 105 913 116 76 746 258 737 763 850 215 984 534 333 269 100 465 719 301 279 570
993 958 666 132 281 833 641 861 615 482 358 220 769 983 447 540 709 267 432 319 615 903 599 898 609 390 250 398 245 735 64 238 184 20 167 309 225 856 751 328
105 757 183 99 533 732 772 360 486 964 645 267 1000 635 501 315 441 672 274 545 482 781 743 488 314 294 631 735 225 63 43 226 660 443 598 966 194 918 644 46
687 550 247 30 669 581 7 602 382 611 871 462 806 894 312 733 946 875 690 711 724 677 943 413 617 424 350 214 98 674 767 36 613 688 26 708 344 224 680 380
189 263 213 660 517 288 668 116 900 907 387 550 214 971 449 533 410 657 772 851 327 986 617 754 333 528 221 388 629 957 914 330 432 928 861 895 328 405 541 875
867 604 581 304 580 282 969 147 9 420 344 395 429 835 797 524 89 576 267 625 421 221 339 708 158 43 580 272 690 49 86 358 637 855 966 209 455 652 260 190
8897