40
7
89 945 274 684 517 105 846 332 673 909 369 912 64 228 948 777 810 869 932 446 73 418 411 629 232 247 360 785 898 749 195 696 736 602 651 703 807 191 688 167
741 987 83 562 375 49 761 593 626 596 650 239 316 580 113 882 984 356 508 385 406 27 151 407 175 752 778 167 500 783 486 736 197 750 586 14 152 131 452 307
128 232 718 22 584 388 928 843 837 474 541 561 724 414 467 177 114 233 114 255 854 940 920 36 641 908 19 518 322 131 183 143 525 390 531 999 310 125 573 310
844 66 271 340 934 680 79 317 733 862 879 296 270 124 771 691 397 393 176 732 486 437 718 968 232 391 345 755 898 750 71 653 908 461 817 116 973 210 335 90
906 885 998 129 433 345 676 754 543 535 553 575 788 519 678 51 451 761 155 258 32 637 873 326 188 354 763 789 512 896 938 105 741 353 596 448 357 230 513 487
265 706 232 464 173 446 434 808 406 954 421 224 649 277 540 48 745 958 152 535 312 369 457 193 483 585 206 625 176 535 461 193 107 100 778 305 453 731 407 367
957 277 82 546 302 149 101 111 199 809 944 335 41 282 102 722 825 85 970 79 736 959 565 306 520 787 174 280 449 395 322 375 331 892 360 621 521 575 494 924
177 105 543 527 799 857 12 313 293 731 17 450 90 847 183 32 682 470 857 645 151 900 261 553 761 981 942 753 580 599 512 35 575 500 670 760 830 695 891 264
10422