40
7
21 452 977 569 34 939 68 813 162 861 747 479 529 189 855 909 613 919 855 776 743 496 475 483 453 367 574 248 858 770 611 28 838 844 643 777 513 973 667 131
507 124 638 807 830 795 323 695 155 757 36 257 183 481 108 160 511 884 698 354 842 159 858 587 22 977 780 508 128 492 464 789 855 911 110 476 187 438 23 873
525 387 582 790 544 349 444 632 499 260 871 437 554 652 670 391 338 882 889 728 413 468 915 67 946 685 942 616 880 791 694 165 477 157 307 301 174 11 26 844
429 72 433 47 468 728 354 915 391 179 509 666 460 141 593 820 807 496 696 892 631 486 257 822 864 938 694 968 403 197 310 194 330 507 453 155 204 333 645 57
677 290 657 558 639 895 932 69 4 846 912 764 735 851 394 980 907 692 414 849 412 596 933 269 213 865 996 202 426 335 879 60 208 162 990 434 431 115 356 217
620 990 359 751 385 956 896 855 373 573 34 23 392 538 164 865 185 359 774 316 947 601 581 365 276 395 939 882 61 939 175 317 855 56 940 560 924 647 74 982
752 740 854 428 600 474 591 41 202 174 354 228 612 297 994 515 470 439 123 384 797 259 200 107 482 272 912 370 474 913 755 54 974 588 996 87 436 695 117 813
404 699 434 994 69 61 957 666 296 311 228 421 482 475 653 320 557 176 830 791 978 371 698 130 142 995 361 530 316 19 776 402 140 825 140 372 979 864 982 555
10200