40
7
861 91 749 749 284 230 276 171 162 518 238 814 90 118 864 27 740 795 719 823 199 357 134 728 378 517 732 278 33 431 13 593 84 177 857 387 593 543 75 588
884 974 896 595 34 751 980 132 236 166 202 791 819 690 160 780 43 568 450 485 737 506 23 110 894 64 590 234 38 624 832 72 891 85 280 597 714 254 711 391
561 950 564 357 629 918 663 514 351 14 897 350 545 495 407 890 791 932 386 161 290 277 378 164 358 563 910 616 835 253 345 622 879 667 981 736 773 274 598 563
841 654 988 306 157 698 18 10 834 53 522 354 374 293 26 823 840 556 94 536 766 942 602 840 203 896 939 759 482 940 654 567 943 529 282 13 633 515 661 582
741 336 650 756 531 410 896 56 396 497 405 891 699 550 785 730 474 342 556 631 551 295 698 990 830 166 943 25 897 499 368 773 759 526 941 36 977 904 14 188
352 181 891 873 991 306 963 745 658 987 934 791 967 258 277 180 348 68 846 159 464 944 895 179 390 170 999 491 232 47 471 486 97 222 775 56 821 227 809 619
613 923 486 498 333 75 857 79 481 232 613 726 137 522 990 581 965 590 845 890 553 87 837 498 429 73 442 457 782 915 939 744 267 652 334 275 647 811 675 15
419 531 89 703 298 819 786 808 442 171 374 708 581 381 939 963 396 504 531 833 109 471 809 940 827 88 96 948 707 604 452 929 797 715 64 118 974 780 107 824
11318