40
7
301 549 347 288 15 102 379 516 546 113 690 781 219 30 392 432 666 647 503 482 196 42 531 387 633 921 761 726 821 958 394 26 25 56 284 939 410 514 876 226
353 181 294 541 826 167 570 67 610 267 942 917 129 871 481 177 151 203 846 738 552 249 90 297 212 467 673 692 986 418 338 138 283 995 385 855 940 636 729 22
117 706 742 635 204 86 78 717 597 46 217 536 219 876 24 141 170 558 353 779 433 838 384 807 10 528 600 778 112 345 218 893 784 189 701 999 1 123 353 958
881 763 260 317 179 193 496 795 974 865 257 607 968 94 77 37 800 936 884 666 850 233 514 210 767 682 611 312 547 791 292 963 130 345 799 344 674 133 758 134
233 214 316 923 108 622 17 787 963 342 43 868 568 986 952 18 495 779 719 872 332 3 670 364 90 128 954 258 660 462 595 365 967 128 558 52 899 237 773 894
71 307 220 483 559 438 386 158 502 293 401 422 921 434 176 483 392 615 940 275 718 65 30 773 832 413 954 349 844 676 503 479 993 825 97 626 799 587 669 325
95 314 498 740 787 610 213 401 921 62 572 502 317 447 554 632 761 458 101 333 62 53 679 256 321 698 126 95 534 462 446 767 691 557 625 535 607 716 169 872
66 735 607 290 894 51 710 74 133 897 627 953 772 679 45 498 639 30 176 847 885 493 875 893 659 763 245 977 623 300 782 614 900 447 581 383 228 890 61 92
10707