40
7
129 255 458 576 259 144 546 421 2 666 362 757 423 834 216 395 435 543 843 76 41 59 251 175 925 261 339 652 520 633 430 529 713 603 194 482 893 550 67 156
416 213 960 316 737 389 431 112 79 402 757 123 553 784 678 344 613 407 243 913 779 578 174 779 917 399 482 737 597 222 427 658 71 533 793 887 801 908 642 463
502 319 191 282 704 690 934 230 946 691 161 210 522 58 318 752 435 771 55 181 524 875 596 983 985 516 876 345 220 265 375 936 992 243 791 634 665 925 156 776
152 175 730 62 49 332 705 916 81 848 81 294 930 3 365 533 522 875 488 552 124 785 697 811 947 524 348 878 842 722 627 337 208 394 285 823 17 76 662 652
187 890 298 124 839 589 463 713 290 346 957 387 837 994 525 362 957 437 101 34 987 877 52 484 897 492 901 802 496 881 2 342 484 896 60 314 525 673 603 167
548 12 355 346 356 481 716 276 708 171 982 220 417 34 814 599 463 666 24 367 312 605 604 945 989 358 180 16 135 449 283 207 487 238 494 83 605 942 192 700
691 178 363 658 669 345 729 282 771 475 676 782 164 933 547 330 485 146 148 802 252 463 890 633 555 557 760 114 675 291 867 530 230 545 551 176 493 397 695 422
524 625 976 618 980 379 466 992 841 964 943 59 823 986 597 753 676 413 404 15 113 262 877 332 252 906 582 748 848 145 382 255 598 873 90 418 411 883 428 329
11383