40
7
185 626 973 508 254 623 100 393 549 324 109 333 956 786 930 920 395 112 787 170 37 476 459 69 320 542 399 532 306 446 986 100 801 620 474 212 202 746 11 717
750 737 331 419 95 907 965 955 363 36 34 555 557 772 879 569 335 579 317 745 948 938 138 133 503 224 495 189 680 942 292 549 980 246 342 785 378 614 4 664
536 100 484 973 888 380 719 277 666 767 99 209 431 273 720 599 378 411 424 574 942 941 754 560 659 393 67 807 438 121 108 14 781 64 30 767 944 419 761 188
303 167 893 554 672 302 113 876 833 996 918 748 757 621 363 588 120 940 767 240 975 681 309 313 462 798 279 412 257 483 436 845 668 139 151 83 356 841 462 206
503 81 575 216 731 17 192 432 239 835 300 799 590 331 940 914 646 531 301 992 922 519 87 226 862 583 92 354 915 120 655 537 117 739 698 452 897 875 466 509
465 24 716 412 531 396 885 175 669 881 565 876 114 240 502 656 517 90 903 156 313 616 887 207 875 317 449 351 600 735 449 192 942 164 271 245 641 47 649 862
397 954 921 148 249 672 215 908 434 844 491 709 374 162 900 142 624 849 611 565 252 430 374 151 741 900 579 333 835 358 545 846 374 89 748 41 655 968 223 305
843 375 314 315 890 332 782 918 565 436 237 710 278 759 414 395 102 171 445 590 625 544 349 279 738 176 302 956 257 945 604 969 585 877 652 579 54 233 928 186
10355