40
7
933 230 544 985 490 660 964 908 516 521 919 77 315 48 911 700 776 453 852 94 108 401 572 62 560 782 761 124 59 593 336 509 121 953 973 655 826 217 439 982
486 367 324 317 91 612 925 721 9 41 725 758 150 890 442 416 670 544 932 60 589 345 851 441 714 893 960 824 143 999 867 566 715 937 552 841 664 569 243 812
223 719 263 947 623 983 627 918 653 181 659 354 20 518 559 626 796 653 439 459 245 373 880 430 669 821 573 245 793 186 180 554 184 911 944 391 514 999 270 433
253 45 313 388 653 258 15 313 28 485 482 291 481 780 595 48 720 623 873 29 286 507 650 54 750 22 709 491 57 613 831 362 203 809 104 819 133 468 696 695
573 300 622 992 918 411 754 75 683 533 318 777 127 844 993 320 389 620 50 36 511 412 790 838 163 106 680 279 482 325 63 495 74 874 433 990 654 926 190 692
757 25 917 627 427 733 162 543 66 708 442 274 719 835 271 71 47 268 763 523 871 275 449 463 23 220 999 325 958 948 504 357 253 450 255 559 462 896 554 621
619 605 844 699 154 772 266 128 403 792 23 564 220 21 252 117 34 842 221 407 210 267 557 953 444 358 657 69 467 569 966 271 296 997 62 597 536 283 649 402
361 301 124 65 5 250 63 519 123 739 557 633 320 592 970 107 781 831 299 145 981 339 138 918 518 854 260 303 872 295 169 545 218 263 778 835 605 903 742 974
9648