40
7
753 668 414 334 674 473 362 680 922 351 819 91 416 226 615 864 44 610 343 156 183 80 51 525 666 103 882 139 225 158 116 561 250 501 395 469 988 51 52 982
604 386 560 50 240 424 692 609 287 791 389 642 264 306 158 439 606 667 679 845 971 706 810 74 822 997 609 481 300 499 39 604 122 137 660 869 945 90 642 303
343 86 930 121 866 391 326 994 424 498 355 174 524 834 480 985 160 876 744 366 200 316 859 116 661 878 853 960 348 476 116 876 907 233 111 940 634 666 669 508
539 626 75 854 390 873 591 956 86 222 43 510 181 182 478 885 294 488 6 595 626 17 148 916 843 756 273 471 568 500 211 565 435 585 233 292 691 962 574 874
623 607 121 832 559 122 274 476 444 122 617 164 833 923 198 686 328 107 717 922 970 686 623 789 203 894 820 168 489 483 626 266 758 737 355 342 532 529 307 480
469 984 418 599 258 568 310 575 529 33 861 580 351 370 20 628 645 746 847 975 686 45 957 695 899 534 929 698 67 410 389 356 65 712 683 726 607 86 823 158
967 543 337 608 334 970 948 717 436 776 741 857 297 947 76 92 886 408 606 86 256 80 795 75 568 557 938 156 129 268 486 383 264 410 181 877 589 633 780 93
21 275 848 924 224 75 31 330 5 961 148 879 106 409 629 556 779 613 305 414 425 837 173 130 975 275 326 396 157 291 860 220 864 752 941 280 675 222 239 311
8941