40
7
829 490 730 695 397 282 329 800 238 491 824 161 281 627 4 858 414 508 564 655 125 349 435 693 40 405 266 395 641 527 870 958 9 287 475 455 740 76 790 316
324 41 764 427 353 504 773 621 397 445 695 465 742 92 892 313 807 967 725 606 452 215 901 390 313 680 909 359 12 104 706 94 456 585 736 231 225 495 187 598
973 940 800 244 934 3 29 303 32 259 708 713 47 699 582 881 329 126 890 395 71 37 228 852 541 181 54 596 149 858 978 428 879 626 685 864 18 298 117 12
593 652 664 171 282 164 23 905 601 842 975 945 122 386 163 298 585 793 448 27 217 287 345 42 169 694 121 503 989 300 795 982 277 859 875 172 357 685 618 652
786 988 793 580 561 241 983 986 961 248 582 332 845 557 727 178 952 493 440 992 223 637 339 216 762 880 650 277 335 803 867 920 950 896 820 354 412 804 740 572
743 35 607 391 26 318 928 634 843 321 550 113 813 514 402 611 39 556 161 577 947 787 686 625 998 412 4 608 935 435 380 290 881 254 864 740 875 636 846 508
559 699 115 364 447 74 353 313 542 254 928 659 940 863 289 383 495 659 293 778 355 119 870 620 673 49 386 770 930 640 403 415 878 44 20 835 43 627 107 496
189 671 110 378 429 383 574 839 895 351 432 459 493 875 478 212 848 137 790 562 244 227 399 579 961 661 226 39 877 771 406 81 681 346 913 1 585 657 535 388
9841