40
7
408 699 251 371 4 830 471 373 783 705 149 847 420 494 870 889 643 76 895 47 95 598 175 308 717 161 765 94 200 938 387 46 475 663 538 268 613 342 257 342
333 852 123 484 50 339 444 578 873 778 101 804 719 174 298 549 6 843 433 649 506 390 745 601 772 33 269 239 88 972 823 637 619 530 671 612 859 703 92 876
227 332 860 31 415 929 21 855 835 526 664 438 718 382 682 256 222 348 108 500 730 676 261 695 505 444 812 837 764 845 321 881 43 828 832 28 840 143 153 186
17 190 927 637 543 506 335 476 461 173 833 543 306 691 601 403 836 451 43 304 834 804 74 533 313 964 131 880 348 780 682 570 683 620 993 995 100 977 763 158
620 133 798 818 844 334 355 689 726 176 961 663 836 410 706 765 498 519 15 892 3 658 874 717 438 850 848 461 510 574 393 336 888 152 637 436 114 396 445 479
572 537 480 14 941 200 246 280 172 718 561 479 307 109 649 826 277 410 493 42 807 292 638 947 791 971 244 442 316 598 349 967 892 558 345 659 973 962 497 773
920 872 141 393 931 804 460 794 752 638 162 408 489 950 912 587 787 103 831 130 664 461 217 766 524 756 591 256 16 22 423 381 612 728 73 702 982 110 709 587
636 349 501 562 124 533 853 798 768 690 251 19 177 7 345 829 369 424 640 788 394 609 293 80 824 297 903 652 873 452 213 31 968 17 706 542 950 270 767 323
9914