40
7
952 26 178 33 153 210 470 201 253 636 447 23 333 140 926 493 881 913 302 80 696 819 295 254 648 254 263 3 787 725 376 485 430 99 523 396 643 893 316 534
521 308 278 197 792 115 13 772 355 838 29 199 299 909 9 764 985 594 450 708 266 252 534 560 993 411 22 591 545 698 565 638 476 172 309 37 246 43 820 740
375 826 669 609 914 301 531 751 560 246 899 44 23 589 738 281 196 940 485 780 90 647 891 578 203 988 742 693 296 715 469 278 896 139 847 151 354 115 468 169
796 252 146 928 517 699 877 997 15 598 351 579 630 375 155 558 161 447 612 114 362 902 257 416 108 648 528 37 288 720 656 248 504 81 499 733 887 665 925 975
531 881 906 283 499 566 287 249 81 210 518 25 130 500 368 989 1 775 185 366 656 739 27 284 639 392 460 888 476 658 466 801 100 973 729 680 681 996 105 133
164 326 218 463 3 307 591 354 119 840 392 396 822 804 596 183 225 624 658 451 345 343 93 97 158 850 808 645 882 10 993 113 682 427 326 991 431 148 419 366
916 915 532 327 954 115 881 411 246 845 227 427 525 849 355 440 995 22 788 627 981 624 975 95 899 714 983 712 364 106 510 309 518 687 287 611 582 400 92 114
183 582 567 759 455 703 262 526 35 161 929 910 374 866 861 387 774 43 379 19 947 143 695 73 18 606 72 81 827 817 69 251 163 89 94 108 628 616 771 158
8501