40
7
810 838 286 38 470 177 587 393 940 252 357 617 578 665 242 520 22 203 210 844 949 429 73 296 558 582 603 943 307 756 306 556 573 161 421 897 503 162 616 562
285 60 961 606 578 384 768 724 929 470 669 411 876 163 433 929 139 554 868 299 621 76 878 162 961 39 706 168 638 437 513 300 449 345 411 709 825 952 61 164
451 878 549 217 895 299 919 388 868 558 722 805 485 312 751 643 80 826 465 637 407 685 482 633 795 656 167 71 731 554 187 578 643 98 440 885 110 222 323 905
110 168 850 740 834 196 277 949 136 148 424 659 434 897 313 396 302 718 478 802 878 933 589 671 318 462 194 106 280 304 700 425 811 671 796 735 973 53 200 28
399 810 164 709 226 952 815 252 504 645 189 179 790 233 889 763 224 625 595 377 402 450 246 65 734 115 985 92 164 87 783 51 702 394 724 375 424 787 539 413
229 14 521 399 594 82 6 326 521 995 947 667 345 569 264 144 337 729 194 69 228 791 952 390 189 923 407 611 983 619 279 523 632 26 199 194 301 424 968 367
336 1 379 874 333 437 75 595 633 959 740 212 919 768 602 350 452 659 88 739 693 176 260 321 481 543 674 533 845 395 294 267 803 293 26 798 148 230 504 787
856 33 308 441 590 661 110 15 930 790 810 899 762 808 967 315 539 774 146 94 240 855 700 57 868 1 72 694 783 261 309 646 859 494 170 631 437 485 603 307
10160