40
7
639 574 438 963 143 297 26 410 495 590 883 472 263 143 22 73 887 948 670 316 116 757 897 500 135 713 749 180 137 920 44 504 167 531 703 843 645 451 496 880
415 573 467 450 467 360 557 656 84 636 526 586 163 104 134 274 441 437 802 260 662 671 974 895 795 555 572 961 617 267 935 426 933 995 950 280 26 198 544 362
980 333 955 957 586 10 878 446 473 424 322 944 832 151 816 481 906 334 30 687 678 736 343 337 351 711 394 668 929 237 115 207 823 947 21 549 799 168 328 870
911 601 608 359 454 459 838 417 362 771 31 391 629 50 228 66 550 181 491 495 709 399 701 31 513 714 482 498 895 824 310 266 27 612 60 424 661 545 268 840
772 444 447 18 187 521 99 97 611 322 828 72 83 146 569 42 475 458 524 625 742 988 199 638 184 672 573 912 29 839 350 833 290 805 451 833 125 987 349 433
553 381 380 173 688 434 426 947 790 573 505 496 952 286 86 107 651 711 645 723 865 740 711 875 689 865 332 758 703 565 840 780 984 891 281 470 280 97 783 720
876 473 253 689 55 518 961 184 650 41 459 664 741 815 515 906 476 222 761 475 683 985 699 662 204 392 224 588 891 662 930 765 216 66 196 24 77 323 450 902
38 2 496 196 454 249 819 386 383 260 718 388 2 451 656 654 439 356 146 444 701 598 500 830 342 225 244 373 726 829 101 875 531 28 694 908 983 600 124 349
9049