40
7
810 479 33 390 418 542 766 681 153 153 932 599 454 141 94 858 451 252 566 173 204 167 543 450 646 345 166 673 587 217 801 131 686 914 173 600 114 379 594 679
951 410 986 78 275 894 601 594 635 622 440 804 736 443 992 135 49 569 649 705 775 730 277 780 340 222 533 932 314 850 395 634 256 311 788 591 897 403 959 252
24 990 587 850 505 602 554 12 764 52 260 169 19 780 280 387 702 60 629 438 17 449 685 48 829 502 611 823 953 434 759 421 398 121 32 605 624 163 708 992
566 721 648 451 507 226 441 97 20 740 600 535 55 735 236 476 231 241 293 306 505 736 906 98 45 426 932 815 572 788 987 323 37 821 299 691 191 267 816 408
315 684 209 951 3 779 841 193 401 315 587 198 55 201 223 664 562 726 78 897 126 409 720 904 377 558 332 73 985 370 430 835 610 272 361 170 148 11 515 316
176 113 349 54 482 179 138 70 249 633 496 374 424 458 47 909 185 640 730 334 716 342 488 770 666 620 234 775 825 34 133 486 272 475 230 629 319 397 330 244
259 311 347 753 521 450 261 214 348 768 631 687 689 621 761 390 504 980 397 466 838 548 511 937 165 338 232 169 108 155 964 777 188 793 880 309 867 83 951 574
580 697 150 592 945 350 525 264 299 715 657 736 875 60 141 698 143 646 261 131 82 728 471 731 248 20 38 128 758 343 755 5 98 855 395 354 333 607 134 884
8716