40
7
773 511 174 369 961 819 923 404 411 203 610 573 747 682 979 101 330 428 430 910 422 971 43 839 904 304 778 840 178 352 838 727 759 626 362 37 911 972 288 14
536 950 723 205 120 593 516 649 532 551 839 317 256 382 176 137 329 743 280 836 411 740 405 189 768 773 414 689 653 525 395 268 28 679 489 247 495 149 572 410
273 527 217 587 205 76 113 653 335 762 704 835 476 301 92 727 56 154 667 991 555 212 358 446 552 57 425 657 260 619 936 991 907 232 440 544 857 222 303 402
34 884 886 150 343 515 820 854 724 90 807 634 84 400 246 66 568 247 410 710 428 720 152 531 889 42 833 755 569 795 765 378 593 160 89 944 215 912 651 584
470 289 572 205 78 331 430 85 540 356 884 269 191 776 294 36 108 54 216 551 413 735 655 671 595 901 172 544 903 484 415 154 392 628 144 791 513 569 290 385
944 503 626 588 991 882 170 992 901 949 837 918 237 446 385 804 501 14 793 418 668 489 315 318 214 570 37 671 764 352 846 409 926 222 21 641 603 704 321 855
110 309 182 296 586 13 36 873 676 20 397 445 907 593 960 385 598 970 477 458 523 547 416 98 354 175 515 655 659 609 291 948 107 209 223 98 299 869 457 173
406 607 928 456 168 992 198 916 171 421 488 434 235 644 491 215 599 125 431 840 668 185 219 999 840 908 500 732 75 236 356 920 800 707 521 688 46 716 35 773
10345