40
7
612 565 534 187 101 49 398 699 339 278 852 571 134 698 19 919 134 342 25 490 839 181 686 112 828 650 692 103 283 980 111 684 650 759 659 125 15 946 509 931
496 272 125 511 95 728 653 524 637 426 283 917 992 754 649 270 938 352 223 100 786 612 485 261 173 295 642 493 810 130 749 978 572 794 18 959 658 890 38 174
185 784 309 603 336 460 168 960 114 994 122 672 207 332 356 572 924 716 696 748 610 372 567 523 680 871 974 367 420 84 742 140 717 400 273 614 812 161 847 573
699 544 813 796 18 993 602 888 182 543 441 989 749 651 616 58 288 645 63 489 863 852 989 550 483 669 472 730 833 785 467 642 590 387 124 134 44 902 166 881
505 691 265 943 641 488 829 919 761 52 313 896 732 402 418 647 900 216 497 298 803 99 333 579 596 16 329 81 511 662 450 382 23 141 210 61 786 931 418 406
623 401 206 538 630 383 574 179 56 239 620 94 801 939 394 549 813 277 837 201 89 226 608 329 100 473 373 622 606 471 278 363 119 752 547 438 257 80 814 279
477 977 30 955 47 620 827 855 368 901 26 951 986 256 632 847 30 876 218 972 230 188 811 386 223 374 6 701 456 58 98 474 106 751 684 649 376 418 795 931
923 871 981 701 340 34 787 57 294 788 702 11 256 111 334 953 956 861 226 661 283 888 380 610 368 457 706 725 368 681 867 720 210 686 639 425 262 103 513 460
10599