40
7
371 874 642 588 497 118 847 876 258 416 89 537 489 623 964 795 245 699 945 110 80 923 189 696 487 707 246 484 341 425 784 84 613 617 533 855 989 289 347 484
372 584 819 9 216 579 408 400 98 611 587 321 924 370 307 770 551 585 940 358 414 889 867 595 717 345 92 264 210 959 429 928 231 279 123 345 40 653 236 1000
40 821 716 777 197 791 550 474 989 875 334 115 90 686 635 138 22 809 273 211 841 801 937 405 75 214 418 290 36 205 660 481 685 599 417 636 539 760 67 925
868 376 500 464 351 186 162 607 761 183 731 89 601 889 814 815 282 399 761 913 680 45 474 79 283 144 99 36 293 734 626 604 144 91 884 660 877 468 783 637
736 933 150 70 369 981 856 477 411 462 472 897 138 842 725 716 125 578 39 139 257 950 854 56 893 97 396 725 602 864 414 234 214 892 135 869 355 416 967 902
929 509 220 408 538 769 273 845 455 675 187 912 542 465 616 569 584 549 264 311 259 992 720 613 30 227 99 638 373 45 609 247 911 875 801 667 62 406 532 663
122 183 967 901 306 502 442 475 31 811 551 360 517 458 952 239 754 179 594 44 178 975 150 643 734 897 352 593 488 936 358 728 177 87 575 595 831 26 502 35
474 216 674 271 379 809 656 473 789 365 648 562 32 223 741 465 271 428 621 409 463 910 777 254 594 180 598 810 33 935 152 831 972 573 963 686 803 161 839 827
10934