40
7
845 719 969 761 977 620 125 659 553 173 324 481 766 644 575 735 3 11 956 507 237 877 484 720 59 578 140 625 213 123 361 43 806 503 72 212 461 772 456 107
579 511 452 784 155 296 600 818 571 28 222 85 827 358 779 360 870 544 565 328 225 215 262 907 293 403 134 766 773 55 332 724 625 909 923 443 150 470 336 681
920 746 352 225 258 568 344 652 165 721 523 180 202 464 839 850 423 630 933 100 125 734 428 207 101 493 430 522 573 239 605 297 490 420 496 118 781 3 141 987
735 23 215 858 15 956 743 27 16 298 579 801 685 546 250 773 591 810 990 271 555 736 583 898 108 460 407 156 711 636 475 219 106 632 775 76 974 489 434 995
91 903 513 963 629 83 593 378 175 267 826 38 852 371 49 177 368 983 17 442 496 46 702 707 288 992 196 962 19 698 119 140 27 265 912 698 13 602 727 923
289 521 930 856 896 988 970 451 349 662 416 364 460 828 107 939 396 650 577 876 226 633 840 750 73 178 526 212 494 982 620 974 202 92 785 413 561 614 357 418
57 373 167 213 248 732 388 797 827 304 270 163 789 264 664 880 887 970 48 186 487 214 146 611 838 531 220 720 931 535 645 251 597 46 577 295 258 609 442 650
984 783 421 816 368 536 227 72 702 433 844 248 315 466 806 275 911 651 218 827 747 853 314 382 817 840 220 278 578 293 331 930 802 410 49 865 967 473 653 499
11102