40
7
236 335 62 95 93 747 222 25 840 793 135 192 109 647 402 211 361 570 56 955 601 824 454 462 322 541 6 452 669 375 859 196 823 720 578 436 276 653 934 778
759 916 389 310 282 68 1000 190 285 864 806 912 219 590 353 150 163 970 687 46 981 688 790 670 539 755 973 8 308 977 665 689 199 558 25 526 888 50 155 387
1000 88 709 970 929 335 705 548 202 308 563 245 248 617 162 459 565 456 566 328 486 88 274 883 761 864 948 600 764 803 528 359 968 775 347 928 577 436 362 216
738 960 309 595 823 127 441 252 531 372 771 843 985 353 862 965 326 830 840 853 869 200 819 208 229 397 399 385 815 344 774 463 739 109 505 941 347 187 977 523
30 972 758 192 803 833 207 43 835 379 906 379 372 890 550 864 206 287 487 178 106 968 715 244 574 688 618 435 423 408 895 719 331 823 53 842 252 58 699 120
857 994 451 443 805 37 124 253 443 564 197 384 696 242 988 156 506 2 413 294 794 119 554 925 121 440 402 69 49 223 511 165 83 94 358 71 224 457 66 749
854 901 80 457 939 638 632 344 578 589 125 887 740 968 109 320 541 469 535 837 402 642 887 642 728 841 723 993 463 929 477 781 246 937 724 347 398 626 576 441
896 882 645 684 696 830 73 65 758 266 343 450 57 709 899 175 649 308 408 470 634 878 331 587 579 246 947 137 470 772 817 575 628 543 344 502 525 664 98 863
10702