40
7
338 381 479 365 419 854 772 133 867 458 240 692 839 196 249 386 536 685 250 9 66 189 517 133 266 102 87 355 49 900 435 936 290 218 254 279 937 956 911 197
394 870 379 94 982 955 367 855 439 438 302 965 931 770 873 458 192 259 638 222 898 445 812 220 181 103 477 164 396 364 842 721 862 686 219 474 798 635 957 779
391 572 278 292 958 13 84 13 244 170 934 532 196 484 530 451 253 308 744 518 88 616 463 897 774 705 195 707 919 179 767 959 364 354 387 919 422 705 85 659
688 952 160 242 186 644 518 33 807 129 25 624 417 374 930 701 663 92 109 433 3 220 224 646 712 197 324 797 216 983 412 540 230 291 956 572 466 591 914 345
823 91 481 179 855 150 343 987 221 387 163 832 863 562 32 715 172 267 279 821 993 648 738 507 322 345 546 315 93 35 205 841 545 486 843 574 555 653 447 401
674 734 937 347 54 573 480 185 350 410 905 47 490 742 319 141 321 700 902 244 803 880 665 702 812 500 15 904 679 393 492 239 799 422 43 714 811 665 856 189
363 307 46 964 150 844 863 722 981 855 926 232 613 127 280 663 315 492 573 593 186 605 42 800 287 353 365 713 937 135 162 681 838 312 105 350 597 51 79 771
814 607 905 259 675 21 707 417 129 582 311 651 738 749 313 62 425 914 720 786 326 495 406 588 14 519 321 87 766 39 615 831 330 582 450 201 335 953 547 623
9907