40
7
266 942 46 714 38 551 168 94 40 505 162 37 444 528 965 114 546 452 540 242 152 869 575 149 877 568 274 718 982 516 764 97 950 387 665 718 440 562 549 684
332 600 14 1000 643 787 235 852 242 978 573 801 954 664 553 97 194 249 264 420 303 712 616 691 792 340 156 203 636 725 848 326 201 953 10 515 756 376 746 264
98 438 996 316 707 230 882 132 283 761 34 263 534 813 726 918 496 982 664 183 451 639 770 151 336 18 932 657 259 994 600 917 418 604 250 259 724 988 670 10
530 520 585 768 108 84 552 495 797 781 626 856 497 692 857 975 26 903 242 141 768 768 478 44 575 64 286 878 985 112 31 236 157 712 170 987 57 391 803 731
557 907 293 703 765 331 566 21 251 845 332 611 278 848 58 722 817 17 31 894 852 369 343 623 346 753 842 4 55 329 625 932 979 720 584 271 480 362 194 887
968 113 295 324 257 796 647 906 684 697 805 301 173 592 472 658 269 890 12 819 163 302 379 243 462 36 509 662 22 373 159 769 373 37 801 149 84 155 921 471
715 157 573 920 842 943 87 265 137 511 681 29 702 450 843 7 795 154 228 458 816 524 66 914 185 18 820 405 882 44 567 118 639 568 364 735 535 925 715 582
490 573 485 340 322 764 425 721 393 684 286 958 525 652 186 889 154 510 213 220 315 495 841 576 261 397 424 861 190 194 23 292 210 28 733 98 521 84 410 764
8754