40
7
423 846 129 785 499 404 446 695 401 256 833 890 383 457 921 557 595 341 1 455 770 208 543 737 88 652 137 565 11 97 881 343 389 631 162 693 265 557 898 314
436 917 696 964 476 572 848 300 46 149 379 994 262 211 906 970 283 963 869 317 624 856 709 15 807 562 539 620 146 214 516 171 840 115 513 138 389 431 937 869
590 371 268 83 413 606 394 779 44 793 573 798 45 387 488 927 591 529 36 490 507 283 705 127 435 38 853 431 537 411 20 949 75 427 836 320 950 492 309 617
811 687 204 326 893 628 327 570 349 576 814 397 847 181 552 1 663 961 567 204 432 919 548 923 920 174 211 444 150 556 226 436 332 10 545 605 975 458 512 378
799 333 16 447 397 932 928 761 836 52 193 617 126 360 55 109 550 677 30 621 44 583 508 940 734 623 42 283 206 919 528 227 811 763 179 923 764 557 406 223
862 749 352 518 642 37 986 910 507 607 852 461 813 846 231 286 691 760 701 814 889 616 636 334 832 642 889 229 200 50 459 286 326 968 433 922 222 809 962 408
275 615 54 415 849 892 136 671 938 486 388 942 286 133 28 404 742 467 57 118 865 909 106 139 623 59 270 999 349 68 456 746 296 302 800 271 226 839 11 652
442 396 424 554 650 900 547 345 482 675 829 378 918 373 698 767 383 1000 529 68 666 284 22 792 727 449 663 582 362 365 585 957 306 282 462 141 713 534 517 423
10595