40
7
716 279 393 663 201 114 238 322 78 461 905 303 291 480 344 894 361 378 400 53 846 852 553 988 123 462 301 579 910 943 805 244 298 855 927 304 663 311 932 620
128 667 122 269 859 700 453 938 561 658 249 803 917 562 694 756 642 252 470 957 214 220 757 912 573 634 578 208 425 477 228 780 457 157 532 8 290 128 984 939
94 745 534 541 102 81 445 686 296 933 993 356 451 662 28 62 847 958 512 835 702 192 968 129 37 649 942 130 267 830 896 350 914 304 543 747 722 899 695 989
192 304 513 525 316 441 18 752 484 944 326 978 504 550 357 721 309 200 456 183 233 680 833 337 108 966 100 833 5 914 32 764 146 30 368 249 797 334 487 675
361 329 103 307 144 515 996 702 962 835 213 614 519 420 613 125 216 638 484 793 231 746 573 548 777 677 557 211 930 736 449 126 860 898 655 5 241 785 772 217
687 389 713 705 87 246 86 395 806 292 769 232 947 529 9 862 730 41 121 746 988 443 939 652 551 611 247 56 693 727 189 618 28 408 884 559 822 862 326 68
408 640 539 18 951 62 455 220 86 844 39 904 715 430 167 687 436 859 84 388 772 121 636 807 764 655 391 451 446 118 563 625 701 180 754 242 613 279 35 892
373 412 826 449 264 859 791 996 832 663 948 367 859 461 738 966 281 873 442 206 617 859 608 315 959 512 13 922 335 131 137 794 383 554 505 540 687 950 387 435
11625