40
7
539 473 121 25 375 550 771 95 714 718 458 657 547 846 124 715 988 160 148 47 562 401 239 703 192 977 52 336 943 531 829 140 192 136 635 927 989 162 146 88
543 469 899 596 478 831 794 508 279 46 222 845 509 949 103 750 827 633 366 609 104 556 384 993 489 215 499 674 335 267 364 525 994 733 15 31 860 20 807 766
75 430 895 268 643 290 204 644 908 117 667 251 909 339 908 832 881 460 817 436 460 586 400 370 585 466 7 609 773 879 5 833 903 842 657 180 969 770 320 508
890 983 357 914 324 668 16 262 149 245 217 188 394 205 775 807 921 655 391 192 102 733 902 239 963 661 973 73 94 135 848 407 994 331 965 92 167 250 622 654
696 968 972 229 191 654 609 588 37 497 286 196 297 141 491 351 946 346 552 171 500 391 740 567 638 640 741 507 415 869 767 283 574 493 655 968 763 110 491 522
89 534 990 522 109 396 983 484 547 961 680 306 873 879 690 560 977 693 25 708 994 700 314 841 59 849 989 829 436 130 647 427 73 402 452 572 976 359 510 350
595 972 389 793 342 808 824 222 708 309 904 793 479 748 421 614 406 911 261 835 731 594 241 380 883 982 751 624 545 525 994 85 690 241 99 531 324 702 726 210
861 422 52 804 947 186 728 381 551 378 401 410 761 735 47 240 289 730 376 196 620 207 730 408 225 595 326 701 349 339 548 271 591 216 4 121 131 491 311 337
8508