40
7
391 219 204 933 234 397 22 924 849 893 32 561 84 802 36 993 876 890 126 79 738 593 444 850 34 263 407 164 795 776 684 843 739 511 93 714 612 499 490 683
462 402 250 701 271 627 155 662 172 786 367 301 665 800 52 435 567 771 81 959 344 751 856 236 79 359 340 547 549 934 845 668 673 20 937 990 526 254 396 8
216 770 828 592 314 937 133 249 96 66 557 836 399 819 345 443 688 136 180 222 272 51 589 134 604 551 303 199 775 524 613 741 691 104 497 403 509 448 32 871
560 859 548 667 6 708 190 583 236 415 184 102 527 71 357 457 243 211 348 479 635 969 554 928 157 375 156 155 719 85 548 640 171 215 688 386 599 126 473 364
217 988 964 847 656 545 286 435 786 926 91 777 169 173 567 515 298 69 148 342 895 427 57 373 490 329 448 830 168 90 420 726 433 929 865 552 655 729 749 806
25 283 977 806 277 902 936 908 30 76 871 430 568 160 501 298 866 220 929 356 727 7 315 636 797 599 560 595 18 405 812 131 367 359 858 667 319 348 189 702
962 107 275 100 837 220 131 196 527 225 42 464 489 468 648 938 913 285 330 306 794 137 31 319 121 154 858 817 517 965 199 747 587 23 698 495 493 993 844 114
986 99 598 762 670 222 155 371 564 597 661 906 599 165 43 810 316 323 238 983 161 794 86 871 51 411 165 852 313 713 456 322 919 385 137 165 365 109 94 991
9214