40
7
77 232 334 626 486 195 62 338 607 139 715 242 168 813 744 227 667 493 136 484 820 416 845 305 380 787 545 918 180 686 224 366 963 644 381 780 393 694 181 416
284 790 984 3 447 920 534 816 252 71 743 894 10 895 557 492 850 904 519 586 603 300 437 825 643 309 21 861 460 732 791 264 892 916 631 604 796 81 534 990
503 513 910 987 362 409 133 768 617 202 579 587 815 387 24 165 568 692 184 316 865 633 72 323 921 792 640 352 355 301 450 955 613 196 793 241 167 559 762 503
532 982 815 808 89 717 648 924 396 987 187 127 4 152 462 743 578 799 880 795 116 372 202 505 920 123 404 909 627 658 41 514 682 218 744 613 389 183 175 731
694 684 249 845 607 45 645 831 110 262 160 623 270 550 952 750 406 44 28 908 68 383 502 985 161 578 961 811 358 350 936 150 914 18 674 242 38 649 321 660
591 559 9 290 991 574 822 479 955 737 84 471 934 724 210 151 504 532 623 312 786 102 998 796 661 775 475 339 686 877 578 716 82 540 241 675 983 209 511 656
321 592 290 813 974 337 304 785 557 727 580 808 237 632 722 100 524 324 560 632 942 399 212 235 214 60 192 862 175 197 312 911 47 184 93 923 607 760 987 854
981 843 553 137 683 639 792 113 305 820 610 928 131 595 864 913 95 241 884 907 291 79 898 892 751 201 787 148 151 110 324 826 412 1000 755 987 806 878 565 449
11672