40
7
276 503 932 693 12 902 828 788 387 295 945 472 477 338 924 119 98 963 112 863 794 832 738 262 479 123 366 420 630 648 373 614 749 362 852 394 59 957 290 100
404 262 666 19 561 229 346 491 282 305 320 18 593 489 631 830 190 695 271 474 509 891 581 707 396 559 195 777 431 386 466 803 159 732 392 469 87 794 476 978
515 679 558 882 387 861 368 536 821 292 856 707 756 898 464 59 760 185 903 43 734 7 461 645 209 631 929 523 901 609 47 906 49 174 769 242 572 604 158 101
717 207 298 119 243 257 276 316 942 209 132 515 7 115 152 112 326 121 819 184 888 638 558 164 323 233 903 803 938 816 318 275 498 187 89 106 43 211 283 438
921 974 444 785 51 232 528 728 382 917 2 549 897 460 228 653 465 375 382 542 263 103 963 78 719 319 679 70 240 902 217 192 388 76 493 800 850 317 261 865
757 458 190 242 660 711 756 358 289 902 807 673 578 631 743 178 601 888 980 318 453 142 50 837 358 738 770 980 295 105 705 445 54 155 311 126 367 365 472 562
641 531 36 813 989 414 327 505 98 92 479 90 117 708 761 579 751 159 886 972 80 786 591 561 89 631 849 608 694 656 457 582 164 221 702 912 235 535 572 535
1000 937 835 682 698 857 393 673 949 184 765 595 80 791 526 49 657 567 999 200 858 459 825 38 295 94 814 774 506 760 760 39 767 861 468 780 684 999 117 699
12017