40
7
354 639 797 853 261 106 661 798 95 520 717 165 142 608 567 43 31 934 770 642 228 17 307 99 846 871 805 800 67 28 284 849 18 7 423 41 920 448 362 961
327 236 250 642 728 988 857 535 677 154 523 648 191 825 306 525 22 890 821 745 773 560 125 70 900 763 745 563 611 478 369 68 690 942 698 709 194 392 158 847
437 210 333 612 803 451 907 91 362 902 333 699 492 60 72 990 337 154 527 863 330 600 661 708 927 835 420 227 599 718 639 263 353 784 828 903 272 795 89 879
58 982 617 422 447 197 106 401 881 871 81 364 743 107 991 385 876 257 370 74 565 409 903 138 972 842 856 40 589 559 782 791 71 148 653 305 996 642 585 661
95 162 336 831 19 817 271 741 703 694 52 286 918 286 497 835 457 210 855 350 106 428 940 349 505 749 2 689 467 53 117 502 40 635 461 754 2 349 591 823
469 643 75 230 962 778 67 103 496 610 266 773 128 326 605 929 310 22 223 338 648 483 482 384 58 202 718 55 738 216 449 918 560 918 272 659 727 998 523 67
65 384 695 910 222 898 335 411 33 370 437 533 868 449 810 146 184 436 180 374 321 55 106 783 497 774 891 548 901 903 367 114 383 633 591 903 38 43 659 822
699 988 144 94 147 445 823 338 603 416 292 934 141 883 881 410 704 723 819 357 224 438 133 585 259 232 81 801 393 924 600 48 633 739 691 798 327 48 413 638
9923