40
7
110 911 947 349 623 786 862 340 527 180 681 320 378 190 236 977 856 103 744 292 930 701 884 662 883 857 848 732 145 100 324 908 45 371 869 85 260 233 415 12
179 269 250 76 820 452 850 440 785 359 457 29 371 555 247 344 998 151 216 309 111 419 774 844 748 501 918 434 75 975 714 182 938 639 865 403 295 490 519 271
702 58 777 985 482 694 925 723 281 334 744 465 607 411 288 479 276 74 352 907 627 405 696 869 639 952 395 730 574 569 833 361 548 351 920 937 295 346 961 417
379 861 808 649 528 359 828 697 767 968 801 135 927 912 57 16 424 271 922 162 373 305 12 265 112 558 540 480 951 82 675 838 19 912 539 926 210 9 722 733
447 913 432 29 82 697 915 932 360 870 249 490 985 940 219 490 277 948 26 896 549 668 31 531 26 244 900 926 682 892 430 697 880 760 52 251 811 952 823 853
612 152 164 187 230 159 889 808 363 340 783 387 812 663 803 715 724 376 395 641 232 402 684 778 681 169 450 943 728 879 367 818 911 373 910 255 996 150 791 53
640 325 25 48 816 993 649 638 452 832 812 631 627 890 603 520 32 971 966 802 56 671 346 100 372 992 998 630 549 124 706 34 456 41 854 182 277 32 325 9
240 608 861 360 964 516 812 533 429 598 812 586 660 400 248 118 490 338 130 694 220 585 14 961 563 912 328 277 309 106 120 571 424 745 266 394 748 981 804 587
10156