40
7
820 594 794 771 989 733 508 34 46 948 810 61 728 802 872 131 83 731 941 869 974 635 551 656 80 583 164 768 387 871 760 805 402 295 954 34 597 97 668 41
908 351 272 120 120 997 707 783 306 691 366 976 464 531 682 503 617 905 908 28 581 721 858 768 353 475 791 790 339 816 280 467 698 172 732 403 444 337 677 661
210 494 390 494 56 514 353 884 874 601 917 134 639 304 459 590 953 288 132 488 435 736 263 259 890 686 714 388 3 941 379 323 679 308 57 964 750 894 799 486
553 210 781 98 22 12 172 22 24 800 161 999 780 401 101 132 870 782 764 285 611 328 362 885 244 12 934 727 939 47 655 41 70 365 428 924 883 623 624 578
629 125 762 350 538 339 277 931 915 653 825 557 956 680 644 88 823 760 331 231 912 917 195 230 712 584 3 445 433 594 819 138 946 79 925 313 367 883 38 75
509 793 739 426 303 529 563 657 388 427 536 953 573 12 578 41 197 322 234 707 465 585 489 915 600 737 963 452 979 578 285 682 95 513 662 358 475 478 757 978
514 487 334 5 961 225 368 371 753 214 891 717 990 362 785 925 410 734 923 248 826 600 862 39 749 243 444 183 375 971 323 107 979 183 547 492 673 577 96 439
691 247 265 209 997 995 207 462 727 401 253 658 95 30 195 921 142 392 741 43 101 121 873 838 468 318 366 300 167 870 352 507 439 363 821 718 732 127 268 222
8821