40
7
961 42 237 197 424 430 699 772 522 551 192 33 991 54 297 291 432 261 262 952 30 828 989 549 625 421 151 585 962 656 455 807 564 904 807 715 739 512 934 495
967 767 794 441 333 931 992 920 27 897 470 694 856 274 466 13 613 661 713 480 546 491 459 757 474 384 605 58 991 469 918 857 324 902 348 719 651 959 61 933
384 386 937 717 310 643 809 288 272 908 988 140 548 783 721 914 730 992 285 584 839 500 238 571 20 749 200 177 475 885 871 598 433 422 5 393 727 355 906 286
650 692 419 96 118 90 853 889 636 117 643 666 328 890 187 543 303 567 239 275 136 966 272 685 459 126 447 479 788 901 57 685 423 344 161 137 148 688 495 827
182 688 350 805 326 410 146 919 757 10 984 376 820 208 435 521 837 137 510 859 526 922 658 973 769 205 238 133 821 52 103 979 379 720 3 357 756 328 186 818
533 380 172 583 500 11 117 472 683 578 42 554 231 127 439 87 236 740 908 45 842 713 94 697 309 964 616 488 808 276 546 676 284 182 969 928 987 647 411 790
927 367 979 288 478 798 348 616 528 275 697 484 901 607 964 434 383 980 527 753 401 595 803 436 166 570 334 27 427 147 730 478 639 746 465 100 546 961 913 864
326 97 363 160 263 673 692 719 929 848 192 428 861 617 647 301 251 384 906 133 82 217 774 590 213 115 660 399 796 633 392 87 508 836 254 114 278 533 527 423
9111