40
7
436 540 923 97 981 187 448 167 953 235 633 970 680 99 635 827 197 357 903 459 607 209 550 815 776 942 61 552 815 993 653 611 492 177 902 543 967 344 207 110
178 823 759 722 805 376 352 913 145 920 699 432 555 443 126 173 269 995 978 678 163 913 489 229 33 803 109 274 184 813 217 863 105 625 898 258 187 310 33 505
131 63 384 130 451 109 617 306 913 335 944 669 733 819 44 306 204 864 96 721 100 178 818 51 126 941 672 654 21 461 831 399 444 305 195 365 920 81 986 550
798 6 524 713 539 912 906 733 657 436 261 521 865 760 444 509 384 928 873 304 724 562 482 452 243 927 968 679 299 917 117 414 872 194 679 968 75 397 880 907
940 525 225 451 130 918 43 453 399 68 652 117 261 518 205 713 418 490 463 327 41 181 320 915 524 474 777 118 819 858 294 53 617 179 930 519 330 808 64 825
859 520 866 878 746 899 977 959 634 563 174 611 701 89 347 347 39 625 168 344 148 614 869 658 398 155 437 220 832 42 331 124 955 31 986 512 375 213 416 805
627 506 86 645 606 630 913 73 266 504 683 680 504 309 945 929 594 453 843 32 956 396 374 314 216 34 111 547 189 936 435 617 680 92 733 326 593 606 489 887
878 816 706 954 528 33 739 57 395 460 343 147 677 896 117 38 46 249 443 689 585 681 104 606 530 866 994 448 796 115 848 179 474 697 867 151 644 266 365 734
10081