40
7
971 405 307 107 422 380 836 831 470 103 663 612 731 490 146 319 397 979 890 240 36 310 381 610 310 617 730 680 590 200 622 733 5 711 323 806 168 557 926 160
637 380 229 723 367 468 39 721 332 198 121 499 816 802 628 723 839 214 611 189 827 425 879 502 230 538 205 343 684 192 711 168 581 599 871 354 694 205 460 525
447 800 318 567 66 813 387 514 817 947 171 652 454 65 908 27 923 820 910 551 353 462 206 941 198 636 953 737 449 101 67 129 773 261 382 929 731 211 80 264
972 290 260 561 688 261 32 436 232 103 214 843 1000 424 744 154 880 99 691 830 868 871 950 717 735 735 625 511 858 476 515 538 130 713 589 694 207 456 39 504
999 611 283 455 412 81 747 480 424 915 143 533 863 715 5 729 167 405 644 301 197 486 177 788 460 626 924 16 534 742 413 333 618 382 712 964 20 855 808 607
556 264 534 90 228 289 794 181 157 859 123 96 500 276 167 242 298 890 33 123 515 400 155 141 302 527 678 115 50 904 369 206 696 520 992 673 783 177 561 995
327 900 879 773 45 299 546 874 465 60 159 688 994 301 604 690 89 797 54 174 44 533 941 221 229 593 874 51 269 942 298 861 850 879 331 692 393 516 789 290
687 828 318 529 345 177 474 211 665 516 192 824 463 699 221 951 228 542 36 156 942 86 137 275 189 670 156 423 925 563 554 267 205 528 140 948 999 858 525 823
9638