40
7
174 725 577 630 555 507 395 360 818 892 202 369 613 48 171 871 672 804 888 85 100 576 880 37 333 80 718 386 175 960 678 320 654 130 29 850 394 614 5 875
62 762 163 863 410 35 248 832 744 304 221 215 480 707 641 265 779 897 116 484 174 941 318 985 885 859 752 285 550 590 911 222 74 191 463 176 888 773 314 351
298 176 39 995 160 448 473 694 53 527 823 544 804 699 852 69 645 471 166 15 431 220 50 184 985 967 41 955 785 692 290 933 360 190 863 896 272 927 513 7
47 355 43 970 301 160 163 206 230 11 839 230 134 756 478 610 361 211 286 550 507 819 21 243 890 536 241 917 814 239 773 289 799 820 169 743 897 257 328 317
825 33 642 281 971 841 672 336 45 499 625 579 916 903 770 607 689 947 386 398 518 732 41 283 700 655 327 289 817 249 822 69 305 760 98 372 886 904 68 417
32 190 4 624 785 784 211 379 975 315 669 161 179 80 703 658 600 847 636 24 237 355 952 735 583 732 894 318 631 892 664 3 332 161 292 392 945 387 245 68
585 417 309 860 654 269 979 767 92 220 342 388 171 515 228 773 206 511 959 340 108 374 534 393 354 505 957 469 948 19 506 42 313 64 249 822 461 599 159 631
863 809 995 573 146 603 195 667 972 938 544 926 134 46 361 964 820 652 539 95 398 822 398 27 1000 593 749 532 678 804 775 396 762 794 714 954 464 972 585 477
12368