40
7
547 373 977 672 94 899 43 265 323 275 500 233 8 42 545 987 125 365 452 717 416 189 916 896 256 784 838 666 298 478 56 286 133 915 308 907 572 248 920 589
123 550 825 415 105 324 25 47 549 303 304 613 740 787 115 59 614 651 293 562 216 679 223 934 200 167 931 52 16 232 181 399 987 11 526 51 605 136 944 721
588 252 589 423 477 527 38 748 765 586 393 294 589 765 853 4 19 261 450 562 239 484 413 90 126 915 626 604 57 405 24 798 58 75 688 846 471 802 347 151
886 632 235 489 699 699 51 864 556 330 843 317 884 258 52 306 919 690 408 7 507 63 153 123 337 401 579 484 266 580 661 824 894 261 994 393 835 30 184 880
473 565 378 431 762 996 990 287 566 871 295 922 348 766 425 54 163 310 585 213 339 134 200 566 196 162 495 982 771 890 775 985 380 138 321 129 644 509 224 586
530 793 823 375 118 371 544 307 851 821 503 728 143 923 834 937 822 788 489 628 417 617 510 509 354 135 963 688 106 932 835 693 173 734 220 851 246 47 424 913
576 840 930 713 1000 755 598 311 638 402 196 747 448 389 151 714 59 926 234 108 84 839 995 956 612 703 104 356 850 229 48 749 430 701 555 451 354 685 551 148
472 71 450 864 760 156 884 788 5 446 810 832 949 286 794 735 119 429 303 582 595 459 779 287 763 132 386 225 921 334 261 878 1000 992 837 559 135 222 922 503
10963