40
7
656 109 813 131 209 665 338 998 279 143 9 922 605 496 144 77 482 217 821 253 403 758 400 245 944 562 346 335 23 848 389 177 267 226 45 315 424 665 308 69
666 181 168 725 687 549 422 742 163 348 245 692 112 279 375 892 238 666 693 2 286 508 623 37 29 157 842 123 953 806 999 830 450 597 67 952 749 117 305 599
118 596 346 251 5 476 602 933 23 838 819 799 532 230 106 653 951 526 964 497 6 592 111 959 814 116 641 200 130 436 45 246 794 402 988 859 954 525 402 397
462 629 299 588 64 485 274 559 777 202 857 154 945 521 803 36 174 870 782 575 915 206 432 427 559 106 363 63 248 88 564 168 887 610 334 171 833 854 178 203
138 333 954 860 166 532 856 624 636 653 372 163 883 101 870 837 834 366 865 613 986 703 455 313 686 202 500 128 670 574 344 250 705 433 195 69 80 833 584 590
677 221 750 972 414 577 352 970 254 45 575 221 563 401 879 721 720 639 28 428 687 91 752 126 833 362 61 919 379 479 100 478 809 450 496 422 927 821 716 670
198 830 25 519 464 830 423 211 450 497 775 526 612 553 160 159 859 75 280 535 138 980 216 602 852 775 638 932 138 416 801 934 354 229 412 983 371 972 883 922
313 910 82 768 378 634 157 713 793 624 256 534 545 51 85 992 291 907 827 334 133 605 544 428 74 235 940 683 57 896 795 927 670 385 858 243 164 200 507 390
9964