40
7
15 238 607 195 428 667 173 111 590 250 617 826 92 923 313 816 729 817 74 203 926 283 162 528 333 38 189 994 622 433 205 746 941 215 321 874 975 563 664 181
498 630 55 853 301 368 185 3 590 1000 800 536 469 380 424 548 294 452 929 684 587 611 204 849 437 43 578 525 889 777 330 990 786 150 1 372 795 103 412 43
990 934 165 876 593 985 115 630 601 144 808 372 383 654 515 161 667 424 74 879 455 978 956 527 355 768 59 837 9 72 682 949 108 341 351 3 26 224 816 171
25 235 674 132 902 969 788 443 100 925 945 857 887 116 139 614 993 389 578 452 614 911 916 933 434 298 128 88 80 263 514 211 331 161 292 544 827 290 208 152
364 171 924 57 296 361 877 251 801 263 846 306 185 255 46 390 528 241 29 844 376 219 84 250 680 681 65 509 668 385 832 774 282 572 769 911 970 439 793 730
417 351 770 181 96 169 516 243 198 925 394 848 986 16 738 189 403 858 554 584 705 481 557 194 971 58 385 628 62 348 815 856 609 679 49 359 555 681 792 882
937 158 980 915 371 440 378 284 824 360 103 673 869 134 188 248 36 892 605 660 470 547 250 680 92 542 180 212 405 500 706 467 301 877 549 686 615 930 265 727
72 61 672 238 923 162 202 318 239 898 639 317 426 688 949 197 331 610 376 660 545 535 210 587 655 247 212 515 25 313 26 296 275 623 279 227 703 423 619 538
8416