40
7
597 900 821 814 889 568 54 723 277 718 550 628 79 299 10 918 669 214 854 378 153 404 687 906 416 743 227 101 438 999 753 370 309 246 223 478 350 982 343 468
61 392 526 174 951 253 990 855 773 270 958 457 792 342 103 831 691 326 128 704 575 820 162 19 825 815 647 855 138 588 832 833 894 239 369 176 307 295 793 344
119 620 37 40 574 478 782 422 164 977 970 260 235 193 159 921 797 513 332 451 914 42 333 194 443 658 978 252 321 72 137 973 320 502 723 548 465 702 273 899
328 668 211 41 468 946 558 758 914 70 558 590 39 501 865 358 918 1 468 501 382 393 991 770 359 22 739 563 150 74 750 496 375 653 889 343 424 344 392 329
504 62 274 766 469 782 183 375 168 100 765 759 715 667 803 85 977 322 440 783 572 79 256 123 721 124 167 659 325 991 926 185 652 169 944 276 613 815 6 286
343 572 215 760 447 729 29 163 572 871 311 897 778 718 111 446 434 350 16 886 842 971 881 72 518 604 917 624 910 193 384 106 739 256 542 306 14 614 322 129
577 978 932 254 838 706 551 265 818 331 512 948 978 268 784 564 327 813 753 263 490 571 733 754 555 969 807 153 329 652 784 433 611 838 670 151 110 860 706 972
590 33 673 556 551 388 435 595 896 583 937 255 10 58 813 927 959 242 625 619 153 863 218 142 655 598 685 846 866 907 743 944 721 965 247 742 846 341 767 201
11598