40
7
735 866 82 154 472 630 405 871 979 530 454 454 222 420 129 393 668 573 48 170 425 486 196 800 810 52 753 103 491 821 390 845 740 174 703 124 524 121 17 877
733 327 61 605 299 899 46 342 916 229 117 102 188 195 34 679 639 308 730 281 91 251 286 278 517 641 267 671 100 2 283 415 412 466 806 938 985 91 728 559
907 137 48 388 710 274 154 537 937 262 43 35 767 633 998 883 200 615 833 641 944 782 338 695 160 432 812 884 175 956 215 620 677 945 986 351 833 428 963 257
260 295 920 943 296 395 433 419 746 526 537 747 27 666 588 551 310 305 886 187 241 940 310 598 677 969 594 595 400 524 28 846 68 2 756 156 797 547 700 248
654 306 176 143 585 863 805 911 593 8 859 795 729 165 249 380 792 841 778 382 686 273 717 380 155 926 105 50 614 999 493 406 194 325 136 148 344 25 560 998
37 598 938 819 809 939 135 735 941 36 26 704 89 266 518 426 818 867 933 420 796 333 895 691 451 869 617 690 716 358 673 675 997 361 109 120 243 825 196 575
609 352 193 858 336 288 679 924 656 973 389 374 994 707 400 919 963 628 213 269 819 459 355 915 390 545 412 430 843 691 993 585 328 761 993 512 781 882 431 326
382 543 257 688 981 557 180 110 288 39 18 84 35 517 483 289 15 788 559 412 510 416 302 461 556 302 637 614 395 232 216 994 680 585 121 492 812 682 511 714
8729