40
7
877 405 950 893 750 126 875 828 148 790 799 166 861 793 80 744 419 34 900 19 52 705 973 423 8 497 551 248 420 431 558 992 592 740 557 568 219 997 655 430
631 949 489 903 392 538 724 946 674 466 417 996 650 338 128 691 357 378 388 219 256 924 450 895 821 420 356 10 962 286 586 209 858 723 853 750 112 662 300 702
161 290 459 333 471 200 325 677 228 342 285 698 544 658 554 392 627 194 30 729 172 37 188 89 822 119 217 324 153 572 754 523 50 368 185 567 45 124 718 9
999 884 29 828 457 561 29 841 687 149 224 734 197 45 876 404 5 816 743 486 201 808 179 6 886 420 598 525 801 848 697 452 389 961 457 407 326 664 334 228
596 912 785 865 528 174 48 119 987 462 310 511 906 863 877 430 1000 245 290 263 814 914 101 209 168 33 937 420 507 742 756 911 18 913 112 746 49 699 10 546
816 785 144 831 446 480 76 108 451 491 319 183 579 376 599 902 390 321 362 200 67 232 79 259 946 426 408 94 547 823 639 385 195 284 689 995 52 581 993 797
97 104 21 164 397 810 209 293 719 494 739 1 710 115 804 48 496 446 533 980 304 911 11 126 158 80 48 252 755 128 700 5 289 993 180 211 402 907 386 365
799 734 445 499 30 89 829 805 999 988 460 463 696 529 311 889 460 463 833 296 56 390 431 586 15 262 275 92 720 529 715 643 942 99 501 317 862 153 250 408
9932