40
7
307 876 804 307 700 611 512 318 569 318 120 513 101 980 953 74 876 628 134 798 976 76 858 352 365 932 714 380 710 813 759 855 419 200 729 598 622 731 381 289
182 409 899 343 118 418 392 468 275 556 447 881 801 190 976 167 447 324 969 665 681 60 951 643 27 940 943 831 352 759 687 737 914 492 137 865 414 518 737 32
564 828 879 15 449 227 199 51 615 995 614 666 407 572 10 575 901 755 672 865 977 530 852 736 869 183 418 296 122 496 977 964 208 133 308 176 884 144 719 407
656 583 823 401 980 56 168 442 347 930 567 54 464 924 407 221 856 764 305 3 86 787 266 856 717 430 869 870 355 595 948 112 327 346 263 583 959 479 602 640
497 428 416 61 403 381 468 738 812 8 57 197 260 608 611 158 53 479 541 658 178 976 32 99 264 381 130 873 779 717 323 836 299 212 842 557 994 749 865 54
145 999 580 310 197 463 500 944 268 31 324 894 519 546 86 123 876 194 39 111 203 60 419 821 410 38 169 366 25 329 893 619 833 771 29 333 781 459 863 946
536 975 693 433 694 869 958 568 654 476 294 183 363 142 797 289 395 463 56 377 794 337 762 650 863 795 299 794 962 103 792 131 207 309 478 761 325 230 626 686
159 765 512 919 956 963 653 389 689 877 110 200 611 715 411 206 422 575 897 574 197 159 715 155 470 780 699 124 273 168 79 161 340 429 193 699 585 585 641 51
9553