40
7
703 363 356 776 478 737 498 85 363 125 952 217 635 83 456 722 659 89 429 490 639 985 599 116 773 679 175 464 76 125 817 681 723 3 754 124 467 306 201 607
479 246 817 390 146 480 783 898 896 886 558 485 231 663 914 20 504 5 257 921 59 320 765 472 98 621 92 237 631 774 88 417 851 340 267 68 380 630 69 41
427 706 349 591 403 266 754 170 380 666 601 5 280 124 515 449 764 244 510 739 229 527 913 433 922 425 156 743 342 130 280 28 758 375 646 496 270 588 608 130
657 585 367 35 64 967 314 51 189 193 457 690 183 736 879 50 223 456 513 102 640 698 607 705 114 629 124 24 267 595 535 48 993 519 660 871 746 730 627 570
163 877 310 188 497 172 642 68 931 790 870 928 719 161 204 841 508 899 869 814 788 752 157 311 696 714 567 763 214 924 950 299 862 643 849 875 734 84 349 176
334 69 644 691 971 778 379 409 552 737 816 194 854 620 607 983 851 325 191 386 995 400 622 535 335 921 366 682 44 560 26 389 202 480 663 992 273 266 76 804
396 859 742 952 222 336 978 70 778 680 147 539 894 12 469 448 704 577 901 591 483 678 479 187 420 447 730 177 516 7 473 22 277 363 131 140 98 697 818 604
573 709 417 179 987 225 227 943 656 882 850 86 836 343 607 227 8 959 324 504 921 647 204 233 785 465 526 71 610 30 665 7 391 98 120 362 238 327 480 504
9113