40
7
5 715 165 607 312 726 175 201 315 218 295 170 587 682 953 361 739 162 555 399 699 244 290 260 367 645 855 288 498 2 696 534 759 473 338 627 114 240 254 892
182 579 397 430 614 306 477 969 894 503 889 507 250 99 565 250 622 924 928 216 885 474 937 500 394 759 432 976 844 134 607 830 655 42 222 363 627 571 979 415
532 529 666 303 432 194 469 226 675 100 439 399 735 602 568 163 892 946 311 219 656 984 38 860 955 979 60 843 496 256 827 46 401 933 196 225 614 275 742 375
398 915 119 402 272 993 338 498 677 972 810 118 660 872 282 829 510 865 603 676 455 508 165 632 580 807 587 369 994 562 8 174 64 147 509 884 111 849 820 656
819 255 645 581 699 271 182 133 229 446 822 250 558 158 617 1000 988 907 945 43 341 540 493 947 196 65 589 853 20 214 566 285 372 463 804 61 857 833 254 388
310 654 506 272 140 553 918 550 576 425 280 162 948 176 386 950 192 837 730 433 953 244 592 674 459 194 98 88 788 563 727 846 666 969 374 561 699 437 851 469
480 526 11 489 291 91 257 56 985 459 899 582 276 65 234 806 737 722 49 148 767 524 896 381 538 315 358 951 625 195 117 541 276 773 728 347 375 158 181 619
675 678 26 934 459 747 266 863 148 437 452 768 924 808 605 134 641 218 559 825 252 656 769 9 99 39 89 851 335 173 489 941 286 768 682 764 1 739 935 751
10398