40
7
736 507 309 576 82 582 807 667 331 55 960 603 840 139 957 797 787 512 887 941 124 432 763 329 536 359 802 369 983 761 420 948 504 739 488 82 670 487 272 953
795 960 513 820 259 523 690 495 507 844 992 981 129 618 634 156 255 784 816 323 226 506 174 646 371 595 898 902 278 954 505 125 157 761 887 471 601 883 594 389
785 507 472 469 725 574 779 884 621 227 978 654 935 46 804 264 903 457 988 158 246 94 329 610 156 375 741 160 525 543 38 687 10 43 329 778 114 127 968 404
355 965 367 940 683 799 393 68 928 94 910 814 597 150 134 549 266 736 127 173 761 922 465 272 181 464 209 499 984 581 137 627 975 779 59 136 962 504 759 979
81 402 770 155 306 356 30 86 690 930 231 122 948 265 88 728 724 164 511 543 233 789 570 648 313 636 166 643 537 33 33 78 936 618 842 215 468 464 190 916
446 838 76 697 715 914 877 914 885 920 768 498 792 948 399 354 763 511 747 772 506 813 119 50 40 577 28 968 763 527 801 121 467 321 256 472 212 222 643 879
193 489 967 854 10 232 623 554 730 489 318 915 788 592 595 956 898 136 385 511 716 139 807 358 633 493 255 697 187 84 773 808 579 391 246 472 252 96 532 891
117 886 804 849 527 9 675 299 762 376 678 212 554 16 621 9 654 558 694 506 611 761 934 368 913 194 947 921 10 694 80 358 114 152 345 841 299 951 193 683
10088