40
7
387 986 853 158 27 33 133 899 985 457 862 366 217 704 867 254 235 220 996 630 625 392 941 860 881 333 475 534 940 612 125 687 58 823 534 14 867 26 766 78
986 960 973 534 622 459 868 691 910 190 805 793 540 63 49 786 160 53 535 924 310 574 142 404 428 136 300 726 541 809 659 134 301 661 331 997 859 165 79 649
168 520 460 431 990 147 109 468 323 238 207 963 71 57 505 465 620 814 775 906 851 578 754 787 849 859 492 772 454 61 129 182 546 372 430 506 446 467 625 305
516 364 98 720 487 734 782 799 244 721 804 261 758 875 342 883 893 116 570 991 961 957 954 697 326 547 719 783 206 49 488 935 284 752 615 752 156 244 624 72
759 866 828 987 610 568 973 445 437 899 48 250 280 768 217 809 217 868 492 280 487 518 842 576 129 457 803 721 34 867 42 36 68 693 300 980 491 920 312 831
22 39 632 14 638 650 459 951 428 717 76 812 236 218 582 91 14 827 780 132 590 424 549 98 581 863 110 811 956 994 588 396 866 51 483 856 312 239 192 872
57 563 472 526 513 746 516 490 696 300 69 808 892 337 911 135 718 639 423 940 939 113 207 28 321 241 927 100 82 37 68 154 803 813 739 369 559 673 167 606
884 540 571 264 842 842 616 695 851 170 921 687 156 989 354 442 132 76 495 721 387 755 102 810 617 634 572 56 71 939 185 921 342 104 661 145 148 725 772 224
10209