40
7
571 290 161 139 230 909 188 568 402 789 458 846 898 180 133 225 771 492 489 984 244 375 368 867 4 816 581 573 858 890 581 590 703 295 546 527 297 296 379 224
512 947 371 653 109 776 865 310 400 944 904 802 315 824 843 261 77 408 229 584 665 70 594 624 394 245 381 644 200 612 965 371 569 806 146 971 460 907 497 574
47 265 216 628 393 138 155 664 273 327 612 86 29 347 193 105 839 528 208 255 440 73 552 262 353 716 126 424 512 876 353 670 390 279 731 620 832 761 629 443
532 241 626 541 598 436 457 774 616 790 792 476 979 962 592 178 704 254 181 322 50 871 862 69 764 537 620 758 80 350 775 663 800 159 541 457 499 414 203 746
282 557 222 245 667 791 759 723 174 461 853 763 870 613 22 693 242 43 425 310 619 87 994 868 777 489 494 366 392 16 523 633 352 812 675 238 311 736 837 587
281 571 145 209 959 217 67 899 773 110 211 887 195 416 768 297 423 977 352 882 76 928 981 710 811 513 412 91 407 846 691 530 315 36 97 740 671 558 689 41
774 904 918 832 533 484 981 468 10 546 79 194 720 882 976 267 239 401 625 677 404 313 628 10 554 770 130 728 963 757 610 368 13 537 110 11 199 435 240 893
972 957 416 962 445 133 477 516 854 82 926 11 927 438 418 738 880 47 819 765 322 794 404 794 390 340 92 574 316 96 507 550 472 429 113 936 3 826 918 676
10668