40
7
218 985 345 496 898 616 859 761 192 73 524 943 300 227 954 769 24 381 387 204 952 908 763 37 24 899 410 977 809 373 764 812 798 851 725 274 937 328 772 300
841 290 683 613 853 8 931 348 126 186 253 745 763 109 115 131 510 237 572 536 894 655 984 402 26 822 241 192 587 306 147 339 763 283 661 288 832 236 895 460
841 200 853 738 348 475 381 436 980 378 699 612 329 393 785 108 876 140 895 488 418 714 41 360 102 595 371 771 462 413 844 130 536 27 881 572 750 793 91 758
537 418 361 148 806 195 763 828 941 345 473 943 409 107 439 556 734 85 479 653 670 681 411 314 468 795 287 728 31 911 854 807 600 652 165 753 859 812 88 480
422 607 921 184 840 467 954 7 454 324 748 522 777 662 673 799 565 103 323 767 345 497 724 877 317 352 950 52 152 107 722 280 616 671 547 157 612 302 633 306
369 748 592 672 902 632 233 731 110 778 53 156 33 982 40 645 63 628 979 470 974 441 668 951 211 685 893 404 301 208 636 817 306 659 573 550 990 786 624 247
91 542 385 824 439 455 728 883 807 41 202 733 42 187 988 984 435 824 443 38 660 989 448 462 472 40 607 593 369 466 820 359 690 592 827 636 850 426 696 574
686 846 176 784 183 749 808 508 297 686 377 114 116 570 696 314 789 212 300 158 233 392 727 942 718 157 156 287 230 427 891 911 623 848 712 887 440 91 39 621
9851