40
7
275 120 1000 84 845 187 31 780 287 955 240 532 650 680 582 748 856 371 724 202 151 899 980 9 822 917 330 143 346 828 942 780 804 725 910 248 750 983 371 111
745 267 827 341 330 995 136 717 822 142 366 753 581 87 353 14 659 665 820 925 867 88 561 406 908 6 388 324 910 65 268 872 222 645 146 647 151 371 161 531
833 71 203 532 276 570 245 869 230 507 64 339 494 304 729 648 788 623 858 138 665 647 359 992 589 185 382 397 39 472 514 471 460 817 777 764 823 652 882 718
947 179 985 789 744 46 277 799 266 93 828 365 823 806 984 483 937 800 959 980 866 50 593 736 818 293 35 107 411 114 591 683 468 51 337 137 290 701 636 187
574 484 799 607 86 27 977 73 83 164 873 456 266 425 499 712 220 249 134 452 540 750 51 254 102 727 183 601 631 540 89 763 292 715 215 4 820 668 548 841
895 757 409 665 262 658 390 357 532 498 999 14 120 372 679 428 536 808 134 814 72 248 620 484 587 881 46 923 538 896 189 515 384 945 476 636 394 884 514 433
843 576 981 170 420 220 968 828 598 900 333 896 976 216 919 513 795 560 869 859 248 896 727 876 403 110 165 291 812 344 399 245 976 668 549 574 703 65 592 816
328 217 816 591 791 304 42 332 568 233 699 259 184 633 275 67 984 979 628 687 269 321 855 805 396 419 653 303 633 261 447 433 318 664 159 598 290 749 912 938
10020