40
7
199 840 455 33 32 549 125 406 658 905 166 425 969 705 616 54 257 198 984 15 8 492 965 421 136 996 390 972 601 51 875 989 579 666 477 39 428 251 568 32
903 614 826 30 262 78 318 535 745 395 188 732 499 11 72 462 219 242 303 126 193 734 378 149 856 272 524 82 898 663 945 546 905 262 236 547 885 931 491 15
398 932 230 862 971 405 602 361 316 219 149 540 530 985 106 682 468 135 162 893 255 400 703 244 757 392 101 820 248 954 108 388 450 386 356 152 680 71 819 715
672 787 223 516 819 974 411 744 853 368 923 876 465 417 540 62 790 45 925 900 532 15 569 602 904 991 559 79 706 422 608 79 342 595 404 251 146 471 406 518
229 562 460 837 803 757 153 951 712 369 467 293 205 521 18 193 239 73 831 789 156 993 834 797 714 529 653 841 698 854 473 736 395 384 745 463 569 429 124 807
890 760 769 101 148 469 684 184 151 698 395 737 273 680 802 533 475 472 571 544 647 549 743 83 1000 536 607 421 802 682 734 778 473 457 767 995 180 129 382 82
317 850 96 518 725 355 237 432 920 149 129 493 882 440 403 168 545 607 472 208 651 829 222 922 684 190 962 82 485 529 360 516 855 320 900 720 58 606 761 645
247 827 299 573 3 865 757 594 162 230 984 315 305 881 656 354 738 320 609 989 71 378 762 868 619 602 211 626 49 43 400 712 512 677 25 362 624 316 137 261
9482