40
7
532 355 354 81 856 317 922 608 646 929 35 717 979 790 242 873 108 121 916 552 901 225 30 174 445 208 387 733 405 385 304 705 570 939 626 521 400 402 779 972
770 123 135 801 112 190 561 288 753 189 348 295 627 284 76 170 804 898 463 311 105 765 829 838 97 285 200 582 408 317 164 817 218 86 808 16 503 777 235 525
46 220 418 640 425 275 196 497 24 552 361 993 421 665 710 71 279 752 372 814 319 961 582 599 500 529 661 513 321 914 739 331 678 888 513 884 939 895 597 670
445 675 810 512 300 895 457 885 262 301 483 976 887 616 731 841 393 594 454 125 88 29 636 258 367 841 254 88 327 571 162 692 964 41 960 449 125 893 701 200
412 365 770 740 425 79 962 139 937 60 722 910 901 347 420 855 929 962 434 952 263 972 826 876 514 351 902 172 268 249 633 797 360 931 400 383 174 128 859 730
371 36 87 390 291 478 627 809 104 40 76 815 630 632 660 977 268 342 722 318 523 546 716 625 162 14 849 616 227 868 831 378 761 581 521 608 396 56 10 609
789 670 472 985 25 197 623 789 230 682 413 821 923 497 91 502 352 868 358 41 367 375 803 999 571 660 663 594 415 807 606 479 241 481 153 303 44 714 682 444
151 64 791 326 811 183 324 765 44 533 349 712 895 1000 235 368 943 306 533 713 364 350 182 747 178 701 484 309 102 382 23 371 647 716 550 570 575 985 771 696
9875