40
7
11 825 358 112 779 606 329 477 214 107 94 851 400 524 868 118 573 94 118 265 254 780 876 898 773 424 111 171 257 88 116 405 34 887 35 956 102 100 985 508
617 30 48 302 278 654 446 257 148 90 275 729 97 555 82 483 751 588 14 437 525 276 70 475 241 624 572 518 201 173 463 130 224 754 170 399 810 664 131 162
295 323 364 104 960 203 770 259 461 876 985 339 26 145 739 156 671 754 195 455 572 310 692 244 212 218 86 517 218 291 898 121 346 61 870 583 344 31 84 836
253 79 703 543 867 202 865 96 6 790 881 346 856 676 696 372 952 892 351 827 449 940 217 807 211 914 169 945 816 297 659 643 563 573 715 420 759 686 113 614
628 734 972 531 783 186 704 376 119 996 51 751 546 324 86 464 234 215 927 996 336 808 343 774 491 123 178 742 903 319 911 815 65 12 211 378 433 772 729 238
516 478 9 85 890 655 216 356 737 551 229 155 568 459 404 815 873 870 127 738 338 857 633 879 68 10 865 500 729 709 993 615 359 196 68 500 424 925 122 898
589 584 14 3 582 33 349 991 941 771 834 143 420 407 489 392 668 116 729 795 769 906 673 552 983 643 329 722 424 209 971 516 842 163 402 660 139 394 850 334
148 926 653 837 860 522 302 107 886 814 725 311 195 80 549 875 117 65 101 81 529 772 555 417 696 905 641 126 839 899 32 335 231 661 593 290 158 106 292 748
9490