40
7
6 443 547 791 296 519 835 9 182 524 259 119 678 473 601 755 600 268 797 221 675 969 648 341 731 497 610 820 244 692 583 865 620 156 122 390 640 768 826 227
56 378 982 951 435 97 535 350 848 810 9 136 18 189 704 957 352 518 68 992 539 239 419 803 934 133 689 750 266 588 185 383 934 965 819 163 292 475 461 14
278 624 816 830 80 467 571 933 66 795 656 231 369 170 767 321 650 406 833 683 605 345 85 406 851 490 695 298 374 690 302 37 454 488 139 727 32 734 417 4
285 890 328 304 806 174 837 522 167 562 259 964 834 700 270 877 56 788 3 347 362 906 170 405 996 636 338 646 202 456 112 651 518 516 642 527 552 149 235 427
22 922 511 645 405 860 707 196 602 103 488 204 79 464 290 718 840 347 199 277 128 911 567 646 731 143 769 333 490 32 723 551 496 812 288 810 724 761 466 147
487 714 914 217 773 649 632 706 570 311 554 228 539 898 93 612 479 752 181 297 846 624 515 496 28 270 466 143 252 101 46 497 846 589 626 568 882 807 967 369
759 672 413 772 904 995 452 961 709 204 367 968 210 428 741 526 747 61 654 961 827 267 64 85 624 44 345 221 792 967 675 998 638 817 273 821 931 281 994 887
190 498 291 774 171 992 188 976 663 419 925 676 510 801 564 908 666 324 330 182 587 738 135 651 584 913 425 102 753 182 184 902 207 317 378 954 510 822 895 29
10658