40
7
872 429 665 431 825 372 364 544 318 744 19 513 43 949 959 63 446 736 643 12 617 176 190 300 604 826 934 80 318 664 220 10 798 871 767 466 216 564 288 353
171 866 323 370 153 342 273 976 696 820 562 668 47 778 102 21 605 366 127 765 547 908 522 16 713 767 674 899 16 341 140 486 864 411 20 203 57 876 289 787
931 247 526 994 683 217 417 687 996 854 777 412 808 151 307 495 358 256 491 420 405 463 779 546 250 880 171 485 486 533 799 233 790 563 402 609 519 318 742 769
226 478 953 815 456 708 953 415 606 475 646 949 840 417 282 557 501 664 502 823 1 708 56 947 283 687 519 65 362 438 925 371 777 779 43 295 99 933 943 211
664 948 195 560 793 6 915 837 595 87 630 170 435 210 703 120 712 595 381 398 343 533 529 276 732 400 978 812 346 559 600 568 287 492 825 131 268 923 459 974
925 567 248 556 917 738 418 717 461 380 89 419 725 983 91 729 889 125 483 140 949 661 705 653 768 675 555 168 209 736 955 281 362 995 187 822 676 706 360 753
128 929 335 146 824 293 669 648 821 717 267 283 607 838 41 361 551 129 182 774 584 410 77 144 224 760 428 737 713 805 913 451 172 891 7 478 754 758 160 838
25 993 187 671 252 723 803 925 648 807 882 422 344 581 310 999 872 857 994 71 627 145 669 806 634 454 902 822 786 692 982 414 83 754 905 962 506 437 91 374
12206