40
7
127 387 641 819 157 498 407 787 665 157 722 53 180 516 991 144 236 933 998 177 709 136 485 842 583 565 396 389 401 385 288 582 904 243 721 594 111 363 673 868
161 509 478 14 384 439 296 992 460 638 435 522 310 578 647 54 556 368 373 204 295 840 337 265 45 216 729 81 424 846 921 905 414 805 573 275 483 942 741 159
502 538 526 897 208 217 274 685 868 631 497 311 504 576 79 392 534 371 289 367 982 628 117 388 94 926 97 74 27 859 939 157 259 257 117 370 41 458 879 535
386 607 686 417 425 12 108 842 454 209 863 431 519 76 181 643 164 291 797 983 471 827 12 332 346 247 397 291 689 723 834 424 775 33 517 438 230 90 651 783
198 199 304 349 983 669 170 669 109 161 32 917 288 404 434 198 291 16 928 262 241 608 276 812 636 523 43 516 850 124 944 229 368 736 125 132 216 79 116 478
512 653 317 940 752 659 412 987 370 630 551 980 72 621 857 749 3 942 559 795 915 42 588 718 404 877 91 731 612 814 762 693 365 38 630 700 909 966 419 921
529 188 866 120 950 242 757 271 104 386 410 71 741 189 369 395 930 934 8 122 144 803 323 825 309 55 575 945 557 304 102 872 145 527 127 227 704 991 594 329
882 287 418 840 826 952 24 551 617 735 117 11 403 486 646 139 542 685 615 861 805 173 556 595 754 177 519 753 407 574 822 451 535 190 662 633 797 931 279 219
10735