40
7
33 516 752 857 738 636 747 429 514 672 777 656 472 514 58 777 631 358 586 299 436 824 717 936 808 994 147 618 771 895 319 970 377 123 270 819 31 872 710 697
73 734 141 8 229 888 466 672 761 868 131 952 311 814 426 569 765 402 850 258 180 822 931 652 723 444 311 433 866 698 759 618 281 267 297 26 455 822 950 375
607 991 452 862 916 664 534 243 533 13 169 116 631 938 520 360 152 945 716 73 371 54 659 649 277 171 351 460 806 594 508 554 798 498 921 927 617 363 500 212
276 405 983 416 463 895 328 960 734 382 550 470 940 617 963 584 25 813 783 425 222 282 19 534 191 339 165 873 394 133 477 488 504 191 64 81 735 452 367 1000
900 957 492 115 651 416 847 335 655 838 452 821 290 389 762 465 231 798 833 28 740 498 761 549 708 110 220 55 649 538 507 346 947 844 700 373 350 939 368 198
52 545 757 876 123 788 719 788 418 61 555 912 135 121 776 729 110 623 492 185 524 582 584 836 353 689 689 609 675 763 869 650 579 567 862 481 610 736 293 329
986 325 268 289 211 664 265 990 764 125 263 406 145 69 53 705 455 931 731 723 349 76 593 237 319 754 864 279 762 921 510 508 690 576 555 543 833 666 33 963
833 456 242 938 346 606 283 687 527 363 159 82 434 29 510 169 341 651 560 566 571 606 242 900 702 756 931 83 935 55 602 334 996 756 400 601 752 606 567 450
10314