40
7
152 192 210 465 130 597 948 258 662 21 636 453 137 876 505 196 995 204 812 919 241 524 576 771 169 517 223 858 490 459 296 586 842 18 636 682 774 768 327 306
257 330 498 743 470 482 858 677 306 991 577 425 624 724 170 176 636 284 570 387 920 795 355 177 388 747 339 200 501 134 564 55 907 71 904 801 84 937 330 685
355 211 265 657 975 636 283 443 308 870 752 972 87 88 29 621 421 296 946 329 973 264 517 236 129 140 58 52 913 936 463 351 821 124 297 11 282 85 52 983
228 472 959 126 13 725 692 158 871 119 566 820 241 663 425 106 81 683 27 556 784 648 275 838 440 6 255 972 443 825 123 104 430 728 38 192 685 558 790 705
40 690 812 869 246 164 13 787 771 661 85 843 407 729 274 871 410 152 40 472 385 722 108 224 864 383 833 579 675 199 895 912 389 63 774 514 685 680 89 504
940 925 56 815 485 100 6 285 379 62 834 998 184 721 641 900 813 172 606 530 781 867 913 133 166 200 674 4 325 717 465 459 265 460 691 65 112 915 456 952
599 317 110 665 370 751 118 926 819 712 962 323 480 963 515 486 397 538 779 8 6 226 325 156 569 471 513 602 529 481 220 591 506 478 933 108 571 296 757 959
148 318 50 195 939 963 645 539 395 148 384 391 304 12 891 987 193 312 66 620 73 443 981 46 754 150 985 151 39 645 957 75 261 58 812 148 905 27 543 916
8735