40
7
25 967 579 531 634 444 498 922 660 959 37 928 416 76 228 978 418 419 471 988 165 290 153 509 966 397 753 201 911 133 207 514 63 226 334 626 912 86 926 190
307 236 383 838 373 457 425 581 33 686 253 421 580 617 449 935 587 807 960 474 456 337 445 423 38 597 122 104 972 404 79 308 156 132 461 123 494 475 26 65
670 80 482 739 372 449 420 763 767 902 614 861 302 649 181 499 154 319 947 262 488 413 399 974 982 137 471 983 622 609 23 786 143 462 797 543 521 494 140 411
600 770 132 346 474 881 111 172 308 852 895 913 192 409 69 855 557 109 150 732 692 373 531 618 486 628 609 479 97 140 671 655 74 525 131 961 301 410 130 489
224 13 401 293 932 634 152 200 130 502 777 571 836 467 418 584 626 620 883 35 34 482 727 929 503 913 653 685 894 244 200 366 897 439 112 35 651 623 840 253
534 544 619 20 914 681 269 933 626 151 851 873 258 668 522 851 905 744 224 767 619 780 937 557 675 695 326 682 702 173 769 875 890 597 898 124 519 581 116 173
221 769 93 467 82 539 856 682 492 193 826 900 612 937 686 465 246 154 696 201 694 471 480 954 661 170 372 757 739 52 942 372 621 673 419 230 484 258 922 731
850 764 98 34 624 627 652 847 939 854 455 57 659 697 527 986 141 858 585 729 850 759 358 817 396 552 987 860 689 27 548 868 755 919 275 478 84 107 444 522
11639