40
7
996 2 756 347 253 547 353 817 442 190 659 659 760 538 383 930 750 67 982 385 19 705 249 302 282 940 140 207 45 842 905 948 656 121 236 319 164 29 671 966
402 561 527 517 826 50 178 836 242 58 46 809 471 934 417 248 470 708 646 874 358 777 265 455 796 907 795 394 482 71 825 977 988 395 76 165 692 862 495 712
212 157 456 366 823 999 524 421 557 15 367 553 384 174 160 463 258 549 824 163 527 761 51 437 908 79 967 594 61 99 161 49 194 516 345 60 289 935 832 510
760 171 938 913 151 167 775 104 370 141 848 902 453 132 175 837 252 578 653 774 200 993 651 790 502 885 659 319 590 382 848 6 667 621 344 196 355 762 762 872
136 748 272 728 683 426 350 547 219 121 606 1 397 809 777 751 830 952 727 994 877 625 258 12 516 764 839 620 639 504 388 558 102 397 865 406 742 968 428 39
590 947 919 987 401 945 894 816 593 984 504 318 235 181 573 242 967 490 172 522 888 270 295 536 172 25 45 551 678 996 746 836 392 14 624 798 162 571 403 478
302 475 636 185 989 977 114 502 553 805 338 782 888 32 284 218 274 1000 226 181 22 879 450 565 112 36 325 693 315 802 918 621 847 580 107 908 88 110 54 894
416 174 373 176 601 117 75 822 303 750 760 995 155 644 486 624 807 493 105 120 766 9 502 413 243 787 498 171 690 385 243 374 912 251 297 580 22 112 924 740
8958