40
7
294 515 50 564 717 206 419 23 132 831 749 979 816 923 708 586 154 482 552 380 832 158 946 616 926 875 707 932 363 342 252 594 22 603 8 984 106 532 112 350
820 563 749 687 218 86 540 346 92 886 451 560 665 226 548 696 354 834 354 482 592 226 938 886 45 406 390 502 307 17 859 44 657 367 488 417 711 555 201 299
927 745 789 290 337 638 542 747 650 49 377 276 968 869 515 538 109 750 805 907 583 25 152 756 160 236 13 51 504 581 850 573 669 310 859 844 966 273 809 392
835 523 489 231 534 278 363 15 677 582 559 724 7 257 41 11 311 267 855 272 639 826 332 3 652 290 499 488 334 477 692 686 378 748 127 13 71 155 86 527
256 715 703 201 864 14 755 983 110 86 736 248 688 381 364 767 236 991 139 401 640 766 293 77 803 962 506 259 231 774 797 721 824 212 918 266 828 657 219 976
545 838 842 381 15 335 58 955 746 967 409 480 709 506 981 465 418 472 251 823 406 319 709 689 993 918 640 635 8 373 858 325 83 531 607 878 107 445 217 426
580 431 306 75 478 188 61 194 219 624 491 618 249 97 294 706 581 742 376 157 336 657 766 284 566 499 926 160 597 866 139 546 71 839 836 500 438 302 861 801
514 57 408 142 633 221 186 734 760 532 773 112 310 527 37 776 535 71 988 832 388 883 872 332 568 297 842 837 528 384 337 461 396 288 549 202 64 621 158 58
9107