40
7
416 468 519 659 851 534 962 948 487 984 108 114 657 139 297 848 669 512 681 271 390 906 12 121 678 472 512 912 968 272 669 200 46 751 743 383 491 947 320 959
402 919 894 34 98 950 569 516 422 840 26 165 742 323 652 32 824 616 798 216 967 333 196 720 750 823 710 241 681 196 50 588 482 617 222 30 820 942 567 315
87 468 517 327 172 163 722 635 711 838 627 447 608 96 575 577 1000 691 681 23 128 202 139 123 597 612 620 406 261 371 625 980 519 310 545 12 82 983 559 705
333 493 362 938 86 608 811 852 368 582 53 84 837 654 153 258 666 705 577 963 471 663 954 886 37 574 798 600 760 897 887 852 293 729 908 185 224 52 277 222
532 650 874 439 3 500 54 288 463 176 443 889 960 163 487 346 771 802 367 171 619 285 894 660 289 34 23 376 266 12 330 975 454 153 19 694 44 967 127 619
285 258 77 834 171 707 134 245 431 873 218 9 351 274 354 513 56 304 506 470 791 521 929 363 66 295 244 910 753 941 115 527 453 641 964 611 316 56 8 914
669 563 247 108 794 571 987 860 536 869 401 473 441 822 587 857 561 903 93 34 245 610 336 188 220 218 678 287 226 535 505 936 905 11 167 411 489 683 925 687
805 837 290 116 144 998 498 307 23 359 699 880 827 769 930 315 50 583 784 305 679 381 609 396 542 382 119 309 610 210 379 296 794 971 141 966 293 971 51 212
9915