40
7
981 529 375 968 462 753 766 615 398 108 283 585 997 465 543 953 320 939 136 975 65 131 684 892 263 618 153 266 702 907 437 568 733 908 871 124 12 957 542 410
910 148 756 200 678 357 715 885 226 255 692 965 52 792 796 366 574 4 495 364 942 900 806 146 805 161 213 871 141 695 828 336 690 606 635 997 4 798 770 172
216 169 152 258 491 487 552 149 157 724 586 194 793 86 731 445 424 749 296 188 628 938 889 720 306 600 14 835 893 126 182 340 469 433 429 263 557 933 668 835
843 631 798 999 568 463 53 141 94 606 771 408 131 699 343 297 166 422 29 953 34 516 298 763 194 909 548 110 110 73 637 799 673 818 6 77 797 435 242 360
137 802 79 582 87 769 436 407 853 982 229 508 418 907 184 538 342 318 930 530 721 674 414 143 851 573 581 850 437 928 478 161 829 344 412 562 11 97 575 495
198 356 763 211 460 499 155 323 914 141 637 433 961 455 827 79 472 863 946 438 272 235 852 636 31 225 644 676 567 392 173 61 667 538 770 412 170 416 971 394
314 220 377 280 646 319 412 161 549 766 98 52 68 166 513 717 493 259 645 196 701 153 826 858 777 685 998 75 804 303 621 544 340 965 249 556 780 461 12 399
564 54 609 866 636 746 24 36 652 218 871 617 456 502 899 72 462 263 597 399 192 180 760 39 534 989 561 306 166 179 934 945 985 545 704 419 726 464 807 320
10149