40
7
25 527 793 892 905 762 51 548 500 127 836 482 211 860 388 964 258 561 460 845 178 484 284 676 876 636 396 134 876 163 235 460 488 822 267 359 264 751 223 914
38 761 594 650 809 606 786 389 920 732 896 31 812 8 681 180 474 82 463 626 389 82 958 815 228 597 737 699 134 650 99 660 901 444 353 861 818 151 28 227
587 369 510 928 721 702 747 807 332 379 379 994 249 447 282 866 202 502 732 522 337 114 574 836 2 638 775 567 484 816 856 438 376 722 569 431 516 571 872 461
41 411 267 579 581 254 872 446 334 369 481 251 742 241 891 719 920 314 652 140 565 673 965 451 287 176 524 25 771 456 591 974 869 732 109 888 606 591 725 623
188 738 257 914 88 989 124 653 614 972 77 818 927 320 727 997 942 976 492 334 10 346 336 151 25 985 472 929 509 491 317 913 603 108 241 624 981 556 658 664
810 633 133 812 75 134 82 345 543 188 184 5 655 949 56 990 835 630 535 551 262 61 999 590 232 386 97 187 566 957 365 649 423 883 447 666 226 991 372 793
532 610 889 741 641 504 363 427 495 847 285 793 522 692 638 333 939 831 90 16 889 454 896 209 498 126 218 665 548 67 319 354 416 367 227 306 351 601 433 925
724 683 794 21 463 353 942 967 255 94 811 30 368 241 746 887 607 669 648 991 874 639 65 439 568 85 306 25 596 926 827 820 808 649 926 30 259 764 836 314
11025