40
7
457 431 362 861 724 778 134 843 356 951 748 610 234 295 148 701 87 6 305 309 456 632 475 863 513 452 981 459 640 979 436 817 807 925 211 540 778 963 937 252
165 678 229 3 211 793 447 674 521 608 472 36 186 131 90 757 509 109 484 935 381 807 628 302 387 226 918 707 990 884 846 539 374 801 926 695 65 678 647 923
625 482 461 266 544 230 500 694 543 437 100 748 857 414 712 676 944 626 555 24 944 924 439 867 690 432 1000 338 702 456 697 860 972 720 92 534 697 588 269 723
627 109 804 103 885 539 154 385 940 672 979 534 552 755 793 807 943 126 812 22 502 781 96 419 705 954 492 111 478 907 761 478 703 912 760 460 894 497 298 668
293 519 395 290 244 633 627 331 845 960 10 203 944 574 803 638 418 617 871 154 693 995 131 592 573 148 480 225 131 693 13 248 988 794 353 402 222 78 796 304
814 32 238 832 940 537 495 835 908 422 926 321 518 633 682 849 471 189 456 640 856 800 658 684 252 117 638 983 891 417 981 594 499 179 651 733 931 816 591 805
538 576 217 913 660 492 865 951 695 549 235 627 386 583 299 683 358 649 424 848 108 609 12 476 810 770 607 693 136 420 169 773 545 147 154 504 836 7 690 798
287 844 197 353 545 322 289 870 160 83 840 553 886 761 895 175 724 378 70 172 995 775 800 341 497 440 117 784 250 834 940 219 721 317 690 725 293 101 373 904
10260