40
7
808 706 191 131 231 300 87 104 643 302 771 422 785 514 372 244 345 889 493 475 774 495 424 870 281 284 445 647 893 778 281 828 366 239 303 746 531 106 128 895
391 573 754 567 5 402 1 352 915 254 808 390 985 291 426 241 368 129 995 59 557 512 169 834 224 17 170 819 587 393 104 144 485 137 419 315 295 765 708 946
240 938 463 736 904 333 243 4 775 797 412 310 833 417 749 221 754 953 283 293 391 664 441 902 576 232 686 255 466 663 385 267 799 342 973 274 475 533 531 257
624 282 864 125 766 318 303 277 133 631 168 567 847 700 683 996 80 807 494 860 882 745 87 973 940 854 345 483 135 658 894 284 295 307 175 280 217 770 817 162
972 730 350 740 915 686 959 743 255 325 933 259 791 609 587 349 905 654 442 286 608 842 404 988 954 669 486 963 73 508 847 926 996 385 312 457 727 247 577 117
649 845 243 445 883 480 462 166 616 653 751 52 169 511 1 598 107 709 6 141 223 489 607 930 849 4 112 825 894 968 54 674 170 4 791 633 812 69 637 555
101 668 424 232 82 329 537 762 589 642 341 644 838 942 705 242 708 866 532 351 67 808 493 929 701 336 389 622 946 461 445 870 83 976 300 636 688 871 412 605
360 884 762 712 979 762 691 54 263 15 220 143 324 774 240 752 768 459 317 754 599 335 938 276 72 68 870 287 80 83 235 578 261 996 138 912 927 983 240 969
10040