40
7
838 768 824 369 644 502 892 42 880 402 925 51 467 497 116 829 20 68 508 648 159 943 22 453 531 157 94 365 421 470 129 202 30 673 194 748 540 500 585 814
263 210 857 906 305 337 673 846 715 295 132 198 88 242 390 746 821 83 243 319 192 121 399 230 989 222 981 470 346 15 183 604 80 410 765 185 12 912 600 916
59 780 432 175 836 598 799 753 910 653 803 857 450 376 102 703 942 829 654 173 277 874 473 717 252 453 510 941 132 666 137 653 224 360 152 694 518 270 17 339
860 283 744 296 686 859 929 60 362 290 920 826 534 859 782 598 273 479 154 587 481 770 302 957 672 939 414 325 892 979 840 334 819 651 987 360 196 311 455 444
27 19 20 867 190 550 477 977 813 123 212 628 886 284 567 225 380 700 500 238 521 439 979 331 550 432 993 834 658 509 915 447 513 263 650 198 672 815 422 388
597 711 132 974 696 172 162 347 393 613 638 369 57 365 317 640 904 138 145 486 811 796 155 124 105 912 344 144 424 707 89 970 847 373 319 902 161 687 384 671
560 573 254 686 77 22 510 138 33 967 746 766 614 930 650 594 104 813 419 806 57 283 599 787 790 919 304 657 260 457 160 337 713 713 709 145 1000 742 120 522
412 418 450 544 510 959 729 178 212 362 927 948 124 405 920 885 372 445 919 592 871 925 153 957 538 518 123 670 361 725 172 925 64 842 564 613 965 460 514 164
11218