40
7
23 28 868 750 959 867 609 58 779 522 600 344 879 357 711 246 965 256 490 12 367 395 152 581 513 234 196 296 557 569 212 113 700 747 398 523 784 878 182 573
884 834 782 905 144 733 34 616 899 917 124 956 747 728 254 582 710 683 58 537 247 911 537 936 409 244 572 706 806 812 748 441 251 401 317 769 904 886 882 780
704 396 110 98 518 838 949 97 871 743 632 11 223 66 733 622 868 155 287 208 348 206 640 97 178 936 663 185 54 841 689 143 466 782 156 306 420 502 888 556
993 378 89 896 805 661 547 428 62 11 630 433 513 166 280 871 789 474 168 474 602 598 645 478 894 339 318 748 807 358 173 361 129 560 679 785 180 773 625 247
77 570 194 696 471 841 133 194 772 819 985 301 792 116 555 140 214 989 158 761 334 459 980 778 226 853 374 255 511 138 277 796 669 948 352 391 857 35 832 734
860 820 334 71 397 760 193 117 391 515 569 475 173 139 738 243 801 253 546 282 633 846 595 918 404 27 399 680 815 734 640 711 147 446 971 511 470 306 908 728
893 684 498 905 681 359 7 216 163 854 125 381 125 211 590 722 92 557 584 108 913 502 295 523 335 817 199 794 652 217 808 733 540 799 280 456 923 368 872 26
513 503 395 787 614 239 232 491 698 548 671 571 721 4 773 928 396 354 336 250 273 231 882 387 946 134 566 395 295 136 592 124 715 713 823 846 34 43 413 928
9750