40
7
170 798 492 804 882 927 585 147 193 441 425 172 516 471 683 12 664 693 899 764 621 421 700 275 417 34 620 135 688 853 537 525 941 626 978 430 149 984 584 341
994 1 489 863 305 97 914 735 962 980 248 86 771 878 371 882 142 538 89 607 492 637 354 296 996 389 476 915 323 306 806 932 243 985 411 476 652 941 493 864
13 909 274 752 950 258 65 300 162 239 503 780 466 310 74 43 619 744 548 916 984 246 211 774 302 111 667 663 71 127 162 90 86 466 81 805 717 471 733 29
560 252 231 326 668 93 797 699 788 481 743 285 554 123 245 920 384 654 913 311 482 593 212 747 334 26 723 703 117 867 55 569 469 562 700 668 92 519 580 370
351 724 664 35 195 532 394 410 559 743 962 438 874 596 267 684 32 150 516 463 521 911 221 600 721 499 604 856 190 457 307 851 296 856 603 693 355 506 478 404
798 679 793 747 445 158 307 398 909 757 764 238 503 873 267 856 252 62 565 831 935 159 716 498 388 633 593 452 204 603 330 398 332 667 287 208 111 588 648 753
878 914 569 569 531 402 293 409 467 434 129 905 828 792 23 215 706 519 451 358 899 215 450 814 819 758 776 505 318 932 395 360 186 33 225 745 441 422 599 926
893 93 225 529 868 990 537 617 44 883 545 538 234 691 751 476 207 158 652 582 743 820 370 665 743 892 947 668 807 180 575 827 287 34 541 123 678 109 36 995
10777