40
7
962 195 124 370 905 766 197 258 711 273 696 44 327 827 522 184 153 109 817 15 698 575 994 445 54 615 300 468 128 397 110 110 95 516 316 117 512 784 858 866
557 604 492 818 750 500 330 29 588 734 472 570 444 769 747 695 904 45 626 666 220 195 240 308 36 848 783 364 619 990 624 127 733 274 468 787 812 996 240 121
225 594 690 434 835 445 707 58 648 708 803 217 576 513 986 29 17 530 595 346 161 803 704 729 877 635 709 829 285 379 948 514 982 235 170 952 149 129 955 622
336 326 400 419 512 455 949 711 648 634 488 709 264 309 34 523 201 352 576 430 572 74 229 408 913 736 586 783 323 269 152 819 709 254 683 741 856 875 335 143
133 826 339 798 193 902 800 118 647 162 568 927 833 539 727 876 675 110 422 230 18 688 622 743 38 799 654 817 510 191 438 993 569 927 690 489 695 369 93 815
136 171 234 66 828 485 248 657 237 861 43 807 411 508 671 296 26 206 461 229 80 592 777 653 283 91 752 682 124 610 419 780 525 821 520 609 88 502 629 879
177 530 347 573 586 951 271 168 567 197 61 185 899 705 85 760 102 540 849 692 820 970 749 425 72 531 181 52 618 476 319 306 596 683 159 588 975 673 78 140
680 180 461 657 16 221 848 583 247 322 619 363 163 297 468 120 141 600 870 824 99 119 335 517 589 825 753 279 260 996 189 692 755 66 799 734 748 7 1 370
8907