40
7
707 114 896 356 628 275 94 56 157 404 410 956 245 2 445 44 310 770 352 722 843 380 517 284 862 802 441 976 516 972 298 69 749 889 354 995 790 848 605 821
29 30 240 699 723 563 173 387 550 514 3 539 852 420 482 380 338 985 207 825 249 801 511 690 734 554 17 91 317 255 92 121 493 796 456 509 837 282 302 924
220 274 248 217 658 733 209 663 62 965 497 492 62 929 850 219 884 112 33 298 679 7 914 857 518 889 554 404 205 261 742 714 983 324 869 488 492 256 283 242
793 802 115 88 77 820 39 474 720 747 205 899 404 922 140 848 203 104 128 268 810 122 196 719 757 775 81 966 589 949 585 126 408 242 365 512 292 343 628 517
11 22 355 311 677 852 41 127 445 683 187 445 98 519 797 861 460 446 937 499 894 953 215 796 536 620 101 449 368 153 692 389 980 219 277 110 344 51 788 306
552 95 929 474 689 100 393 509 156 194 81 602 24 657 681 67 975 24 103 498 99 104 909 645 270 763 464 788 173 258 679 545 517 102 964 198 414 904 468 945
757 986 418 375 453 609 721 705 453 609 352 887 595 295 852 249 554 135 558 108 671 656 923 405 995 469 486 611 688 560 398 850 247 655 47 594 534 821 605 122
963 15 736 344 864 291 234 52 96 830 194 702 82 183 808 163 448 360 51 861 72 311 650 454 981 853 433 576 378 369 373 665 562 160 15 70 320 322 329 862
8516