40
7
587 827 380 103 679 885 569 104 241 660 140 983 804 270 224 885 120 423 762 185 342 757 749 152 527 679 798 69 483 520 446 224 818 36 300 491 355 25 584 705
716 544 482 936 204 641 105 218 184 248 229 808 555 387 650 671 495 242 357 911 736 623 608 193 956 653 623 513 928 603 33 930 347 183 249 254 586 896 171 116
913 916 633 564 995 152 278 259 919 205 691 784 954 520 770 484 429 177 797 942 98 820 996 709 106 698 941 368 543 189 326 606 727 705 229 190 76 585 554 329
110 295 670 461 234 74 594 222 351 929 891 702 405 638 302 745 367 357 336 144 878 560 913 695 45 214 176 151 177 712 536 978 561 838 182 725 264 727 690 955
112 968 956 168 463 810 180 750 313 367 40 262 787 619 917 487 458 110 148 80 737 245 711 922 673 252 36 676 941 510 337 647 578 194 220 404 244 413 775 641
360 73 97 726 809 841 97 765 281 423 80 408 767 28 523 161 835 646 272 259 468 438 802 406 721 13 967 459 84 123 330 531 847 542 647 561 319 630 930 551
433 447 963 838 174 983 886 181 887 924 187 845 361 104 225 542 630 535 721 876 819 236 467 994 14 599 403 718 57 486 286 913 294 670 938 711 528 692 104 749
584 63 758 597 963 999 151 803 431 395 516 407 980 630 419 969 295 848 807 547 560 174 786 380 926 494 11 339 804 7 577 994 741 955 175 284 580 669 672 835
11563