40
7
366 31 795 211 777 686 182 97 241 623 237 455 834 869 615 121 305 916 921 89 568 291 753 206 682 528 97 488 15 561 915 966 715 987 948 264 640 737 433 741
5 416 461 962 930 544 303 534 56 737 658 907 889 766 645 210 486 777 546 998 391 204 651 861 394 26 684 934 727 589 463 603 846 802 149 582 581 761 204 440
152 431 934 496 822 755 108 192 744 856 879 324 778 131 569 212 145 801 260 666 542 640 402 403 572 468 356 781 695 662 701 767 657 995 239 622 483 487 428 108
300 888 369 687 940 773 618 368 136 28 699 207 279 502 287 440 919 252 54 633 416 249 490 998 655 368 338 553 275 110 575 734 528 917 718 879 788 554 904 361
235 720 307 397 506 314 593 927 129 163 493 145 716 702 19 204 331 877 524 147 507 62 348 217 632 996 375 315 525 381 126 602 665 854 812 258 459 568 30 134
70 83 13 802 53 837 249 797 267 937 952 510 389 664 838 848 711 14 798 705 883 425 684 149 421 613 418 148 982 768 319 913 722 769 593 304 149 231 532 109
631 429 275 908 635 177 701 164 908 314 625 269 279 984 570 435 20 92 906 352 30 416 812 652 580 149 511 614 388 437 432 453 580 462 937 23 144 731 691 631
883 915 678 217 980 9 500 451 198 516 246 496 396 955 636 69 648 491 185 852 455 191 494 984 609 985 117 130 227 981 637 269 976 286 888 761 164 558 250 637
10460