40
7
625 292 256 530 816 10 478 710 84 525 862 83 43 297 774 379 496 941 285 874 177 929 304 650 909 994 59 161 595 226 901 380 708 408 188 530 347 29 421 943
298 732 556 214 944 697 117 325 316 946 413 647 492 974 370 814 699 913 817 510 717 537 594 503 779 330 1 545 31 786 707 141 867 481 741 378 952 791 3 525
617 538 814 381 801 680 184 475 219 93 324 826 442 248 184 412 167 594 35 316 185 492 21 790 720 641 813 850 746 925 282 21 13 538 968 625 90 650 383 891
226 684 651 242 604 333 665 819 344 895 192 438 560 681 167 921 593 365 933 312 951 498 779 790 220 745 423 304 436 676 95 922 803 261 285 322 18 246 176 260
412 930 624 121 726 45 953 125 777 67 944 507 447 598 60 127 109 101 242 122 33 167 205 551 199 33 46 144 148 989 524 488 115 881 829 277 275 573 527 19
627 846 199 886 438 187 44 91 135 882 834 97 997 710 670 298 969 29 474 389 48 33 714 287 864 202 819 120 820 856 124 359 734 139 682 272 217 253 536 170
786 770 539 80 289 99 492 923 87 29 928 973 564 484 353 393 830 185 79 156 520 930 357 384 405 16 137 629 436 450 969 973 287 734 538 592 416 762 886 908
825 14 287 977 313 958 585 634 387 140 475 820 480 360 691 469 459 943 382 622 590 74 515 631 764 931 256 249 328 515 542 626 763 459 947 66 920 239 280 506
10511