40
7
495 997 735 562 490 837 222 187 407 259 848 253 317 598 326 791 992 663 427 393 502 431 459 997 128 159 719 611 824 76 794 142 806 374 176 485 546 242 646 506
167 957 506 708 936 831 797 680 372 172 831 718 434 553 563 976 699 235 609 982 537 478 908 296 218 979 971 373 541 221 65 230 132 822 791 174 111 142 212 573
222 946 163 666 986 846 490 549 673 406 62 194 644 600 598 458 743 586 421 929 884 111 674 100 935 138 216 84 415 135 205 610 877 661 617 506 137 938 231 411
147 78 645 851 122 877 138 964 371 879 169 742 167 532 363 193 527 596 609 446 811 994 986 740 730 726 301 622 442 435 384 397 719 585 245 673 250 933 858 120
193 157 107 333 743 232 16 287 591 619 831 589 436 109 324 982 294 33 973 255 585 284 849 247 520 848 729 780 151 527 24 474 433 187 562 384 835 878 982 18
487 66 759 449 840 40 326 911 719 702 126 642 761 222 825 525 385 577 65 138 312 835 588 632 566 802 380 426 641 639 457 293 353 976 547 490 814 571 827 888
695 808 337 614 131 765 795 881 792 1 624 792 869 929 350 563 480 765 650 661 643 436 634 134 597 14 735 221 282 244 961 594 759 271 551 612 226 675 760 781
182 260 425 208 441 788 322 508 750 736 834 641 479 687 723 452 345 271 469 601 98 355 462 852 702 429 261 727 232 318 30 934 864 112 596 770 802 538 204 541
9975