40
7
154 918 656 516 668 981 773 521 664 111 99 670 424 280 298 368 61 339 403 974 681 76 163 98 103 916 704 723 497 849 347 12 393 174 437 372 2 820 591 426
421 517 612 663 736 249 702 932 929 427 629 418 372 376 259 957 182 754 343 326 704 423 303 232 539 257 232 725 485 534 382 745 154 737 909 787 623 420 932 114
654 515 825 376 710 856 837 827 818 506 980 345 802 31 806 918 47 594 280 266 776 902 56 888 758 518 730 475 479 313 351 572 282 33 788 232 523 273 409 511
781 127 972 397 948 818 184 355 893 760 921 746 106 308 110 816 233 549 623 116 554 546 327 209 231 299 734 511 721 741 657 966 413 749 609 123 36 177 190 861
81 23 771 886 476 733 573 893 346 727 371 387 21 239 172 436 984 215 627 846 340 865 351 598 704 668 750 655 842 269 55 382 502 860 116 595 993 847 1000 510
961 220 452 682 936 819 621 795 368 422 381 253 114 927 810 236 265 792 797 682 312 994 906 541 207 890 394 100 392 158 709 996 976 749 827 458 960 821 145 412
658 1 644 664 493 347 657 870 692 407 731 244 228 784 203 819 163 228 131 229 302 160 408 350 88 977 805 818 64 305 797 581 885 747 570 894 203 173 628 120
785 436 68 675 235 288 918 870 170 898 742 698 356 227 532 854 795 210 338 209 883 664 673 415 694 73 525 598 69 971 69 330 343 903 495 34 410 88 737 603
9941