40
7
498 784 214 403 368 842 194 870 969 636 635 145 7 226 519 8 217 757 650 643 970 541 463 407 558 748 837 112 418 184 604 771 414 33 894 76 592 169 897 39
49 394 165 417 519 367 841 96 454 529 288 733 827 312 723 468 966 907 723 544 510 442 322 803 705 169 952 661 371 679 831 613 32 96 38 935 10 652 214 758
962 872 66 650 31 661 356 358 929 156 19 478 886 621 252 498 287 828 700 492 216 9 470 735 501 52 684 198 429 18 39 243 202 168 307 928 844 484 592 699
274 379 412 208 515 822 970 352 739 284 244 280 903 561 811 436 840 448 190 371 583 797 267 112 497 345 801 801 953 945 792 415 866 175 501 492 144 726 624 983
23 127 172 868 213 586 23 135 940 136 738 798 650 324 441 603 452 106 706 286 977 119 280 640 859 876 924 393 785 314 313 309 29 251 434 195 569 707 105 253
98 440 340 879 369 366 858 840 966 811 624 53 14 53 530 301 225 161 16 539 43 397 527 555 295 117 501 688 636 407 919 617 728 971 569 939 725 955 16 214
228 995 943 379 57 409 534 812 641 691 504 137 195 561 546 199 675 534 400 629 926 667 129 221 344 564 654 314 868 613 389 386 949 671 353 574 43 606 165 116
189 22 345 370 912 274 380 688 111 675 672 287 133 662 561 126 467 727 454 810 669 77 180 361 75 568 154 315 908 464 989 800 205 140 778 942 872 957 848 91
9629