40
7
744 887 725 930 441 105 988 587 896 87 758 421 820 481 522 796 877 898 386 312 521 808 408 900 670 34 311 253 984 172 84 423 417 15 722 160 492 906 932 311
684 933 250 301 227 819 234 795 664 258 369 891 181 161 373 956 61 646 203 702 351 675 976 624 621 46 859 699 809 478 329 552 474 31 475 434 352 115 758 88
683 297 634 767 312 304 467 13 106 410 825 519 110 34 234 770 56 202 755 648 95 13 573 331 489 625 153 231 471 364 64 486 773 69 196 380 56 245 126 592
529 173 184 227 245 747 626 819 976 914 462 805 759 264 497 815 526 410 530 626 488 723 134 723 731 920 62 854 156 160 114 685 899 74 10 166 983 728 127 358
20 396 741 394 609 972 868 533 200 82 388 600 775 277 240 10 838 160 953 88 432 464 222 816 298 29 933 358 50 979 446 506 650 719 523 724 233 114 885 796
490 893 620 792 656 693 259 760 781 329 964 3 977 906 669 63 977 786 575 508 963 370 858 621 760 720 861 306 8 851 622 766 44 345 441 218 31 880 217 435
756 517 865 43 407 763 234 419 241 185 575 515 474 336 266 896 955 43 328 835 81 702 247 446 562 719 597 496 484 745 328 805 368 197 521 859 194 425 810 259
435 476 213 9 374 365 901 467 521 237 150 320 39 37 246 822 298 999 731 14 820 436 625 793 58 651 303 568 894 707 726 240 595 735 647 614 395 676 469 260
9433