40
7
355 544 356 140 714 85 405 264 642 327 674 199 602 835 491 516 916 296 23 766 935 494 458 464 128 695 873 88 110 860 71 449 827 354 721 423 285 658 710 704
744 292 851 34 462 132 218 743 522 79 355 871 265 270 923 845 787 626 412 637 199 285 270 179 888 356 394 690 148 149 609 213 603 467 93 558 3 420 903 625
812 37 533 38 575 875 878 715 291 541 294 953 565 644 135 710 718 494 922 740 468 82 338 203 853 659 730 637 198 590 343 329 123 712 480 364 840 798 666 845
642 493 653 339 957 72 631 234 992 499 126 513 151 751 592 16 106 882 173 135 884 720 945 26 193 811 568 769 436 436 17 514 544 151 483 448 59 717 387 327
986 281 173 282 369 328 545 224 788 379 770 767 554 936 218 471 3 387 899 364 42 489 828 185 360 98 652 94 260 584 285 550 713 784 520 503 398 278 81 431
824 112 364 581 627 415 533 977 544 907 259 578 606 910 339 973 858 652 954 934 875 301 631 359 309 886 561 861 581 883 266 83 340 730 250 88 287 10 303 690
108 323 445 404 568 219 893 381 578 826 302 979 953 513 775 630 481 188 363 547 632 705 589 620 249 582 668 686 738 345 501 780 648 34 856 566 560 328 815 756
895 91 490 110 981 159 989 96 184 750 368 47 233 678 812 25 660 142 551 337 754 604 178 711 94 395 411 808 665 981 134 887 409 700 798 350 936 258 659 731
10031