40
7
796 557 262 884 599 32 894 24 649 991 772 402 49 301 764 646 495 175 442 547 167 527 960 25 538 588 577 550 593 716 584 319 703 469 755 644 354 547 87 211
500 574 492 140 27 168 281 227 591 817 695 271 497 556 206 550 614 475 491 519 116 708 614 723 625 654 751 718 554 534 652 472 558 48 514 685 455 375 357 206
170 272 865 862 750 248 389 503 993 880 930 956 681 699 820 357 123 61 579 721 504 215 43 805 767 252 297 955 815 156 383 381 836 242 432 621 765 386 969 130
185 651 715 288 725 115 592 554 341 727 8 445 291 72 787 392 565 136 288 349 261 163 208 455 952 284 658 680 37 870 434 606 363 522 749 539 734 624 893 610
454 694 978 936 388 465 400 822 690 917 114 912 285 644 329 464 115 161 614 417 995 654 83 506 67 897 418 429 773 156 736 281 2 612 588 939 282 608 556 936
544 150 455 665 665 161 75 649 350 521 582 548 528 524 440 694 988 888 446 931 62 201 519 623 703 897 909 754 597 444 227 967 676 471 318 771 379 501 981 39
539 635 778 82 172 525 30 933 937 523 371 949 321 716 308 634 42 58 700 724 720 154 590 339 203 787 180 202 690 529 661 499 656 55 71 384 224 29 602 678
10 509 102 580 829 310 116 994 942 328 123 303 351 935 906 132 323 737 315 452 56 158 20 927 810 96 558 58 980 127 718 896 529 527 175 680 495 978 58 941
9542