40
7
550 50 544 562 997 58 687 575 373 488 280 190 766 845 46 465 446 286 410 477 609 223 784 806 996 110 199 794 835 490 630 390 464 233 89 988 412 963 142 422
717 207 143 997 624 83 500 807 978 97 721 311 924 365 765 394 583 849 766 237 182 33 970 393 723 365 826 319 379 942 780 206 608 389 783 466 624 84 99 853
484 984 631 292 726 139 742 759 371 325 841 833 37 469 77 329 394 574 653 861 362 664 853 764 96 424 804 581 996 141 169 651 848 113 388 132 802 448 363 750
797 255 311 882 897 746 238 221 200 201 298 863 945 944 724 283 857 364 129 47 363 467 641 750 215 338 914 591 888 218 583 482 21 850 487 348 160 613 101 31
169 257 857 843 569 236 973 255 714 979 558 403 899 59 71 683 188 538 715 133 403 337 869 763 453 742 217 26 623 733 837 742 461 495 331 720 898 872 140 636
40 953 648 382 162 658 766 708 783 723 832 680 117 720 672 491 581 20 312 929 618 830 218 702 757 472 157 375 686 507 772 311 225 564 734 499 291 570 958 799
915 819 638 44 376 23 965 55 11 126 771 366 957 517 753 884 13 849 710 969 697 686 553 51 381 269 378 36 874 247 337 600 415 947 144 536 595 211 82 358
808 442 7 62 772 111 154 864 940 517 508 852 321 22 279 292 1 21 57 630 344 43 967 489 245 579 860 178 443 338 288 982 743 873 929 134 224 237 406 222
8592