40
7
502 390 722 489 919 962 362 18 770 841 863 873 847 778 522 455 268 166 110 739 313 383 782 261 275 939 91 987 328 434 547 821 793 704 762 730 15 629 99 635
624 121 976 308 542 279 949 56 149 137 521 433 965 898 669 861 94 563 39 716 526 191 932 875 818 165 884 644 233 941 707 22 22 869 253 781 137 366 719 789
622 202 509 48 845 514 825 319 974 888 247 878 134 902 69 216 411 474 371 829 149 762 471 105 651 790 270 546 341 135 352 846 540 680 403 674 219 143 227 437
645 671 762 336 772 995 651 872 334 77 358 71 98 673 276 39 38 720 874 700 440 571 188 809 647 604 272 376 291 111 686 606 653 42 752 259 164 467 221 689
438 913 22 648 262 337 895 655 10 958 690 51 907 722 535 623 609 949 671 566 553 640 596 623 353 152 556 487 148 960 298 984 950 177 368 734 23 681 707 316
448 500 918 866 356 452 34 546 55 86 446 464 381 779 443 9 909 832 351 454 374 124 586 679 90 239 184 788 520 546 900 639 653 51 527 160 401 307 880 223
62 812 999 247 378 82 632 337 719 900 152 261 347 740 230 640 601 271 64 54 685 172 855 219 44 649 559 950 619 358 117 707 1000 785 427 908 25 45 654 524
489 718 358 570 717 295 12 637 921 924 388 633 432 550 887 241 501 918 46 360 657 458 115 482 186 429 785 402 950 308 424 204 890 136 332 358 704 744 236 904
10151