40
7
582 279 787 231 245 724 301 231 21 309 256 924 756 740 28 328 489 863 945 121 684 475 74 572 481 694 842 539 102 925 892 311 64 56 160 565 367 817 327 63
23 192 466 2 193 586 258 604 225 436 409 44 772 596 113 788 929 409 369 870 566 47 58 54 76 914 150 725 228 458 927 995 675 581 291 247 696 541 753 86
399 348 303 1 780 227 52 256 11 523 328 266 263 313 394 549 998 430 479 536 453 509 241 277 255 180 690 622 571 514 371 519 853 817 626 762 930 809 803 466
765 436 782 618 45 224 686 219 843 537 763 352 15 207 289 194 106 801 969 656 91 1000 489 706 975 117 160 124 722 465 240 65 406 894 598 91 687 717 576 906
485 72 979 259 375 833 26 537 643 906 785 647 500 757 143 689 603 112 505 348 790 654 433 290 554 708 236 412 428 672 214 311 470 445 206 960 9 259 207 591
579 916 944 465 290 253 444 384 839 323 221 29 208 776 447 290 578 862 853 959 818 980 962 223 427 9 804 370 167 553 544 965 645 884 575 820 459 590 821 808
457 794 219 404 477 766 933 157 693 778 509 496 573 872 616 254 211 397 825 307 828 746 850 2 220 784 707 455 187 811 18 318 257 215 501 216 153 698 740 278
86 105 866 970 109 741 166 286 25 429 38 35 927 56 306 918 686 869 812 838 104 485 515 353 468 451 554 979 856 684 50 563 18 502 311 777 44 80 998 294
9177