40
7
971 964 669 134 1000 340 205 700 734 835 12 414 72 718 504 529 567 765 983 904 448 37 257 172 67 120 665 145 143 175 803 607 276 604 926 687 776 626 580 703
583 871 865 649 634 71 831 863 864 644 661 137 167 326 690 514 711 900 934 735 200 608 550 805 168 750 271 18 787 107 169 655 678 188 163 226 612 552 161 900
135 472 946 256 766 949 124 407 158 982 770 389 770 758 428 85 724 43 726 811 836 413 180 517 587 154 313 250 872 395 896 433 629 862 706 625 883 106 278 596
516 302 67 411 330 815 768 283 150 944 164 827 670 83 363 824 400 805 882 451 899 949 897 685 636 945 959 617 432 240 493 566 104 286 223 462 803 396 769 515
317 22 912 196 593 602 537 107 606 41 195 538 109 24 954 963 377 212 823 570 954 480 907 189 219 638 577 595 124 334 860 118 803 746 122 446 155 762 978 289
786 176 986 337 573 883 61 268 523 222 658 823 252 486 287 285 120 813 816 870 576 930 407 944 575 173 375 677 180 414 965 758 426 305 445 704 812 969 704 861
934 364 251 493 390 443 372 936 835 639 633 86 111 663 993 91 56 720 529 231 163 169 317 622 730 600 382 28 817 304 323 50 256 410 335 319 669 959 799 819
533 333 769 163 970 37 599 690 53 243 312 170 853 837 145 882 968 818 507 219 204 771 702 839 17 718 703 395 841 520 120 191 17 526 939 958 115 417 180 685
9980