40
7
657 431 691 952 687 814 995 777 830 933 242 863 793 4 376 575 569 451 837 418 802 41 731 601 321 189 772 490 463 679 402 709 307 136 169 118 145 899 700 730
690 885 68 218 209 57 942 470 582 813 47 56 14 102 998 317 355 472 364 523 913 933 574 558 240 725 678 348 703 342 645 770 234 894 804 225 44 211 252 5
877 475 557 473 760 543 257 575 36 718 82 633 215 688 734 484 472 308 54 895 95 82 603 835 685 267 756 145 891 712 183 180 258 666 994 957 551 284 868 16
984 423 224 971 825 183 942 39 586 250 925 952 410 567 48 455 687 659 889 17 698 52 989 758 483 508 927 63 125 104 435 223 217 991 190 53 503 829 669 623
618 754 297 665 562 857 865 290 583 122 493 413 379 369 925 397 275 15 948 62 837 233 105 489 447 958 125 57 80 870 737 848 767 353 651 931 826 333 438 444
732 568 440 530 539 187 326 381 956 171 31 318 402 389 429 576 433 71 578 197 199 755 738 441 197 796 273 903 844 543 802 52 290 674 322 982 688 377 471 163
826 516 873 12 484 682 75 903 254 522 726 775 36 520 412 773 162 559 432 352 22 771 208 584 959 889 11 42 433 910 14 672 476 354 515 221 308 850 642 631
55 77 37 229 75 421 679 596 778 379 690 479 370 860 493 645 726 188 838 434 699 571 341 48 504 42 89 750 318 534 145 2 566 471 489 55 970 554 321 244
8381