40
7
157 378 916 929 632 898 760 732 426 66 473 1000 586 882 868 146 310 271 235 956 433 888 516 177 459 869 72 983 892 942 937 1 905 842 615 59 272 679 807 634
511 224 643 234 997 483 687 824 83 54 943 194 122 56 414 419 787 302 258 60 434 541 133 841 987 197 921 523 354 928 14 337 889 245 865 440 920 612 879 121
77 964 309 616 451 856 242 703 985 535 130 903 702 947 696 812 898 482 54 106 684 875 442 999 923 956 623 653 334 436 309 232 308 106 672 697 164 556 43 670
659 972 958 95 483 538 304 358 789 795 734 410 261 788 648 107 872 248 291 863 252 714 701 558 960 523 564 527 567 999 916 568 778 84 397 502 507 827 463 627
54 853 68 997 201 582 697 639 919 357 119 460 677 153 77 98 810 38 433 348 606 315 637 461 808 977 317 218 943 891 996 73 807 154 162 924 804 379 152 428
564 757 827 413 125 664 867 803 843 835 553 296 494 993 592 971 325 154 765 209 188 210 435 276 842 874 401 44 452 948 888 356 702 24 519 910 345 827 760 355
663 405 147 424 642 220 651 880 149 926 412 458 825 436 193 545 806 244 101 677 813 901 421 827 213 572 788 183 36 175 534 987 311 963 882 60 213 238 618 633
737 143 823 280 848 883 8 174 246 719 960 488 950 468 474 767 894 539 773 290 698 200 397 362 754 235 973 300 237 240 255 629 80 830 265 354 291 927 42 319
9926