40
7
991 772 73 835 354 588 976 246 683 647 285 287 233 330 47 297 937 718 207 731 89 203 677 170 4 922 99 935 127 15 724 24 978 772 792 792 864 301 255 872
476 685 989 288 58 898 19 555 969 478 438 878 335 538 912 976 580 960 466 656 943 960 891 23 451 662 963 330 794 303 278 708 337 279 711 236 330 137 587 983
246 238 409 499 888 172 439 451 881 939 101 420 748 574 174 773 385 267 493 959 249 703 532 231 840 678 445 937 784 925 887 804 238 471 55 975 573 385 338 777
228 969 595 16 315 26 215 20 746 592 66 822 909 208 259 369 794 7 924 424 118 108 860 567 109 599 381 516 755 200 67 444 506 155 785 99 433 987 12 727
467 396 842 159 797 525 928 30 375 689 15 226 603 863 345 355 556 159 918 580 583 195 662 89 778 395 749 647 214 725 520 691 271 814 830 778 921 478 642 266
438 298 635 601 125 571 40 17 255 592 283 936 235 277 977 705 935 781 294 776 184 850 805 507 610 316 959 616 539 561 728 154 715 109 728 83 355 60 388 975
680 880 33 760 411 313 124 753 106 181 877 587 366 612 989 680 781 168 568 780 350 788 561 510 703 683 178 444 662 250 999 919 896 152 410 641 964 642 700 141
403 412 828 65 231 600 329 917 447 183 925 803 679 66 887 35 140 846 605 327 882 737 475 625 33 877 995 763 699 270 10 678 547 342 475 260 79 472 63 207
9609