40
7
426 615 103 757 658 437 37 952 291 53 358 292 129 245 230 971 500 83 304 550 788 490 684 360 213 177 805 91 383 681 238 567 719 132 661 725 694 428 5 663
740 773 33 917 130 804 352 288 775 944 649 248 685 618 676 714 994 477 112 986 757 442 68 192 666 254 624 649 348 949 593 178 815 848 748 395 785 812 75 999
850 945 398 251 839 838 61 515 284 943 35 60 95 654 939 904 493 544 885 838 469 766 516 691 310 994 747 605 601 438 975 910 700 321 159 177 727 731 829 949
214 57 3 730 809 630 356 93 436 168 157 963 309 700 786 979 438 870 96 573 680 520 204 251 656 213 159 929 891 275 315 814 24 611 893 103 636 130 491 625
368 150 992 537 818 709 172 751 646 181 521 929 274 246 217 669 74 281 857 712 475 597 369 859 926 391 538 381 54 60 450 464 92 311 257 422 15 13 195 765
969 396 848 499 303 470 848 737 391 86 155 852 351 163 262 50 259 69 432 3 902 237 218 670 843 635 268 758 371 513 98 702 673 112 682 591 401 1 914 793
594 427 299 731 656 168 469 194 37 957 114 979 743 819 692 542 632 21 709 673 578 394 781 726 176 821 586 747 510 829 124 288 840 885 173 942 7 811 419 490
68 163 109 383 178 969 127 690 522 962 98 133 983 756 88 3 953 219 339 922 513 560 29 428 473 215 607 916 971 100 72 242 170 256 889 71 499 683 201 402
8481