40
7
568 897 590 657 141 434 486 132 857 576 51 752 894 543 947 471 448 750 112 207 807 306 983 259 730 457 525 734 386 22 784 465 345 895 730 615 174 927 196 993
933 738 436 30 466 895 7 22 564 57 708 218 796 638 233 686 483 665 281 984 763 875 385 630 424 1 461 498 887 503 357 151 514 863 167 898 31 615 818 714
523 794 62 906 230 73 858 683 375 480 834 534 818 776 189 588 374 522 37 295 900 98 29 828 343 748 699 803 465 752 593 89 239 810 177 774 391 57 111 128
622 130 246 978 573 565 756 35 618 164 467 588 331 267 858 460 796 714 91 486 631 35 622 715 116 603 600 306 153 7 573 162 400 829 945 482 405 339 852 259
712 893 473 587 398 333 366 62 712 400 510 6 626 219 354 669 799 636 610 794 921 487 796 676 924 344 439 947 429 467 737 184 203 803 400 121 154 371 981 865
355 298 90 862 68 174 397 39 449 79 709 867 883 469 883 421 638 255 430 65 373 117 482 462 452 405 550 375 459 927 302 558 210 574 532 184 936 70 216 970
927 554 713 395 392 121 495 925 305 737 232 10 772 602 18 77 320 481 533 513 71 357 210 189 979 964 402 402 4 476 515 377 744 128 468 747 937 330 838 563
727 187 812 308 856 720 924 567 313 862 787 644 626 293 936 294 478 402 161 895 149 164 315 694 37 647 671 899 964 365 255 411 594 709 553 380 437 661 285 575
10779