40
7
761 431 485 114 487 102 934 729 908 196 354 402 36 570 159 560 496 145 950 756 85 968 68 663 606 184 463 918 50 184 293 136 456 27 712 428 593 265 960 96
620 406 540 492 641 944 527 860 881 761 27 901 673 901 38 672 745 189 122 373 187 540 114 810 860 691 248 567 346 222 699 193 960 515 195 185 176 94 429 117
905 864 427 729 826 270 355 697 572 793 77 548 728 386 470 187 208 996 610 544 155 948 426 961 467 465 947 155 75 806 105 563 498 465 528 105 969 894 405 854
644 313 655 277 298 304 134 841 391 591 175 987 299 361 625 798 535 348 969 285 754 189 136 238 9 345 383 631 102 712 188 428 854 797 998 944 20 494 675 415
946 939 313 525 315 735 77 986 606 511 137 789 255 816 505 478 709 76 520 862 884 661 308 916 591 931 481 183 311 570 233 119 28 556 10 336 324 648 585 24
207 801 596 618 400 695 425 324 872 71 261 784 559 234 711 830 388 994 875 902 1 540 9 572 871 425 401 368 986 359 463 590 37 53 150 178 749 981 433 895
170 562 356 292 846 598 877 626 372 765 991 537 74 618 310 225 550 339 199 401 226 189 770 224 331 734 239 161 659 754 711 79 874 761 5 52 818 214 32 864
874 24 722 575 156 822 120 431 670 589 100 368 892 334 918 190 868 498 920 851 30 270 926 774 828 55 830 799 109 702 509 403 104 798 726 172 838 396 483 915
10795