40
7
166 81 23 353 5 575 832 791 743 160 303 514 945 573 135 80 781 775 955 464 3 18 944 393 468 672 904 450 362 319 856 920 650 499 100 409 708 372 573 827
874 462 643 601 736 74 223 884 828 552 483 12 465 930 150 469 713 279 72 411 545 613 47 232 310 993 221 292 103 336 835 6 217 448 610 599 160 88 204 833
951 969 24 624 983 958 489 375 182 434 943 900 721 984 101 334 520 107 412 987 982 152 49 722 691 207 768 379 467 509 217 840 145 27 442 124 336 195 733 20
585 991 906 957 663 6 460 581 803 268 955 826 233 246 997 703 822 896 761 135 378 534 646 684 778 791 214 293 583 588 367 602 883 623 376 472 476 460 431 802
738 942 909 1000 337 399 783 857 344 129 551 252 706 252 455 6 399 878 662 166 464 581 203 98 336 268 290 438 924 370 640 647 278 67 946 359 842 645 827 43
204 892 762 651 941 297 244 693 306 829 265 177 809 942 794 12 356 569 815 65 503 169 944 212 838 549 860 932 720 41 427 286 496 716 121 865 992 335 220 859
238 943 887 721 776 456 654 238 835 59 773 752 412 61 7 490 164 215 773 641 951 187 572 197 749 343 261 763 833 429 237 534 204 112 373 76 412 117 769 294
384 233 757 958 234 747 175 974 849 707 827 22 878 592 300 858 919 937 996 275 795 692 900 52 786 816 349 770 952 522 394 141 297 804 969 717 550 26 14 714
11941