40
7
215 193 648 441 884 548 300 928 109 929 564 853 280 721 720 583 267 53 574 160 67 685 409 601 512 770 374 641 982 613 37 124 898 648 354 618 580 739 47 491
927 206 964 645 669 619 962 727 399 86 633 111 932 8 781 755 907 806 700 448 765 425 821 141 246 415 379 874 389 765 101 448 687 6 980 412 643 235 740 542
888 519 857 432 238 108 646 372 295 547 917 674 381 551 764 353 233 560 772 578 401 742 548 12 43 946 660 943 339 900 907 54 235 619 537 471 266 627 639 134
401 970 111 798 895 107 261 444 273 769 462 609 774 454 264 698 258 653 698 318 142 304 585 701 371 608 8 19 848 877 737 166 799 882 870 866 792 662 883 480
38 219 845 420 904 159 564 928 229 179 925 84 863 847 646 673 585 15 724 101 887 687 634 254 584 786 517 689 111 574 398 544 599 877 548 214 289 322 343 452
931 340 981 801 607 803 935 381 96 12 680 186 226 311 902 402 411 219 476 394 234 482 832 642 665 288 586 599 842 760 921 439 226 162 399 840 196 489 745 630
267 429 744 601 984 550 436 551 386 274 900 217 879 133 908 749 795 391 46 314 690 500 504 847 850 97 295 594 693 794 77 86 402 917 678 542 455 16 698 500
150 98 405 787 716 11 801 197 624 396 649 287 541 240 962 484 598 888 193 865 190 682 803 87 937 125 900 601 299 586 346 31 290 133 804 884 816 544 107 74
9566