40
7
794 690 593 883 499 171 422 703 94 926 229 267 779 728 107 61 464 488 760 371 482 219 744 721 975 472 736 507 976 33 288 736 45 136 136 672 948 193 141 978
327 484 85 776 174 793 562 408 71 707 810 739 259 667 604 36 562 432 341 4 69 269 476 458 203 445 583 611 897 914 930 210 535 452 518 540 319 912 453 642
256 168 319 125 939 455 104 650 599 693 778 452 767 565 108 616 815 244 335 83 36 858 506 618 525 298 188 674 753 508 850 711 408 806 527 988 666 378 367 915
117 573 659 812 827 547 256 649 721 562 143 586 43 510 849 125 19 788 682 623 298 810 212 973 620 353 872 454 555 153 653 80 211 461 772 966 600 876 322 768
264 653 894 220 559 456 541 544 486 721 3 898 288 708 794 829 175 337 537 14 274 753 340 701 121 487 925 177 212 625 533 368 186 630 242 410 676 829 485 38
796 67 446 509 669 922 631 401 621 953 258 737 233 427 595 581 550 694 194 971 314 409 343 280 380 120 657 233 42 917 455 821 267 342 331 767 510 15 338 597
547 219 388 924 47 790 768 640 621 819 760 804 632 94 517 483 488 475 725 296 705 242 120 552 531 776 78 969 795 816 334 606 282 19 85 706 373 384 52 345
558 610 865 382 409 412 566 673 773 786 119 939 167 265 506 699 843 33 817 946 398 142 391 496 797 532 40 553 446 184 90 297 3 586 79 607 542 142 30 978
9351