40
7
722 424 595 4 417 789 339 835 356 842 620 698 404 439 149 898 747 542 527 811 176 524 441 69 998 464 721 297 356 208 854 102 886 373 259 429 231 587 184 515
815 356 370 660 349 773 864 837 419 625 996 982 242 983 994 268 508 219 860 564 385 771 78 633 850 83 242 506 446 859 49 286 233 839 255 347 888 152 162 928
313 723 885 841 866 948 834 271 153 425 69 222 753 654 793 546 250 233 48 454 517 717 248 853 608 247 73 626 616 21 669 102 873 62 281 141 157 345 194 337
452 664 131 224 131 513 479 573 830 812 582 60 245 700 428 261 650 415 203 274 26 409 383 36 538 275 505 961 266 872 629 370 117 864 91 163 345 422 761 574
577 92 451 709 444 792 201 263 945 629 328 722 830 308 781 818 335 824 50 834 976 956 774 698 548 343 168 771 402 963 873 295 137 61 949 843 856 190 20 661
216 321 377 468 259 27 251 80 189 213 444 251 646 389 889 753 763 325 697 397 494 243 730 291 543 367 670 354 800 439 433 145 818 307 354 373 710 443 972 555
554 535 535 406 932 293 423 732 89 846 474 95 742 166 318 128 110 624 232 47 331 74 771 993 962 193 566 870 955 149 81 133 374 196 376 812 470 524 888 594
19 372 182 500 743 4 498 407 554 304 139 596 198 946 376 408 444 841 761 39 28 264 123 486 574 514 995 216 290 803 560 149 889 982 706 834 8 183 305 183
8712