40
7
354 219 244 167 593 808 26 623 306 280 720 29 634 129 395 515 1000 808 419 104 145 893 122 454 194 564 627 353 705 733 764 793 680 587 271 167 637 125 415 991
513 295 209 983 846 237 218 983 172 640 71 362 588 423 110 629 379 970 551 548 715 551 443 394 935 256 922 28 297 909 643 309 772 26 770 751 152 739 851 380
199 187 594 154 319 411 572 583 449 805 806 808 62 221 520 446 612 226 498 799 941 811 21 361 491 353 535 992 517 673 790 884 736 914 443 432 478 386 821 924
399 76 710 33 823 479 250 366 88 259 786 750 133 933 161 167 983 777 14 536 135 421 65 883 711 670 64 920 841 71 8 787 858 656 659 227 904 552 743 431
374 445 621 343 610 682 724 801 203 817 46 272 830 794 669 978 317 495 34 905 852 278 958 561 717 294 834 214 379 571 773 475 28 890 137 30 12 295 598 8
446 666 521 326 652 400 677 672 842 794 324 184 32 913 300 444 2 470 123 411 167 354 459 907 880 109 420 207 711 205 522 961 115 490 947 967 210 803 329 572
920 357 992 801 88 243 985 462 988 303 846 684 888 402 698 702 24 781 853 636 934 573 820 969 994 238 559 962 56 255 714 281 530 16 208 7 990 556 788 870
715 404 429 625 341 292 365 153 505 357 411 114 362 905 284 339 616 262 368 276 405 57 418 412 863 384 687 241 231 137 971 611 514 342 532 150 771 93 692 618
8626