40
7
840 544 755 269 355 1 788 465 345 450 392 943 876 94 588 880 537 227 100 411 986 768 296 418 568 326 601 174 886 294 706 357 958 383 479 403 971 557 635 408
830 944 381 524 274 806 821 910 298 440 466 655 288 636 720 880 338 958 403 628 482 219 428 399 656 290 815 756 518 337 94 908 491 235 502 347 382 275 951 902
419 97 895 864 239 60 677 96 948 442 632 729 464 417 627 344 103 115 84 241 928 492 709 371 992 897 930 632 114 440 588 545 46 492 390 285 457 859 532 138
371 845 37 567 783 978 932 99 4 776 303 632 932 96 559 759 85 195 358 796 963 855 61 677 782 830 905 56 312 166 908 748 43 410 721 173 36 414 68 503
869 455 43 727 525 895 9 917 222 867 565 176 470 180 292 956 937 696 450 326 177 520 30 551 739 59 998 494 941 171 311 473 252 108 851 174 377 79 800 70
6 929 695 263 867 620 793 499 129 922 15 850 211 706 759 934 735 849 371 716 655 893 912 515 302 880 947 493 988 474 449 182 55 656 966 409 550 703 75 55
642 116 514 69 852 722 233 606 872 360 464 986 70 473 721 804 403 199 506 991 319 5 462 909 142 506 533 668 715 567 297 862 628 991 299 562 730 277 689 657
770 676 517 478 604 324 577 182 30 251 343 902 809 644 435 251 606 967 898 126 275 533 465 674 606 400 852 842 600 185 311 564 241 246 314 925 529 287 715 657
10306