40
7
46 767 248 192 958 650 731 315 776 953 291 146 840 148 760 335 867 180 47 743 730 830 316 248 937 628 231 164 63 927 164 573 895 388 362 366 500 687 902 180
700 511 739 688 523 345 33 977 659 838 352 884 833 148 219 921 734 290 830 440 617 848 888 395 574 107 799 882 515 717 375 880 848 100 314 958 274 135 944 504
79 991 710 578 216 315 829 824 860 622 81 293 640 632 103 920 800 933 487 646 96 449 625 479 503 441 18 617 128 5 605 13 281 486 882 646 440 250 967 296
579 945 438 231 565 174 995 138 784 930 676 542 329 604 101 465 285 73 841 688 513 780 487 774 198 42 4 772 481 436 154 190 813 897 102 917 475 438 833 510
272 508 971 904 914 561 603 638 152 812 942 732 8 617 621 911 460 829 899 99 506 494 164 177 872 439 718 582 92 983 414 683 274 200 168 769 434 497 440 462
606 981 700 596 154 988 617 135 409 339 364 189 598 400 713 356 144 854 974 280 392 749 342 183 523 219 799 266 821 129 42 690 908 497 46 224 398 103 382 133
904 667 266 438 158 97 907 578 794 930 883 758 239 350 404 304 585 808 190 952 425 562 725 173 691 945 111 436 353 400 468 621 661 40 616 436 163 904 267 395
11 990 973 740 209 853 3 169 883 292 735 913 654 541 963 245 973 987 455 466 440 453 946 345 212 323 458 351 321 343 387 382 319 745 872 605 127 92 380 473
10315