40
7
182 49 590 509 707 946 385 200 564 675 2 832 592 978 808 855 571 321 252 687 949 126 439 785 466 822 564 860 428 657 164 601 2 450 748 92 857 262 402 14
716 515 17 647 321 837 614 794 735 107 193 656 927 325 893 127 803 481 87 653 309 292 189 46 518 747 956 968 87 554 678 883 511 140 723 556 921 339 923 111
725 5 90 210 608 123 131 694 468 885 47 380 61 888 964 156 15 634 768 161 323 560 16 236 318 80 752 507 185 649 593 618 871 819 866 580 310 243 497 16
271 962 875 860 952 972 248 431 526 558 895 606 437 609 628 897 691 530 849 198 828 54 856 491 491 767 965 301 99 237 214 655 281 903 660 695 47 808 15 21
57 243 180 357 535 235 71 970 867 680 849 626 943 897 980 320 663 381 97 851 598 306 533 541 554 211 916 72 188 181 803 752 614 853 335 774 197 894 449 742
220 479 332 434 106 65 691 133 297 278 640 265 880 786 161 293 334 167 16 115 662 988 215 951 444 91 534 373 543 754 42 52 119 185 363 497 332 328 842 803
122 133 446 27 682 982 277 939 615 298 55 332 548 224 187 788 776 947 580 22 507 941 921 947 14 208 430 878 354 180 280 114 696 236 110 333 595 220 951 807
651 312 843 717 954 123 746 283 515 613 228 429 62 222 672 734 298 360 332 541 852 23 637 486 40 587 504 939 104 900 716 73 520 166 473 162 973 890 715 40
9718