40
7
405 694 513 591 931 167 427 948 504 596 453 312 874 432 409 260 994 999 557 997 984 854 260 43 921 514 384 146 599 316 410 595 264 955 713 720 743 188 673 535
18 918 480 329 271 255 502 422 416 64 326 602 1 697 326 662 168 402 641 158 490 786 260 557 237 164 90 955 705 783 1000 342 528 345 68 954 78 105 978 299
770 215 631 42 141 555 547 529 370 990 536 711 927 27 37 734 2 671 813 384 849 222 383 803 939 139 260 595 325 756 751 82 9 177 51 27 327 582 935 264
543 141 135 639 996 726 48 588 167 134 129 502 863 299 496 588 235 353 370 164 251 827 361 352 852 875 729 690 797 331 339 560 767 113 136 954 674 239 77 727
511 396 969 118 29 896 754 813 758 405 882 497 793 633 283 774 787 807 573 988 635 494 811 540 601 935 199 89 609 60 734 257 861 147 966 451 559 333 732 3
118 28 254 903 407 96 333 834 833 750 695 50 105 281 976 609 459 527 435 432 456 567 170 84 423 497 839 943 2 363 161 872 531 62 598 705 390 188 90 105
69 238 202 998 523 427 33 214 781 448 31 766 604 189 466 223 863 198 936 984 339 758 245 536 688 707 854 24 60 221 503 279 137 113 734 507 499 771 405 103
349 267 15 214 886 223 316 505 690 793 756 988 294 438 358 141 712 102 262 301 807 973 30 171 763 416 608 156 289 439 506 932 632 956 796 670 753 926 197 654
10142