40
7
631 24 458 774 40 869 150 459 116 401 207 708 49 193 592 956 536 464 380 651 193 390 645 103 256 550 702 883 863 182 409 329 662 829 798 339 21 101 650 746
48 10 96 572 147 13 52 271 341 590 745 918 223 915 55 824 424 722 757 987 230 330 781 702 973 921 166 603 557 498 956 864 731 466 727 995 510 777 877 713
638 939 620 786 564 822 768 656 805 845 606 84 355 706 393 638 967 4 38 560 334 18 192 403 832 109 694 501 728 695 672 778 164 451 38 34 941 59 10 393
218 112 771 636 54 625 105 96 784 744 766 277 806 596 657 669 400 129 656 28 836 235 296 832 726 159 102 299 148 41 561 989 132 115 350 143 451 534 509 935
798 328 486 452 830 350 708 609 156 257 762 325 159 636 746 788 411 652 790 186 702 68 863 735 20 731 55 249 149 180 219 452 547 417 10 269 113 239 190 647
136 914 971 97 174 541 493 103 118 472 632 385 59 331 194 630 83 259 676 112 938 215 369 670 823 768 377 20 233 949 323 121 588 687 499 516 883 23 224 861
246 475 574 793 502 49 107 823 874 417 615 310 164 708 905 965 566 220 513 44 659 868 831 978 363 563 295 577 227 136 993 849 867 299 581 456 552 390 488 591
56 921 933 580 162 519 698 243 917 687 351 981 654 569 139 227 691 711 289 10 605 161 90 300 714 105 605 87 507 802 289 499 667 520 4 921 887 702 77 784
9832