40
7
382 61 675 584 803 594 818 150 276 654 224 140 284 319 624 769 291 312 574 601 295 943 182 215 18 861 740 884 94 656 757 154 343 383 690 72 831 113 831 45
99 760 689 642 282 624 923 793 623 498 462 452 319 108 844 120 516 761 385 773 755 718 693 12 406 840 556 278 875 914 631 551 177 110 276 262 447 334 362 750
671 588 554 137 257 636 390 805 584 216 360 476 88 660 83 273 663 540 178 958 968 273 211 787 203 947 791 220 298 381 765 436 760 986 135 925 958 41 32 690
961 552 712 889 447 634 278 100 251 385 974 633 251 21 62 468 155 581 191 945 504 813 636 932 465 425 92 208 684 642 752 516 995 195 813 512 473 763 234 875
441 84 690 378 865 855 644 593 3 641 359 486 449 87 459 563 524 411 534 895 645 64 930 80 443 771 260 355 886 955 845 688 563 423 887 204 101 452 14 882
241 375 265 797 823 229 235 20 968 526 379 824 629 218 883 840 109 947 86 370 586 325 617 712 613 817 273 765 262 310 817 111 929 273 800 379 377 241 44 840
647 374 851 190 615 497 413 803 564 521 658 169 864 269 127 929 365 697 215 357 869 641 708 644 368 12 822 500 764 117 653 818 200 376 362 912 737 593 481 806
31 588 18 136 104 741 522 538 653 672 549 196 955 520 924 741 118 66 369 865 469 347 468 157 11 850 846 503 683 310 411 759 735 622 109 183 501 636 830 944
9840