40
7
679 406 440 554 426 637 623 21 104 830 44 805 451 524 89 588 95 597 318 580 995 775 599 679 828 322 977 13 125 827 926 308 296 59 182 51 788 242 512 657
167 607 401 967 660 639 873 206 880 865 723 789 628 466 367 725 387 426 455 765 586 590 288 50 719 50 299 957 637 256 189 128 109 508 997 621 429 775 510 902
927 329 382 265 441 90 482 707 493 700 431 444 933 136 148 179 991 936 532 461 371 831 659 665 768 934 252 980 509 463 259 210 679 396 595 631 254 250 804 495
99 118 675 716 175 371 730 916 166 764 458 701 241 649 52 710 932 75 235 788 270 299 415 872 254 43 299 321 467 203 140 31 865 443 747 460 815 828 880 520
275 606 71 219 977 427 986 97 994 835 873 303 445 928 731 47 142 251 265 978 685 111 260 724 319 767 744 544 954 766 184 197 721 529 375 378 678 11 13 402
397 999 294 110 495 161 210 837 113 138 587 572 404 594 377 820 197 790 309 368 165 443 311 729 546 653 325 398 817 661 271 737 401 983 94 848 655 159 761 142
14 194 544 949 714 787 749 96 595 344 13 283 628 515 233 395 756 728 409 685 134 415 189 320 695 312 858 139 953 251 875 912 774 436 982 649 996 856 827 428
248 98 385 91 548 364 113 247 119 596 232 849 181 730 988 121 422 151 127 265 710 249 303 428 444 675 42 990 886 878 767 600 156 790 479 101 177 271 874 671
8683