40
7
438 672 858 279 952 436 36 66 727 506 440 702 7 87 778 733 58 655 864 70 171 266 959 161 134 313 858 145 69 882 794 649 513 853 260 494 507 953 796 792
225 414 2 803 566 874 256 900 176 747 227 429 834 177 772 799 707 96 845 185 685 917 949 562 329 152 504 164 341 365 372 110 696 326 998 205 662 982 654 639
276 802 549 423 688 363 471 544 794 289 481 955 225 983 694 491 197 353 365 669 538 657 253 5 131 857 37 705 772 932 590 756 849 163 845 546 226 678 527 854
883 475 707 589 869 37 501 876 778 20 128 305 313 787 454 925 627 468 941 711 353 956 599 760 407 107 426 230 122 492 452 971 624 719 304 916 812 511 501 143
570 871 855 232 890 521 381 691 283 197 808 829 721 323 127 895 611 379 19 174 874 371 416 203 812 150 834 127 969 222 733 365 895 358 719 789 478 313 733 410
724 374 452 594 151 782 199 669 328 326 9 555 471 897 331 636 162 354 19 128 311 391 125 662 902 52 326 218 212 866 873 437 20 785 819 797 664 867 55 756
736 394 689 100 444 235 223 58 934 179 502 408 316 110 459 818 179 551 104 51 939 892 89 552 455 636 959 111 297 590 19 611 673 78 41 405 850 169 221 902
714 456 806 447 541 750 37 997 223 437 508 948 280 811 832 373 985 161 806 218 902 964 975 600 65 301 943 795 380 748 826 391 378 747 631 530 834 310 699 229
11789