40
7
187 707 801 956 387 882 685 935 708 313 285 1000 30 45 416 969 277 146 735 453 307 740 841 57 147 170 674 874 855 376 849 575 808 708 41 726 764 735 32 951
886 878 243 941 297 384 219 161 824 698 697 671 659 742 775 13 596 868 394 820 972 522 226 689 312 638 259 999 142 856 834 240 204 273 906 766 284 423 26 256
407 901 616 490 415 569 709 851 875 799 373 162 833 262 798 679 297 658 85 807 229 734 635 75 971 936 448 374 712 232 204 398 159 281 842 711 679 794 492 344
993 769 583 362 592 197 147 46 233 21 533 798 921 825 570 389 377 603 723 406 990 475 922 284 544 825 974 759 911 803 184 517 224 668 213 544 90 129 811 306
701 316 309 367 479 675 124 952 710 629 89 416 507 608 267 584 792 160 927 61 892 740 876 471 978 147 394 531 176 885 625 447 802 417 923 899 374 834 254 450
113 77 74 408 550 732 621 365 277 900 431 415 944 525 84 709 601 655 373 129 421 774 830 354 709 472 345 79 147 923 490 54 428 774 478 24 594 880 346 742
706 750 489 808 67 780 869 430 460 5 190 603 973 743 43 906 610 930 387 725 657 265 424 212 258 317 695 530 902 230 107 142 829 336 946 768 520 961 489 864
703 618 790 629 619 593 362 948 988 180 363 456 645 767 19 672 178 737 877 902 718 848 518 243 486 115 523 123 234 526 331 78 592 630 209 521 694 786 393 129
10372