40
7
741 122 552 426 379 191 382 458 90 282 768 773 94 109 30 774 171 556 577 321 248 548 451 515 577 172 857 199 831 254 630 206 699 35 522 955 452 765 407 507
811 391 455 646 94 825 502 875 538 951 437 74 214 655 625 605 613 732 460 626 838 61 407 603 968 492 799 740 938 753 61 49 539 243 690 247 246 120 54 910
414 295 329 31 403 61 658 471 725 521 839 148 540 49 559 72 375 660 45 953 752 540 578 302 892 48 884 763 782 697 860 263 10 402 476 405 613 109 295 315
358 304 188 812 473 659 996 244 946 420 986 599 850 268 31 285 551 229 375 582 648 784 695 32 161 55 546 221 661 298 537 472 330 706 45 629 329 674 762 292
347 152 271 508 407 209 877 356 178 134 401 52 684 220 492 656 167 870 713 780 260 703 688 354 175 987 871 167 746 54 391 193 104 135 897 907 268 140 808 450
738 985 21 651 837 252 250 749 845 281 486 94 123 373 582 303 762 636 233 786 451 191 625 5 940 877 690 210 409 18 30 416 917 422 427 855 661 579 687 158
63 758 239 61 380 969 483 846 136 411 652 178 439 78 797 543 956 465 80 954 895 28 363 97 932 446 509 894 386 456 74 440 369 129 625 247 745 911 614 390
81 974 191 326 686 22 814 624 34 862 688 127 375 414 457 510 188 36 368 547 83 258 764 295 324 259 91 503 747 434 237 902 141 773 602 78 831 437 611 465
8580