40
7
793 480 464 622 24 116 905 785 396 435 761 506 905 57 303 781 457 349 654 391 295 29 879 664 882 528 674 141 504 785 940 107 279 718 710 900 588 162 546 595
24 149 557 587 180 596 520 376 263 498 838 1 560 244 493 933 153 445 272 502 697 785 346 733 901 706 896 5 977 558 610 470 711 462 891 609 653 525 629 89
522 887 544 234 2 586 832 404 936 320 345 782 96 377 558 730 451 841 408 452 234 118 998 817 744 683 811 233 486 112 254 968 13 772 984 495 84 260 276 339
644 905 218 631 837 589 166 8 306 90 977 974 324 689 291 636 104 628 539 143 748 813 595 909 217 589 382 812 877 478 434 470 601 349 999 116 601 406 794 719
929 817 876 358 886 113 640 290 694 778 300 835 980 824 470 648 770 140 630 625 203 497 222 111 201 853 845 110 530 43 466 468 104 94 444 453 21 781 680 836
577 170 321 65 500 241 935 540 845 136 673 232 517 320 440 608 208 874 217 460 928 858 784 100 190 184 825 280 541 111 756 578 704 485 263 532 461 919 863 238
716 504 533 200 625 39 976 272 16 986 372 200 319 686 594 967 798 317 471 569 958 647 483 341 540 91 734 455 255 43 803 645 139 50 946 79 269 640 874 681
731 559 681 343 728 984 682 354 457 92 19 552 241 626 324 29 83 339 433 661 821 642 220 481 532 222 333 989 346 853 443 560 581 153 508 580 50 440 597 73
9171