40
7
24 248 873 247 20 425 84 953 835 86 95 294 494 742 671 687 365 590 36 920 177 480 705 100 161 271 759 589 358 68 78 257 975 120 296 151 864 563 715 462
302 686 246 755 496 438 925 484 580 584 845 632 732 950 375 841 646 855 753 314 186 949 933 409 823 614 201 518 992 37 693 796 632 418 125 998 824 836 538 981
322 28 434 762 286 677 760 107 611 536 636 490 633 847 86 506 86 498 672 116 281 538 634 338 980 627 970 470 579 155 909 616 178 279 942 88 389 713 829 985
433 599 5 735 77 406 451 709 717 595 559 28 781 338 157 985 821 666 591 902 486 501 920 682 611 226 480 270 515 24 98 592 486 855 156 933 856 656 738 21
977 829 779 447 361 275 196 92 602 707 20 328 762 944 401 83 385 522 791 636 400 550 45 494 820 382 106 793 228 256 336 131 743 978 975 17 306 607 164 254
347 354 536 43 820 564 203 393 732 34 902 846 813 85 704 403 40 699 349 995 653 227 244 888 484 246 738 538 823 748 922 138 550 866 201 718 686 710 212 280
284 400 605 549 163 112 66 557 829 950 77 493 971 570 870 765 664 689 543 998 22 438 26 482 915 201 791 929 707 414 639 786 374 185 965 424 126 725 574 502
826 228 936 327 827 920 705 399 859 723 105 411 65 320 409 974 241 61 86 577 101 267 852 716 719 733 894 904 35 976 596 720 683 107 341 484 923 78 232 333
10347