40
7
379 648 199 616 118 261 151 708 767 382 524 744 256 579 622 214 494 53 658 895 296 878 466 287 190 746 537 754 178 513 134 719 942 848 962 216 725 928 146 378
626 278 643 386 352 558 349 241 529 974 595 895 992 506 708 715 867 472 523 79 454 414 553 119 559 482 345 271 390 586 343 978 741 507 958 550 889 941 195 153
396 746 574 567 42 374 75 896 898 819 538 94 37 948 116 441 265 980 99 949 209 590 804 721 987 41 218 976 168 396 982 240 102 18 607 909 695 695 738 426
273 787 213 646 461 534 823 274 534 645 384 486 945 709 527 634 929 615 517 639 293 383 824 383 908 549 88 265 635 15 537 432 641 321 959 860 362 665 38 389
515 898 745 960 575 789 57 661 285 241 15 284 806 264 59 215 418 114 442 624 197 299 511 78 348 138 296 418 423 667 45 951 194 172 967 422 908 137 663 805
3 65 80 388 582 208 807 161 771 635 23 538 573 275 710 418 125 299 168 305 735 171 538 996 98 978 130 3 45 187 665 929 446 779 251 628 222 197 243 235
657 66 483 263 991 794 482 543 623 28 780 476 745 532 960 160 358 547 317 681 465 35 902 740 705 250 24 144 923 593 408 786 762 827 791 381 465 807 222 258
393 585 418 648 34 812 64 344 286 712 63 952 951 446 384 223 226 680 577 253 524 164 651 226 478 460 306 678 745 545 941 192 231 199 671 98 658 430 885 447
9290