40
7
108 117 171 899 166 730 222 533 189 397 195 178 598 294 807 342 220 855 482 553 645 591 490 617 336 245 292 191 727 570 140 704 712 447 482 143 787 127 529 545
447 314 497 847 897 258 503 760 798 663 933 465 807 278 677 341 432 111 217 997 910 617 569 278 719 690 59 200 649 723 254 757 278 258 869 676 405 925 933 407
746 308 75 291 711 722 444 631 714 538 157 891 77 541 91 809 645 962 979 1 464 437 217 370 103 75 773 168 246 644 133 437 807 861 540 867 793 250 867 658
539 637 440 120 987 938 21 694 285 186 637 596 8 87 165 675 260 702 794 76 517 571 639 873 440 972 541 857 692 62 878 13 960 303 302 33 158 940 336 805
262 921 795 115 906 492 947 731 117 182 365 643 995 915 59 914 107 987 859 995 138 263 329 789 914 754 634 934 395 560 269 819 838 629 662 72 126 85 605 770
287 22 149 279 674 98 176 479 20 856 182 778 154 35 676 60 822 67 722 885 617 987 868 208 957 713 123 552 193 656 731 440 365 419 683 788 66 336 985 780
953 958 835 214 655 255 538 723 739 529 445 394 568 38 478 698 183 808 209 375 249 766 229 870 10 629 757 119 112 921 211 791 494 119 447 540 289 434 101 38
209 164 884 794 370 759 572 816 61 617 549 84 774 601 347 37 92 185 47 592 270 672 786 421 791 218 820 393 201 877 250 201 165 528 74 118 8 599 910 423
8640