40
7
519 814 898 262 467 933 347 341 818 736 692 131 129 411 563 243 615 163 292 892 68 599 520 596 765 919 312 431 768 192 145 532 469 352 265 738 64 541 476 746
721 180 473 73 412 667 120 654 357 184 765 943 610 44 862 933 254 70 86 645 495 834 517 790 410 409 624 788 839 785 631 951 878 28 178 454 519 153 728 444
356 785 693 956 268 312 672 52 673 837 917 859 544 755 620 941 947 334 225 631 2 909 513 490 398 369 62 524 181 348 654 527 358 899 871 234 236 139 236 583
121 810 862 643 270 935 375 776 711 1000 579 302 570 365 31 852 291 646 692 502 159 67 417 274 729 328 317 650 908 736 303 145 213 269 145 248 484 767 566 957
252 977 777 797 509 583 158 172 819 686 724 861 923 982 721 608 767 433 974 220 210 289 568 456 793 257 39 714 442 575 487 798 471 612 125 484 840 76 708 875
28 192 267 431 566 152 432 867 851 734 292 159 721 220 699 679 303 19 868 671 977 803 918 884 556 296 8 359 739 331 317 682 683 143 667 827 991 220 584 412
166 935 611 916 962 180 467 543 198 514 177 510 914 21 220 168 283 474 476 220 565 498 629 359 905 347 479 445 955 994 379 981 838 943 262 827 176 16 526 28
537 947 995 516 426 940 49 210 605 852 802 175 52 53 796 31 514 959 671 326 915 922 436 498 511 134 491 912 564 284 547 911 481 821 184 602 396 259 880 104
10654