40
7
628 848 180 321 706 165 283 349 870 649 774 374 472 413 786 348 102 848 596 253 445 108 459 132 873 63 180 711 524 326 240 430 296 52 402 240 549 897 396 334
732 226 180 669 636 168 172 171 295 802 355 756 165 558 431 328 959 854 927 97 120 619 134 126 305 730 172 577 121 806 7 174 585 960 403 408 857 906 415 106
760 467 781 439 714 448 106 850 307 4 570 581 152 933 513 476 727 541 650 96 234 874 14 509 365 821 574 706 546 632 530 89 979 21 961 845 378 159 756 882
5 433 413 13 42 617 962 942 586 312 965 190 636 316 801 385 210 137 568 153 889 421 972 977 523 730 586 235 521 410 758 709 719 393 696 947 94 252 991 728
699 687 276 836 388 704 108 272 30 474 199 265 9 264 319 966 324 378 434 815 842 292 556 299 740 382 913 649 675 681 33 851 440 560 514 658 204 618 561 578
4 145 671 267 785 647 172 201 243 857 233 373 685 942 271 651 597 415 507 701 755 92 459 991 307 292 644 195 964 2 424 899 36 341 880 335 37 869 993 580
423 981 870 145 489 411 204 280 907 527 532 301 707 578 586 164 998 558 300 985 187 131 632 933 657 975 973 275 238 876 862 846 993 926 798 540 63 834 189 244
169 2 459 926 473 136 965 386 645 522 612 565 156 403 255 221 780 657 988 64 515 822 866 33 461 201 301 632 767 59 109 61 248 100 768 10 472 547 734 479
8785