40
7
259 446 896 469 859 820 133 328 625 978 412 186 638 290 10 682 412 642 270 869 887 387 973 656 387 89 760 773 731 36 512 699 618 548 892 137 713 675 751 425
419 125 91 897 466 627 340 544 235 833 596 65 931 727 687 526 886 790 666 721 758 697 266 345 570 971 468 63 439 609 193 92 20 383 587 515 346 842 40 45
616 400 272 357 355 808 226 367 730 763 817 630 411 10 209 181 694 380 969 779 763 629 375 347 306 983 473 89 350 194 674 714 420 779 641 875 590 706 332 640
478 151 338 466 737 875 36 980 404 427 23 94 195 5 369 95 952 956 658 429 267 283 729 509 714 290 311 716 99 370 379 547 798 384 258 798 39 263 214 370
816 6 409 592 819 882 411 456 488 983 543 99 899 48 535 115 895 994 461 115 953 556 410 632 372 666 430 198 660 930 236 677 652 568 878 591 550 52 834 219
56 846 529 20 572 578 491 220 582 423 401 343 330 947 523 157 153 319 499 743 287 441 674 180 509 98 539 824 929 882 662 33 399 699 189 971 838 225 108 855
767 635 874 850 14 676 991 10 675 118 899 441 853 172 551 442 269 474 14 140 480 772 171 909 320 233 31 416 891 546 537 175 360 77 930 390 266 870 970 931
618 202 381 429 628 64 214 178 764 159 507 746 406 174 630 273 566 160 848 332 268 937 233 768 690 490 254 967 128 685 760 78 953 96 703 232 200 862 114 377
9037