40
7
897 744 638 867 294 395 189 582 430 884 969 338 941 421 639 870 353 618 655 828 242 415 609 270 369 139 819 42 865 637 892 879 389 45 169 504 228 870 249 202
152 455 334 17 891 213 684 821 672 724 316 125 953 492 692 273 172 323 430 395 502 853 423 756 506 269 438 294 792 702 361 736 848 443 109 300 56 393 805 189
890 498 871 597 641 160 260 499 630 841 363 403 30 840 975 524 258 772 840 957 378 268 378 195 83 296 984 374 48 405 619 483 119 578 727 555 418 789 289 909
867 50 597 781 398 653 741 800 282 735 741 197 543 48 460 499 87 621 909 580 751 847 628 635 979 651 266 688 244 74 787 263 215 882 881 75 226 279 764 949
509 279 159 809 895 591 525 785 368 623 816 782 202 81 713 53 78 854 315 249 634 401 141 228 553 940 66 935 658 234 548 67 315 470 82 415 816 285 711 521
182 641 761 690 181 388 933 256 691 420 421 187 400 770 999 143 658 220 145 357 115 293 983 928 612 664 963 383 586 574 974 296 824 42 267 431 449 252 221 329
850 404 610 741 219 468 601 712 262 934 642 860 866 676 200 727 909 642 736 379 353 287 254 788 191 519 142 467 560 938 510 804 688 421 438 454 364 951 967 463
109 772 483 470 69 46 498 559 151 849 641 30 376 427 396 369 921 26 979 488 485 574 945 556 799 337 540 343 571 108 644 708 447 526 259 783 775 179 450 489
9589