40
7
235 640 896 191 453 994 497 471 951 442 703 238 207 117 604 953 17 249 275 197 594 162 994 172 356 887 444 435 395 413 207 337 322 398 664 990 119 918 573 347
657 737 675 627 527 109 961 816 174 628 319 897 866 666 844 989 553 708 650 316 266 325 329 882 624 469 628 354 287 160 363 493 767 46 344 779 887 570 923 352
974 900 624 283 724 504 54 13 588 353 431 846 478 333 28 824 548 989 720 988 558 838 213 21 728 956 948 898 725 52 413 743 660 77 311 195 149 849 962 114
256 48 489 103 846 464 499 224 999 310 17 31 869 4 595 411 239 453 491 881 986 940 996 76 994 97 32 576 468 96 472 860 527 210 977 646 786 647 14 835
432 617 748 552 696 194 680 921 905 251 770 270 708 802 722 833 292 272 904 501 98 379 116 191 587 951 353 446 45 555 157 763 484 588 54 385 814 79 434 736
544 649 414 448 47 294 42 391 462 302 391 275 428 176 833 14 882 600 668 947 92 712 205 194 295 162 325 605 682 9 42 934 40 415 399 288 878 916 238 570
743 367 263 82 574 713 363 610 753 906 483 352 934 320 899 390 485 199 171 528 713 959 61 180 921 829 522 366 404 691 659 811 268 214 348 789 649 377 414 398
942 700 991 393 829 444 597 677 663 521 885 55 31 474 819 272 239 98 680 475 7 366 125 357 936 531 654 751 35 145 539 756 571 5 82 42 281 126 937 341
9186