40
7
922 980 468 360 551 482 811 497 127 479 201 386 97 937 614 508 540 662 645 470 550 272 345 466 438 167 924 87 997 9 160 116 822 704 347 671 622 333 872 109
218 973 900 936 327 366 412 731 308 10 784 907 821 451 509 183 687 223 629 754 383 992 289 117 461 38 869 642 69 315 116 606 731 16 795 789 109 730 690 79
303 535 441 500 221 258 717 132 30 987 303 22 501 865 493 443 742 722 355 656 926 268 416 280 658 154 244 136 506 406 411 532 13 746 629 727 974 506 958 808
172 606 364 896 873 129 70 304 865 498 97 731 868 59 332 740 426 480 252 353 37 258 282 176 759 115 242 868 407 205 42 225 825 928 531 926 836 346 506 105
954 34 314 130 665 959 651 631 21 923 76 357 988 701 358 607 48 362 631 544 819 461 935 903 167 78 270 230 932 323 702 443 980 478 860 336 650 976 117 858
135 680 465 445 140 526 316 439 31 101 572 328 931 507 472 35 477 607 132 752 629 70 373 566 519 854 271 996 462 19 851 814 697 323 640 50 361 568 454 507
947 937 383 300 279 443 607 491 87 978 923 920 488 214 701 714 889 279 377 567 469 902 385 230 287 741 524 196 606 784 370 665 866 210 604 503 871 932 372 451
505 811 50 801 781 111 166 497 62 750 26 201 851 250 39 398 802 474 593 764 983 681 868 831 237 315 982 227 752 354 835 977 563 261 450 46 594 399 714 403
10202