40
7
201 321 651 827 119 363 608 942 152 890 209 520 8 603 611 769 782 474 108 320 5 341 870 626 352 617 236 979 17 261 184 960 933 921 45 718 826 80 196 179
234 452 106 870 140 285 761 204 404 792 28 27 415 806 80 635 684 763 736 255 206 522 609 945 661 600 764 836 451 907 352 641 791 510 138 130 133 263 311 652
745 32 811 174 73 276 702 412 82 224 177 402 146 952 95 332 200 619 688 282 526 877 662 562 140 810 49 703 538 643 721 222 384 202 587 688 96 336 430 584
199 332 933 632 735 636 643 378 424 59 67 547 77 175 529 418 153 833 360 822 27 454 485 431 253 423 911 132 72 637 426 709 553 712 85 554 714 732 182 48
521 114 525 840 229 289 623 222 262 457 38 749 357 325 852 467 8 842 524 107 794 773 73 1000 473 444 867 610 949 538 764 261 320 438 842 897 314 543 46 745
985 102 144 598 997 523 871 928 241 383 372 897 992 76 605 845 400 648 794 360 32 513 357 204 756 534 146 527 567 820 179 197 558 865 775 804 145 395 794 699
412 322 661 750 981 348 577 115 211 814 488 597 427 57 662 241 368 620 923 910 642 9 120 474 575 698 129 916 697 194 539 844 618 934 821 655 31 514 264 583
905 631 118 100 243 78 564 59 870 942 479 17 731 783 711 430 423 703 786 878 664 431 552 847 734 176 472 677 529 947 626 396 771 278 32 987 441 562 473 41
10544