40
7
382 974 537 592 558 314 876 266 385 611 286 648 826 647 779 262 656 561 925 437 660 649 537 586 106 409 148 859 280 775 688 708 816 848 516 33 530 509 838 376
493 574 367 331 343 236 36 680 760 953 239 774 208 98 10 109 291 205 275 810 44 55 561 219 218 393 295 120 999 921 981 975 319 322 401 540 548 699 579 447
122 906 168 640 476 473 435 539 318 415 505 496 233 832 266 265 578 292 372 127 42 216 963 734 363 831 827 245 628 447 63 151 290 71 225 240 40 911 549 708
910 114 642 738 245 894 762 199 604 624 83 806 790 269 959 22 262 858 484 364 214 792 845 823 50 1 824 22 301 480 111 723 843 340 410 251 93 906 272 292
888 197 218 35 480 277 668 598 715 355 401 435 419 323 22 327 66 194 8 86 455 536 92 198 680 998 52 851 685 366 876 644 517 839 382 464 328 554 26 49
701 535 802 21 734 740 36 440 195 265 281 559 688 89 431 834 713 929 618 668 822 981 778 208 327 583 958 976 545 807 56 896 523 429 428 65 875 628 202 228
364 596 334 404 28 855 1000 854 415 446 456 5 675 666 383 831 945 142 290 14 319 521 876 541 876 51 349 933 147 325 352 769 97 670 32 820 589 24 284 103
666 485 656 202 590 96 806 541 258 510 138 41 279 413 462 501 21 632 485 821 601 379 307 313 28 708 811 598 778 279 623 980 888 155 639 976 597 846 405 797
10156