40
7
542 213 577 527 82 147 368 689 90 570 784 20 329 389 639 68 731 532 353 428 912 365 59 13 841 813 358 140 368 187 279 941 904 993 846 619 47 483 905 680
4 5 40 74 534 806 703 40 656 313 118 473 654 330 474 488 333 102 429 774 736 540 521 976 404 513 654 710 327 781 818 814 724 888 992 430 174 729 337 408
788 102 926 550 868 282 191 79 778 585 262 673 533 576 955 80 100 104 243 558 41 628 265 104 792 739 235 744 831 952 888 772 516 864 580 589 271 164 417 37
779 56 131 685 228 544 806 769 961 737 635 135 799 944 326 859 291 480 325 996 590 427 216 4 208 761 648 68 446 421 547 703 959 626 866 955 205 124 943 393
495 372 585 766 354 583 538 127 754 909 499 913 823 114 875 624 727 673 936 1000 790 405 344 285 887 692 484 450 861 509 105 150 951 499 97 332 135 741 440 87
746 195 669 460 281 524 575 234 273 794 549 851 892 158 952 585 235 757 571 831 866 547 667 675 40 487 898 581 731 297 489 68 675 589 872 629 902 932 256 630
711 784 86 566 213 973 841 554 982 424 242 696 317 283 393 963 541 687 865 531 511 430 820 305 224 885 213 418 467 415 434 431 261 662 739 968 950 175 535 297
157 896 6 443 437 561 879 563 576 702 161 855 905 323 731 596 687 663 860 945 978 102 4 62 983 985 662 533 231 382 717 567 163 786 744 634 672 386 103 405
11023