40
7
125 971 944 135 757 518 399 343 171 334 902 495 561 947 265 818 493 877 362 582 934 139 510 272 747 879 264 165 826 317 760 222 721 888 970 770 228 486 720 2
659 794 933 698 90 974 449 548 882 982 966 754 154 629 909 997 913 134 170 883 521 135 367 978 761 934 238 332 374 357 698 232 623 232 521 524 456 676 435 238
782 75 17 205 869 872 755 476 452 956 546 720 404 168 579 420 391 10 230 774 593 445 139 290 982 870 821 440 618 544 90 43 402 592 121 930 392 255 98 262
833 472 346 146 742 85 183 147 26 942 49 184 249 803 165 897 163 225 905 255 449 567 529 746 524 497 155 53 373 903 63 825 853 647 946 207 246 766 202 516
998 311 662 314 479 266 642 510 923 145 159 824 225 317 36 313 605 395 259 239 940 349 574 818 90 574 651 413 130 696 14 212 145 108 283 296 676 37 43 171
630 354 478 121 466 987 481 76 954 312 645 636 512 904 410 901 975 97 577 702 704 522 510 364 379 984 657 297 466 748 485 714 713 155 554 681 437 708 145 211
455 634 683 195 385 108 795 673 40 181 436 416 105 914 432 620 64 699 290 739 888 593 187 150 637 780 926 399 187 446 455 33 862 192 778 444 811 378 932 742
918 153 346 480 404 923 11 649 704 777 51 327 593 633 468 714 129 332 72 14 434 410 516 607 735 391 176 787 112 947 889 216 533 210 375 192 732 813 602 394
9385