40
7
118 961 330 696 864 471 481 401 76 625 985 759 185 137 212 713 327 183 158 833 64 497 711 345 501 922 865 844 562 403 24 235 419 424 877 717 565 459 709 571
320 334 19 342 982 317 723 221 440 367 265 220 627 432 655 974 415 689 795 791 51 819 1000 979 827 841 842 701 897 645 988 264 68 322 818 317 318 674 699 614
417 113 651 583 5 240 55 161 999 184 796 628 835 768 932 47 928 5 328 718 294 540 987 848 364 417 21 907 798 294 544 62 821 90 995 401 993 674 28 567
27 836 979 642 165 487 271 425 623 332 766 576 128 141 689 26 887 383 823 429 348 12 487 858 258 147 966 767 453 556 199 13 301 553 710 527 399 243 687 328
464 166 229 187 575 291 499 861 279 207 358 769 739 277 685 395 150 55 667 556 118 625 422 445 13 291 372 587 364 57 940 654 96 11 81 846 932 339 494 289
391 446 500 468 264 564 723 58 370 930 821 767 513 57 809 981 868 87 101 896 911 311 902 345 669 572 258 438 159 229 317 693 957 17 534 900 354 198 165 764
27 604 266 211 316 698 336 627 423 942 630 903 883 646 375 424 710 894 879 959 492 138 949 720 503 748 318 256 712 929 241 168 121 571 423 235 425 701 215 800
807 602 790 781 459 25 13 821 489 112 843 365 220 807 399 65 672 835 649 7 951 714 717 723 278 700 183 230 770 698 340 722 263 777 829 438 437 678 199 885
10647