40
7
348 349 771 113 655 147 71 233 605 35 627 696 908 299 9 649 460 45 281 1000 354 703 715 148 145 799 554 932 112 698 691 570 338 656 645 749 399 27 254 656
441 719 380 12 216 813 98 873 929 293 463 687 86 856 749 754 537 98 452 374 83 376 608 596 921 147 309 529 550 201 824 927 503 648 767 462 235 719 264 28
51 871 96 615 312 527 543 552 341 714 369 109 345 325 828 22 936 694 935 252 390 469 52 861 929 241 104 874 808 475 985 401 163 905 762 367 49 526 776 850
577 412 105 362 725 451 794 776 458 393 618 944 44 634 338 237 554 658 930 1 466 483 998 567 866 955 240 660 307 194 321 715 382 613 979 521 534 210 701 333
682 832 991 657 852 513 870 864 79 429 951 131 97 227 222 464 451 205 635 123 294 190 674 551 371 912 117 223 858 555 484 420 303 836 522 553 911 23 51 476
309 372 721 81 265 60 876 66 201 252 223 930 512 887 202 182 980 208 464 226 947 199 56 849 857 737 95 563 541 28 832 869 843 249 546 464 956 277 903 834
762 263 99 156 203 452 681 68 863 888 315 199 882 41 561 559 134 364 500 163 944 477 636 287 980 754 268 291 639 76 902 83 997 513 676 265 874 668 844 198
65 679 496 620 994 953 445 729 751 422 294 940 148 588 386 345 358 815 818 74 264 931 340 782 382 452 101 496 915 484 991 977 489 533 31 786 580 155 87 393
10545