40
7
629 26 767 338 530 731 861 840 465 413 250 32 481 300 350 933 959 556 257 397 618 617 741 610 12 616 498 481 153 904 106 650 263 281 900 43 607 189 788 209
13 152 46 297 35 430 623 195 602 341 818 804 180 741 606 300 917 635 975 147 25 765 84 436 671 702 963 400 639 168 871 105 293 692 771 649 724 861 129 210
782 262 192 212 903 391 844 198 863 428 171 863 509 153 325 780 497 898 23 531 894 268 230 448 99 627 813 708 118 378 27 880 179 329 301 391 502 288 644 102
253 508 814 375 423 356 119 664 169 765 58 513 893 543 488 305 817 821 200 86 268 340 286 22 40 233 31 978 140 664 974 163 757 959 850 392 156 36 407 476
470 174 709 47 413 14 165 525 90 282 993 870 764 648 342 725 306 291 683 718 335 568 136 957 638 123 530 251 613 452 388 808 553 415 885 587 366 412 642 882
344 886 783 40 841 619 996 829 702 534 901 950 640 517 50 775 252 107 588 593 205 516 633 576 882 459 232 245 405 32 51 115 565 990 935 397 753 145 568 100
319 508 119 596 860 740 411 352 588 839 768 246 447 986 861 280 838 359 747 718 273 526 810 890 567 418 10 541 497 562 190 788 197 853 519 708 151 722 994 175
792 127 827 172 499 20 230 851 258 495 445 935 772 185 813 682 604 7 16 899 156 150 193 229 508 944 402 513 442 241 420 855 732 267 670 843 662 523 495 139
9507