40
7
951 964 367 911 236 248 71 146 973 602 468 638 721 186 294 599 711 919 110 373 611 78 50 984 730 191 915 557 104 732 728 825 498 389 961 596 670 828 823 305
713 825 618 980 723 151 983 195 152 991 39 996 355 560 447 29 700 697 878 78 637 189 221 273 208 174 240 801 223 784 130 891 672 304 489 587 48 698 977 162
982 145 807 743 190 419 418 297 530 968 115 123 395 131 602 456 760 499 862 631 31 850 811 508 48 526 66 285 414 305 436 761 755 200 481 54 135 826 597 283
589 167 584 937 638 415 431 519 409 734 853 2 151 999 365 200 187 846 982 113 502 83 120 395 665 884 446 615 528 783 675 919 148 763 796 854 995 259 542 108
467 493 656 208 344 605 56 753 915 778 208 802 395 847 962 885 360 831 990 242 991 268 813 838 249 300 309 94 69 147 533 382 173 863 542 813 993 26 326 940
99 629 352 690 215 149 99 52 919 321 299 451 867 252 637 156 90 766 895 17 331 205 43 374 315 179 185 730 917 208 536 488 384 253 507 437 256 702 427 924
75 228 974 46 790 362 521 230 430 356 102 81 942 658 79 838 113 873 487 565 655 916 679 957 471 756 266 87 75 394 749 815 226 85 640 618 615 267 140 40
559 873 51 364 57 677 774 32 387 683 704 607 647 585 36 471 945 98 522 938 762 191 142 724 625 436 314 925 757 595 44 643 613 645 502 727 169 344 186 313
9834