40
7
308 628 362 983 963 88 167 698 896 974 247 384 168 638 424 327 748 299 712 993 758 878 749 185 497 873 934 333 351 649 594 907 163 775 101 746 380 860 765 774
343 931 999 37 660 956 582 212 977 199 426 900 469 270 238 100 975 151 926 130 439 740 172 854 800 719 47 742 964 435 439 263 636 143 873 830 443 470 104 578
120 365 964 736 834 440 301 302 33 447 781 982 704 589 697 920 815 517 752 581 178 221 351 616 969 357 576 932 551 935 734 820 946 416 981 860 970 78 392 593
755 525 295 74 497 174 257 880 800 132 681 655 884 725 565 327 497 431 306 516 422 499 111 101 634 560 984 986 257 665 585 134 553 808 935 176 259 262 350 772
707 198 306 198 148 296 586 160 243 363 128 498 174 572 675 357 632 449 714 669 554 670 148 900 858 128 805 111 278 920 325 250 987 788 988 976 990 562 734 793
248 782 287 696 194 887 446 312 885 270 455 43 300 347 15 19 101 209 322 270 45 21 672 603 990 142 988 679 640 955 628 829 174 771 388 292 575 472 836 53
305 52 100 590 696 606 487 215 832 12 285 96 477 112 21 929 351 852 407 221 4 888 63 166 602 725 807 667 432 814 789 608 523 457 440 58 752 951 61 354
48 986 280 173 919 259 595 187 434 432 924 311 274 353 721 973 414 658 118 483 323 747 73 249 147 998 257 556 653 864 742 607 980 442 74 216 967 749 99 798
10042