40
7
36 553 967 535 378 34 323 622 736 947 125 892 990 606 650 974 504 265 279 227 794 575 648 837 692 55 807 892 838 788 736 837 46 972 885 356 610 239 74 243
753 368 283 289 305 697 440 606 108 648 671 218 143 179 13 307 65 93 850 335 186 521 124 2 323 100 941 91 566 713 924 949 956 448 751 143 570 612 994 340
364 112 508 115 294 579 904 493 315 856 383 495 582 66 312 420 955 626 980 907 938 612 154 163 982 906 273 455 580 824 33 494 231 1 319 268 206 973 245 350
211 750 556 333 758 712 835 442 727 556 203 945 297 743 751 411 502 933 323 345 687 137 662 448 127 200 778 569 693 497 706 901 968 484 838 616 727 914 985 251
204 129 305 429 480 859 708 42 173 110 417 270 750 43 894 240 240 415 627 595 812 937 156 179 566 821 190 500 39 80 437 918 254 859 283 522 494 550 41 880
475 70 493 364 467 887 506 479 661 471 622 383 187 453 890 904 309 292 459 349 16 304 138 457 727 66 468 654 292 135 43 572 95 759 390 686 74 713 443 982
564 991 626 363 284 109 499 711 495 640 180 826 597 720 377 69 959 924 814 654 501 907 65 530 741 835 673 283 697 459 491 601 595 420 946 265 101 528 276 484
281 772 266 650 149 190 756 158 971 477 778 434 68 982 7 419 95 407 892 821 159 720 532 758 549 239 97 954 497 588 664 77 565 850 61 530 344 873 102 685
9709