40
7
921 757 581 947 809 133 750 245 185 259 74 85 788 54 302 999 743 468 323 388 615 31 182 370 60 269 970 137 707 579 284 39 547 906 690 991 784 394 882 802
48 948 725 52 29 738 4 315 350 742 164 999 110 959 822 271 934 804 970 985 109 294 822 554 587 9 783 538 547 993 373 935 431 126 459 917 901 902 350 9
431 137 574 719 132 665 772 462 70 968 376 605 298 267 758 933 634 410 163 187 568 369 497 697 332 413 304 203 658 576 401 1000 526 942 23 14 292 202 30 542
113 976 521 306 507 789 263 479 898 476 370 287 385 473 766 650 6 524 405 485 982 58 326 227 662 644 589 72 52 637 224 76 909 888 219 70 262 563 876 893
664 148 693 866 400 848 554 134 775 121 888 256 686 805 113 192 240 431 20 127 865 116 434 936 750 929 614 760 855 316 703 579 569 981 292 597 890 781 972 523
266 387 546 145 856 962 513 839 590 705 424 511 740 952 79 396 758 156 584 499 592 505 904 355 738 668 845 82 907 457 250 864 141 106 625 238 738 350 540 935
358 80 356 262 864 349 841 916 757 419 3 944 256 301 611 221 993 825 942 348 718 197 294 734 766 276 436 556 707 525 206 817 266 362 323 683 372 134 400 206
655 819 44 633 644 675 38 955 748 993 260 550 209 440 621 987 808 760 398 726 763 313 994 193 438 969 228 873 911 286 681 68 553 456 28 891 812 3 480 435
11169