40
7
345 87 41 316 905 47 221 96 701 116 950 313 294 847 488 585 564 159 127 944 413 893 109 553 889 414 828 855 474 784 629 519 118 721 529 151 551 443 901 568
757 792 873 93 259 502 597 961 516 129 938 979 878 133 449 659 775 642 815 458 353 888 151 655 876 294 541 390 119 647 733 75 185 756 882 344 865 308 66 48
837 874 370 62 973 65 310 61 282 687 901 768 910 823 786 635 787 207 507 605 49 560 653 642 625 767 229 307 470 2 907 575 490 593 943 367 252 969 424 64
82 476 7 838 13 870 614 456 405 144 635 382 987 84 910 586 861 949 168 465 530 551 692 772 392 285 157 392 905 991 581 695 675 141 176 588 25 372 461 655
726 798 50 767 714 667 46 817 967 563 385 720 496 268 787 959 218 398 506 420 865 686 882 233 848 962 106 884 355 565 668 345 27 863 902 428 812 148 661 575
466 597 216 58 866 905 218 791 49 179 225 475 416 411 185 183 880 781 421 285 499 807 258 849 74 659 498 519 551 542 747 797 723 525 555 843 885 317 584 123
116 426 407 969 541 422 951 27 316 6 588 707 988 515 714 463 603 723 219 613 334 379 185 351 437 38 514 223 10 357 437 906 443 155 414 357 4 393 230 530
116 749 168 991 641 28 903 903 145 709 987 812 938 952 730 751 545 372 51 803 988 260 431 824 273 101 962 880 607 827 185 193 872 562 689 354 166 590 746 66
11435