40
7
201 34 796 731 360 756 757 449 307 564 956 90 232 520 449 866 370 356 292 519 216 299 274 803 289 872 161 29 979 327 236 101 81 364 382 266 939 906 516 428
242 790 860 499 958 388 265 449 808 866 684 322 907 499 79 411 161 892 175 930 778 283 702 561 220 804 815 525 273 679 519 947 338 245 101 784 55 915 839 220
463 261 833 727 825 680 746 221 509 499 95 125 542 72 219 860 979 716 693 6 726 14 152 763 486 647 798 457 682 288 811 109 448 590 346 974 108 638 714 896
669 292 380 886 514 267 166 777 81 562 626 280 199 600 812 28 262 445 62 433 636 979 76 11 431 248 986 906 208 917 826 805 49 928 133 427 78 956 466 941
344 35 412 560 943 348 414 432 65 534 979 774 929 71 567 693 438 21 327 705 914 853 865 184 173 124 743 530 93 847 136 856 949 258 889 545 73 242 582 380
227 62 620 233 468 397 770 89 720 566 890 959 949 381 442 560 12 417 714 235 756 443 294 428 832 657 849 777 529 478 450 154 646 791 366 166 243 983 537 958
111 363 686 636 103 657 675 959 106 185 654 169 542 808 597 318 496 674 158 135 237 698 503 552 846 779 941 588 583 603 567 916 138 321 826 392 680 705 966 548
955 906 405 814 773 773 34 890 221 601 552 529 67 409 705 448 777 846 47 210 953 949 932 669 363 506 86 119 574 316 930 588 371 324 765 212 452 138 552 400
10581