40
7
671 697 155 759 729 980 596 720 204 18 258 230 232 125 971 415 129 204 944 66 886 42 80 632 911 609 901 399 678 128 237 679 431 403 731 729 673 973 802 734
812 96 964 480 539 723 49 893 336 330 848 50 635 15 658 234 323 55 478 616 491 821 75 779 276 58 809 801 709 776 517 569 885 348 548 842 503 771 776 543
832 226 450 859 68 776 918 515 41 711 550 971 652 652 774 618 379 296 171 453 961 391 135 440 398 854 720 644 267 525 5 844 561 727 217 771 178 442 829 369
393 615 496 897 193 417 730 547 697 25 997 221 539 576 230 229 395 233 288 415 942 48 526 810 401 461 584 149 600 49 75 493 199 107 529 26 667 387 589 93
970 124 317 322 954 55 865 288 551 365 661 718 457 283 117 140 180 649 335 620 385 375 188 124 782 998 97 79 125 773 263 923 708 205 565 341 336 132 996 913
5 552 780 953 785 205 572 935 489 609 882 64 291 827 489 814 733 83 65 408 484 795 149 362 68 980 380 618 790 651 969 643 330 976 2 390 187 533 759 369
415 870 632 673 295 322 570 584 891 64 595 953 573 520 192 358 675 483 224 736 753 764 659 778 177 276 976 129 706 269 512 345 30 980 744 563 494 770 247 472
783 997 102 415 300 555 549 110 61 117 308 280 153 492 478 340 255 497 49 327 379 651 946 79 139 612 488 179 132 589 784 631 219 442 134 592 222 770 154 98
7704