40
7
440 83 175 935 547 822 576 227 293 270 210 296 621 612 163 905 996 110 969 593 960 345 389 433 232 805 693 838 51 888 686 317 261 51 321 84 38 139 198 457
987 157 727 876 548 53 868 941 700 33 554 297 404 892 464 545 139 310 756 534 763 311 416 66 968 5 176 430 982 693 343 246 248 488 744 595 355 395 487 300
281 737 890 59 605 770 348 849 944 805 40 573 699 575 253 232 854 13 189 964 518 992 660 542 320 876 904 421 527 234 109 575 574 647 182 323 8 508 297 875
879 487 636 699 124 580 567 111 290 354 89 312 955 425 978 727 17 474 615 542 714 909 962 751 820 251 488 729 15 143 830 865 966 135 432 576 831 562 367 305
798 85 686 275 564 150 394 311 196 596 141 579 867 934 637 121 472 529 927 544 34 175 208 829 744 112 305 553 189 398 805 480 601 851 227 839 695 467 231 207
770 407 640 449 718 87 438 435 448 292 535 132 170 108 900 136 731 480 742 439 478 300 517 232 866 236 973 687 282 757 805 192 890 235 972 698 579 20 652 891
466 237 706 277 886 807 850 176 86 991 154 13 999 288 354 82 408 613 373 514 845 629 742 566 947 885 496 352 817 415 350 997 936 801 383 171 646 103 744 610
631 102 828 171 919 482 155 517 381 665 350 931 34 906 185 77 332 509 486 341 948 228 133 899 87 174 116 573 978 535 277 10 730 226 992 306 346 360 216 657
8897