40
7
242 353 983 455 960 580 552 585 307 926 839 38 664 447 201 477 396 855 199 36 182 968 80 364 434 824 524 59 193 532 835 104 547 644 931 582 535 550 764 990
833 416 291 586 833 303 458 732 578 465 841 353 527 701 940 128 367 475 33 208 200 814 336 829 539 853 44 599 56 423 936 784 154 537 54 354 968 448 406 171
573 544 671 691 903 522 94 340 791 971 840 164 395 158 666 65 656 577 415 663 166 25 292 586 162 376 37 108 257 783 61 321 111 508 489 356 65 741 182 351
584 824 247 983 322 39 987 331 768 935 826 1 745 80 59 678 968 650 65 983 949 135 129 626 602 906 656 38 179 353 274 571 6 551 121 415 890 361 795 453
931 836 116 501 437 600 213 687 248 565 471 530 630 499 688 53 656 144 713 7 645 286 638 758 913 783 985 167 722 255 760 300 47 706 557 670 690 618 690 898
701 350 90 564 226 786 710 756 630 952 517 494 836 210 80 386 659 919 483 842 196 674 307 121 542 364 250 880 899 100 486 129 110 208 914 713 291 461 206 46
992 734 483 390 69 416 238 871 378 309 189 644 596 88 705 60 904 30 935 268 798 448 972 376 624 937 966 168 188 59 387 523 975 168 878 369 715 730 667 547
994 527 923 56 878 600 461 536 478 205 230 855 889 38 568 355 147 776 459 855 43 452 745 978 545 87 933 365 590 127 138 237 57 564 937 478 663 784 441 828
10411