40
7
39 541 811 892 344 612 555 74 171 40 495 643 224 176 553 828 591 95 688 90 600 106 426 169 250 420 95 519 94 630 75 611 237 253 802 877 547 821 570 394
379 634 595 912 870 708 738 311 380 58 270 835 28 749 598 883 445 273 876 418 81 46 816 195 219 982 973 659 434 226 330 621 365 585 902 359 645 472 929 708
921 503 36 100 74 245 428 348 622 563 536 165 58 370 5 623 154 42 809 814 213 977 464 240 439 971 433 910 894 252 985 243 601 9 775 370 504 734 555 937
708 809 672 353 972 126 478 982 312 597 43 661 660 543 350 629 248 269 987 871 310 577 797 253 486 500 286 543 547 493 135 291 420 163 295 321 159 409 794 536
55 330 854 144 552 898 277 771 89 231 168 479 505 856 378 996 655 691 592 916 512 784 155 409 799 481 229 134 160 508 307 549 868 815 736 675 423 254 796 28
200 98 809 844 98 126 780 588 589 528 946 150 982 441 440 415 596 524 753 864 535 123 805 64 778 283 204 113 642 299 778 633 802 887 33 440 978 904 86 450
186 42 612 759 669 9 810 541 745 611 420 753 949 236 882 846 629 658 688 199 907 136 567 677 138 969 397 592 186 270 925 313 72 815 514 62 217 401 521 384
426 74 577 584 385 21 441 729 297 272 206 18 996 304 951 812 45 535 342 406 112 141 409 515 51 600 791 736 937 684 991 723 251 634 736 6 89 667 713 359
9283