40
7
340 374 104 120 230 655 509 18 913 370 363 227 646 215 798 934 268 391 587 125 378 73 670 524 425 626 13 459 158 462 433 317 62 467 349 160 965 677 594 563
187 13 198 710 256 3 882 457 272 838 513 489 81 472 616 763 497 86 432 791 356 683 316 492 941 808 366 812 543 460 227 145 227 478 981 87 688 158 511 487
983 153 873 998 734 878 954 125 122 818 248 464 956 739 620 162 861 629 408 663 553 674 833 851 782 854 767 847 339 37 758 782 395 309 483 323 219 823 542 353
995 89 344 832 813 827 641 599 23 440 151 665 767 717 100 414 529 491 402 161 905 846 960 851 159 84 402 256 857 953 610 600 347 193 155 453 671 935 116 680
900 158 534 694 372 791 409 206 772 122 686 1000 862 579 337 89 438 689 415 157 622 464 366 740 737 778 569 568 183 672 848 999 898 735 114 19 760 461 338 275
404 930 369 285 889 451 447 848 67 396 285 7 251 967 733 257 221 904 319 655 326 675 657 111 545 949 459 445 927 909 279 593 277 754 667 802 966 538 756 325
548 442 141 368 962 566 553 8 907 537 712 600 333 127 946 3 519 946 801 564 800 220 675 826 168 549 559 694 406 142 251 889 641 175 311 331 875 938 798 211
580 326 3 429 412 227 302 539 881 239 792 846 246 256 51 84 455 101 554 299 965 934 179 701 510 532 616 938 362 175 598 270 171 649 71 805 322 59 171 811
8731