40
7
275 272 788 12 155 838 103 360 777 644 914 765 434 535 745 791 679 531 259 436 446 193 119 562 624 544 208 707 204 486 523 328 191 904 309 585 337 34 713 832
601 410 127 15 540 172 544 224 132 159 880 411 447 874 209 205 743 610 807 685 949 121 741 91 176 950 377 557 147 143 655 194 305 447 910 262 583 861 694 101
74 742 299 20 185 624 576 680 436 422 254 448 226 620 22 774 273 451 151 764 16 696 918 92 99 469 950 742 183 883 176 71 363 659 629 198 743 460 533 1000
813 160 539 995 957 937 932 986 956 451 138 823 383 837 570 292 413 481 360 146 973 957 431 283 712 295 173 578 603 818 444 150 916 98 496 177 219 313 355 243
698 394 391 297 455 950 49 390 227 824 719 951 224 389 959 881 893 616 525 23 205 423 833 333 809 425 115 19 66 660 916 197 779 13 603 960 443 607 877 439
886 325 371 669 501 921 881 94 409 800 500 393 652 306 261 124 356 204 262 986 3 117 784 48 93 759 233 415 54 634 639 48 522 418 339 985 914 447 247 777
225 583 217 314 380 738 216 103 952 660 804 453 541 64 477 10 410 430 337 658 787 441 990 275 66 690 90 973 664 397 534 128 388 83 348 915 499 972 114 769
678 601 622 350 679 190 276 950 518 573 211 421 170 271 625 259 536 444 615 526 438 389 449 587 929 861 414 302 611 682 547 470 628 972 98 186 707 643 895 912
10618