40
7
429 648 683 60 351 991 827 146 535 853 121 108 28 279 617 662 237 109 717 599 691 734 488 268 131 755 327 859 319 151 56 200 608 683 481 480 329 213 403 731
898 471 737 434 884 29 434 192 603 266 945 624 527 532 806 914 504 526 403 62 988 828 199 835 48 105 612 782 167 888 721 875 922 628 290 955 508 155 1 499
110 612 224 820 81 590 461 23 148 415 787 988 205 896 676 698 757 322 35 613 157 712 43 355 138 773 78 471 535 103 430 130 915 673 721 377 866 224 909 650
151 600 955 151 72 790 682 24 342 493 405 677 627 462 572 699 137 91 448 280 322 148 982 290 486 635 412 470 675 550 397 45 835 205 820 714 716 76 514 49
341 307 40 499 77 397 547 287 162 173 557 773 677 808 972 764 589 43 236 142 620 897 872 986 327 179 346 451 369 823 199 599 432 485 975 988 900 399 801 424
97 255 204 258 381 858 309 14 87 82 573 36 993 575 240 477 797 292 88 112 591 744 769 198 429 243 632 603 398 95 614 880 796 102 852 656 99 605 536 42
275 511 147 696 496 766 327 121 957 887 966 329 886 222 400 607 507 444 408 804 386 4 75 556 180 71 390 623 574 676 437 352 683 305 934 908 720 300 1000 55
569 73 300 435 890 974 9 3 261 751 926 831 476 759 680 810 818 682 94 670 263 497 866 180 306 417 246 366 326 85 157 556 738 508 838 473 239 686 218 492
9734