40
7
411 26 980 872 66 456 34 966 384 452 401 958 143 444 456 37 790 747 205 711 844 195 483 556 571 822 838 961 142 244 580 125 979 116 391 493 830 760 378 740
428 64 363 398 766 465 820 751 392 448 246 425 969 991 813 537 337 333 549 926 17 517 99 28 585 411 405 766 215 552 598 638 714 672 258 713 793 253 346 226
156 595 19 300 361 290 616 781 591 38 532 210 198 650 343 364 388 537 666 457 809 875 147 9 567 921 623 797 345 297 582 694 682 814 71 241 890 317 566 270
31 607 138 313 171 991 6 436 451 330 818 233 48 65 909 33 835 323 296 46 945 330 762 532 191 235 530 314 378 290 910 480 939 218 477 255 751 586 83 557
774 19 760 917 856 861 243 981 303 310 372 123 759 108 547 860 227 613 733 142 732 750 942 655 231 701 836 54 626 542 869 109 865 272 990 35 332 228 315 531
477 867 213 310 182 339 67 704 719 348 899 870 873 418 150 22 78 431 709 816 515 227 285 713 591 540 411 896 277 996 788 263 408 216 28 649 401 462 404 893
291 853 206 43 626 508 422 431 590 131 237 462 351 655 69 103 59 348 412 637 934 787 756 429 813 594 544 326 344 936 340 218 398 957 306 145 896 320 452 544
961 864 360 70 501 19 100 378 853 975 739 374 302 540 764 504 751 235 671 4 645 629 503 253 102 546 960 553 740 43 11 60 276 476 306 952 932 708 694 436
9895