40
7
305 285 583 73 284 386 870 54 159 457 427 365 444 114 506 221 623 521 995 592 429 893 671 9 219 876 404 746 855 342 328 210 857 42 923 936 466 184 9 375
674 247 802 267 888 19 4 766 484 354 76 966 815 811 81 102 729 272 397 432 673 161 142 65 516 845 74 888 988 697 480 344 811 841 110 440 705 432 424 92
935 263 746 577 325 448 449 455 118 922 973 823 739 550 451 223 380 7 555 67 127 654 603 73 919 620 736 777 646 740 209 704 361 590 484 838 278 442 880 679
916 577 309 335 107 692 142 284 835 51 675 428 777 47 60 135 635 674 492 947 504 1000 179 541 523 20 38 773 495 193 55 783 733 882 356 992 421 417 5 617
880 757 376 489 741 325 229 411 922 513 813 736 158 289 397 652 916 503 294 890 270 452 956 290 559 17 794 905 398 981 87 406 982 338 56 241 551 94 95 735
63 319 997 289 681 564 431 741 738 789 735 523 32 849 816 370 304 208 648 88 914 979 418 258 332 199 247 962 512 813 443 410 694 609 409 318 112 564 443 279
569 899 333 756 822 240 348 912 688 496 485 523 80 133 252 237 241 190 306 584 388 468 401 185 379 607 326 868 42 415 644 107 442 108 613 471 35 495 632 647
557 571 833 254 837 572 795 578 229 863 136 101 804 68 983 750 156 563 936 818 657 291 437 735 654 80 840 400 466 235 611 880 791 233 611 559 3 521 5 595
10504