40
7
41 182 551 917 201 630 550 536 213 568 414 436 109 199 972 795 153 245 339 568 98 911 952 100 993 175 667 42 518 915 812 993 119 364 37 512 712 96 194 735
598 160 816 430 978 102 349 497 380 339 546 626 155 153 386 118 265 698 580 829 752 279 904 589 36 374 959 571 933 724 44 238 274 626 980 267 552 917 104 987
801 13 674 976 344 485 935 903 182 980 76 73 836 913 487 854 991 920 739 82 636 711 294 616 529 604 89 635 605 787 648 982 911 778 161 559 334 739 504 852
883 584 701 890 624 543 498 265 168 215 434 47 296 727 68 797 405 877 630 11 540 478 817 752 249 971 506 496 255 534 98 712 481 90 190 522 415 18 14 48
493 74 876 979 14 335 211 915 825 657 21 755 818 199 276 796 718 597 429 553 311 34 801 771 769 54 647 215 167 521 395 494 743 910 942 685 574 888 836 81
533 975 479 143 289 660 837 228 148 384 865 461 539 208 568 531 957 278 195 751 670 753 348 39 111 353 666 35 718 952 2 861 660 398 164 319 978 937 105 40
69 4 424 702 363 428 61 635 884 366 462 410 318 307 652 286 817 399 970 810 141 742 903 580 155 661 182 814 74 145 39 870 512 242 141 335 733 31 347 389
639 345 717 426 698 714 377 933 602 381 780 961 581 789 18 671 224 87 360 23 444 205 851 13 15 893 401 512 761 195 98 400 97 36 872 174 240 713 711 767
9362