40
7
120 399 532 989 499 686 925 681 373 26 438 952 812 833 641 396 550 173 959 552 325 982 865 591 148 56 382 676 474 583 357 759 353 965 362 441 92 225 501 248
691 103 116 967 134 171 54 430 603 304 398 419 985 1000 67 566 151 416 1000 911 479 23 975 556 37 720 109 469 608 255 492 556 475 129 466 575 482 336 871 789
156 702 651 923 518 898 430 755 20 850 111 183 705 320 717 813 817 190 912 838 988 802 98 809 944 907 634 380 341 257 213 599 338 300 946 870 19 533 128 596
960 650 730 370 808 874 825 232 516 998 502 277 741 564 586 529 259 899 621 958 144 73 130 994 564 570 495 684 454 322 450 374 181 117 317 92 551 46 102 194
350 954 676 716 200 533 695 735 542 29 750 894 225 270 432 497 449 767 469 956 707 743 253 356 711 874 861 933 817 127 10 616 402 119 484 974 472 730 739 492
7 344 485 390 238 627 482 794 139 899 757 898 28 670 142 372 193 720 184 343 101 787 438 283 352 448 739 122 468 681 922 181 971 124 648 14 447 247 634 401
362 839 726 865 145 428 451 36 985 372 32 414 463 676 669 525 510 19 75 67 600 747 309 119 258 935 141 937 594 540 978 83 723 113 403 79 5 458 295 978
471 821 97 63 224 884 483 853 36 542 837 573 101 415 815 495 672 5 58 314 906 666 687 532 977 934 735 677 477 565 120 203 849 221 340 406 519 444 621 277
9958