40
7
194 608 232 767 174 529 929 280 848 130 432 91 950 349 343 936 382 367 603 177 279 908 572 596 719 990 910 934 468 37 866 130 505 975 104 975 455 88 950 347
836 43 312 535 125 230 438 950 408 573 360 311 651 972 30 389 882 469 119 488 200 744 536 741 472 37 817 493 197 124 662 33 628 196 864 708 717 117 932 816
819 204 169 510 679 843 356 706 198 558 732 689 483 687 908 281 571 820 154 557 633 125 627 711 648 941 23 480 857 743 472 743 550 392 214 292 412 968 486 724
672 153 611 333 261 116 646 84 188 836 888 315 501 822 532 755 600 100 933 722 562 558 623 461 528 564 862 330 416 895 123 676 257 655 100 105 447 831 986 686
168 657 414 14 893 731 436 644 904 481 319 547 348 252 748 496 74 155 136 942 341 595 845 715 293 488 950 814 255 86 799 732 326 24 566 411 128 119 879 646
4 840 302 4 892 701 986 641 587 651 619 630 736 882 353 603 171 574 383 60 168 479 645 486 762 974 842 413 139 844 281 25 929 732 362 176 640 472 325 126
914 239 863 835 734 159 122 295 479 770 331 422 951 566 128 906 714 863 698 978 950 141 326 671 325 993 166 340 354 314 252 493 216 226 613 231 28 362 192 496
818 281 967 747 513 164 60 704 682 529 776 777 687 158 35 219 826 786 356 612 307 423 334 689 238 538 525 258 288 555 800 780 447 40 422 646 525 233 544 833
10061