40
7
913 791 815 213 327 504 728 483 32 987 72 88 779 761 408 781 70 104 750 264 293 148 989 600 569 781 131 189 916 668 512 998 229 83 292 665 190 32 431 913
702 824 887 663 464 3 420 37 553 728 78 533 617 450 111 302 750 268 266 180 339 358 623 391 612 183 176 731 779 211 229 368 377 281 802 393 673 526 772 571
265 732 809 737 261 909 595 583 827 405 339 119 414 619 22 864 137 587 258 824 51 664 140 877 981 368 157 693 553 220 224 216 314 920 565 716 614 700 62 881
972 290 536 879 504 623 501 895 532 277 150 576 988 180 757 136 715 987 162 305 705 39 515 408 201 988 167 299 119 595 778 95 141 840 264 143 712 285 939 390
932 146 933 419 790 681 785 549 632 667 919 610 827 624 584 892 623 697 416 348 976 194 585 503 692 13 231 988 719 294 15 297 400 856 286 123 108 938 329 831
42 71 43 680 679 288 735 363 590 967 656 470 393 580 650 550 665 476 680 631 7 216 600 441 653 232 146 687 984 388 232 587 42 929 374 74 251 690 118 70
571 323 649 292 20 655 184 953 227 204 892 329 287 711 37 197 113 98 644 670 915 244 833 419 434 946 132 11 294 558 630 68 577 130 493 725 981 162 960 27
990 534 929 186 629 912 451 907 254 436 870 575 595 895 473 717 737 75 411 604 992 291 741 878 974 508 659 308 179 779 368 998 500 517 553 823 546 518 744 685
12371