40
7
875 829 623 872 196 756 462 413 654 793 990 527 627 555 380 906 497 688 213 177 674 295 889 371 876 724 557 176 531 988 205 107 585 332 850 837 143 603 573 608
175 944 225 338 251 685 52 790 554 579 448 779 298 979 161 101 828 14 329 474 449 941 126 733 238 608 126 966 460 213 756 649 876 75 240 497 468 368 807 473
663 943 332 117 928 437 400 936 100 127 328 745 530 200 941 118 599 230 377 878 861 606 34 858 458 472 475 967 292 937 306 189 52 365 817 119 675 352 194 116
515 360 72 191 971 339 826 369 38 703 390 415 499 273 523 506 266 1000 88 334 289 214 379 984 566 605 961 764 627 615 500 698 262 334 428 73 30 117 909 400
273 800 465 438 728 506 293 560 422 763 953 678 560 391 155 308 377 758 803 176 813 650 151 132 1 255 805 253 163 328 32 88 627 389 846 105 239 536 914 90
800 656 67 291 315 335 266 60 215 3 940 979 128 335 745 227 469 934 32 383 191 110 105 317 625 810 155 886 696 778 87 971 256 305 487 538 603 551 117 595
371 280 840 89 743 367 227 97 605 392 882 674 841 933 194 102 649 42 996 825 618 874 625 239 480 357 964 335 940 52 499 717 864 590 305 470 16 742 864 994
183 256 562 50 774 425 509 527 21 684 752 78 14 721 747 999 519 983 1 34 412 527 956 355 745 425 38 109 105 253 810 679 2 867 62 120 408 394 188 736
8515