40
7
330 377 284 28 744 720 568 143 565 360 357 265 841 812 545 887 244 466 644 667 845 463 93 156 148 111 67 616 589 607 160 996 302 509 590 72 643 888 121 4
707 679 344 424 908 156 644 36 695 895 723 15 869 101 285 275 358 147 864 184 346 149 57 2 899 248 410 563 838 756 948 332 580 109 594 808 987 548 13 319
52 690 777 716 923 624 383 250 792 560 745 134 753 789 226 487 872 704 463 716 797 998 567 612 571 134 369 156 136 486 437 860 744 642 90 11 583 553 863 211
804 763 201 795 441 351 388 376 285 642 71 185 748 400 450 635 601 947 832 223 139 978 963 429 743 256 653 413 374 614 885 917 821 904 885 822 592 80 737 78
998 225 377 501 341 739 426 657 199 883 397 671 593 943 612 962 500 523 120 106 103 933 375 394 148 610 81 379 44 943 387 14 521 70 972 729 386 395 914 139
507 56 191 911 644 463 96 410 802 880 317 449 389 653 673 704 657 140 928 886 191 212 50 147 408 451 670 705 903 827 486 781 230 823 507 469 997 819 794 405
778 493 595 582 735 407 464 51 608 454 401 3 366 462 56 209 534 529 369 331 562 816 592 840 288 183 742 883 440 971 903 207 601 853 8 249 299 89 439 100
762 198 715 179 268 639 626 558 701 797 710 789 515 945 806 897 561 494 729 236 40 797 446 927 671 114 451 759 453 573 715 863 340 55 120 876 154 717 85 507
10894