40
7
194 186 140 147 861 590 613 104 989 496 504 891 86 654 125 432 325 188 551 741 388 778 65 137 371 330 316 505 753 723 312 125 964 800 160 425 851 99 504 823
323 949 207 126 559 261 813 78 794 970 101 154 839 819 412 223 62 809 924 888 133 65 934 827 491 492 706 178 39 922 599 819 969 339 120 108 347 847 894 514
683 433 745 987 754 363 525 666 848 264 889 192 543 771 558 268 129 815 166 222 895 733 141 40 595 866 810 81 739 249 464 226 578 188 427 304 443 271 136 332
794 919 402 90 899 184 355 995 134 770 263 332 12 658 225 901 453 802 14 82 407 636 616 775 435 14 709 804 124 558 623 843 470 191 543 205 369 939 879 201
975 225 630 46 29 646 4 593 37 635 608 155 501 184 130 76 444 261 260 590 641 408 866 266 592 513 488 746 598 494 349 682 807 400 935 355 38 280 852 365
179 252 694 287 799 221 271 792 187 648 243 414 273 663 88 593 304 441 277 875 14 62 158 279 775 473 605 515 533 816 336 181 81 307 616 49 669 116 382 950
844 855 384 125 3 47 255 7 491 121 41 618 200 49 611 635 7 171 265 766 779 219 504 163 770 688 988 900 870 147 741 312 543 478 584 701 305 243 790 655
795 785 891 275 672 402 610 534 233 589 3 754 302 709 633 421 874 642 757 602 726 711 423 187 889 527 673 695 657 534 96 268 822 547 56 849 120 577 346 257
10722