40
7
940 206 797 1000 983 865 72 474 909 517 515 115 835 904 366 69 516 796 169 225 825 777 843 123 615 158 334 580 570 350 191 886 315 61 962 698 339 830 697 120
498 395 59 226 374 742 600 346 74 634 982 470 41 901 458 107 982 934 760 708 361 693 959 319 239 148 417 806 485 373 718 291 495 12 670 757 639 482 741 91
215 482 139 277 813 220 10 55 619 913 796 467 924 395 76 805 64 548 844 209 160 510 492 881 120 71 248 429 500 426 277 762 539 369 954 76 414 487 629 450
345 280 581 940 297 656 402 715 170 829 409 96 643 337 801 851 567 422 175 153 900 741 236 937 993 583 610 920 559 565 310 468 163 208 33 599 343 500 390 423
255 613 748 7 819 565 286 454 420 926 457 880 958 241 920 77 601 340 782 542 270 580 335 6 884 844 649 941 867 779 524 635 243 304 924 195 638 518 100 413
664 788 166 455 99 76 816 312 907 227 813 954 351 518 61 553 198 798 47 452 632 8 841 58 869 484 683 402 478 705 608 575 380 722 954 472 402 404 505 814
495 656 422 189 682 816 482 919 123 16 155 160 846 644 187 591 493 300 13 243 690 887 393 916 737 795 706 79 777 933 593 399 901 482 585 714 522 55 596 764
427 822 886 684 850 150 730 361 457 593 729 683 385 107 80 583 204 185 204 191 722 399 902 833 977 929 577 723 450 648 193 441 128 630 537 81 940 815 708 10
10477