40
7
144 92 200 665 898 659 728 839 486 230 858 837 406 527 709 306 894 371 608 379 32 730 241 12 415 330 657 31 471 315 230 290 337 717 145 299 309 704 860 997
832 967 961 96 38 856 225 809 544 483 791 167 254 66 780 534 915 297 563 244 231 119 916 538 270 534 558 10 219 628 776 527 464 959 222 307 681 707 637 661
244 725 990 349 452 867 906 544 258 225 385 123 813 576 825 16 314 875 290 724 327 693 290 441 43 568 449 990 739 40 826 839 146 770 290 903 936 623 33 375
244 29 768 542 912 630 209 827 830 862 982 383 157 944 518 837 853 595 972 129 757 950 968 710 229 973 224 565 191 697 406 170 591 754 24 728 537 553 933 219
32 777 877 240 338 218 553 117 323 948 643 708 529 795 608 605 165 656 1000 942 165 141 571 225 332 707 333 242 664 812 536 841 815 294 953 492 977 871 68 283
312 798 649 218 610 815 411 652 60 954 61 742 703 282 53 50 220 195 60 507 121 589 292 144 468 815 174 830 626 481 741 363 403 554 508 715 173 508 66 423
41 574 152 637 674 958 660 98 902 951 822 816 95 790 583 285 951 986 399 219 398 28 539 605 796 266 905 508 351 138 14 750 442 95 929 776 125 516 859 602
265 679 425 880 177 196 316 877 578 617 188 285 485 964 323 224 86 222 2 634 714 513 985 809 168 228 723 452 282 819 504 884 581 491 727 74 20 24 105 898
9212