40
7
359 646 5 248 61 715 980 954 422 182 482 333 798 957 454 674 301 491 24 938 193 905 586 904 423 787 473 657 374 32 120 218 148 889 376 35 404 971 187 26
681 984 896 217 836 416 381 933 704 986 125 698 658 526 175 779 270 399 33 369 188 704 561 856 859 911 438 673 657 836 229 20 644 973 827 912 389 748 242 425
360 618 518 417 171 273 896 523 645 160 479 134 712 982 150 592 560 928 301 619 891 222 399 31 285 977 279 155 619 583 168 139 645 90 822 104 427 471 159 774
794 849 317 490 46 186 232 476 173 596 326 11 275 93 725 116 173 435 741 604 681 258 678 195 146 533 746 214 680 423 507 522 646 905 241 931 262 534 195 754
199 968 939 880 733 838 402 72 450 591 104 487 302 678 130 209 406 549 523 73 782 739 335 650 147 963 277 325 72 313 183 741 187 882 772 381 513 984 198 97
477 10 863 37 451 273 207 519 164 239 603 377 408 256 816 195 387 298 223 474 379 181 971 55 206 10 135 627 577 809 280 360 504 546 285 496 958 596 506 234
85 24 551 24 426 24 641 42 401 922 189 810 771 407 870 360 772 793 661 113 793 813 781 437 368 347 536 290 923 693 845 171 297 790 545 542 734 86 950 619
924 241 376 77 318 427 42 785 600 159 316 472 104 763 282 486 96 391 233 90 996 687 356 712 650 185 926 701 233 325 140 937 213 517 281 341 70 600 244 846
8571