40
7
465 399 352 936 116 782 308 684 648 339 965 847 281 170 617 210 96 936 606 90 27 989 734 173 819 978 494 401 412 258 970 909 334 197 836 153 1 600 430 565
635 375 655 839 235 417 109 89 642 772 539 583 760 940 111 410 701 745 90 242 500 255 406 771 697 542 347 505 376 235 578 496 268 68 913 654 59 481 511 861
602 344 122 95 400 846 225 603 491 751 10 363 892 522 827 744 18 436 361 128 933 759 44 609 732 530 364 774 181 249 960 618 852 93 395 593 184 37 417 911
842 740 643 995 225 738 231 452 115 692 559 110 5 947 694 652 468 962 215 534 280 893 132 735 989 196 749 190 799 650 364 764 111 909 624 828 171 494 200 202
862 397 445 15 756 216 58 822 116 57 635 643 888 194 161 39 875 519 49 484 627 448 129 600 408 91 944 852 479 469 208 914 92 335 791 869 963 395 458 921
112 792 274 680 349 32 954 544 83 456 237 677 879 529 921 291 552 62 643 991 311 806 460 416 723 438 390 140 417 521 652 496 959 860 845 948 123 312 603 171
514 333 845 283 154 996 557 300 612 880 909 738 529 637 7 668 448 619 17 210 444 854 510 383 222 813 831 371 722 568 905 904 825 958 489 600 911 571 754 414
453 485 709 314 41 421 947 86 513 988 373 744 914 608 421 317 476 503 873 32 428 969 643 267 322 417 682 533 645 753 475 777 681 845 200 990 837 592 522 657
11227