40
7
599 310 979 184 463 193 290 634 106 517 222 366 923 990 57 431 594 569 405 115 689 211 968 551 736 737 514 874 918 285 192 79 576 39 254 515 689 866 146 711
644 33 127 489 823 679 973 557 981 314 181 285 145 317 534 296 956 45 58 869 685 416 843 926 212 274 560 863 176 780 825 857 95 888 623 677 964 679 464 706
479 426 189 202 158 571 465 613 936 694 457 22 761 296 96 817 257 199 624 986 421 466 934 198 497 212 866 619 505 205 733 374 85 433 423 975 554 840 778 277
140 398 509 26 339 45 473 4 565 415 902 884 442 364 795 8 880 31 679 947 695 549 148 326 147 768 797 221 517 157 506 464 825 150 920 514 347 57 983 412
714 253 384 437 962 617 117 348 829 169 890 270 452 958 26 259 351 221 968 513 227 153 171 450 726 381 20 978 525 79 629 586 299 932 528 279 922 350 733 820
700 342 248 628 804 469 907 920 856 760 507 99 31 404 15 438 84 43 906 439 200 95 838 756 851 202 767 316 96 846 144 830 319 685 224 114 888 637 827 327
353 333 841 517 919 599 728 820 210 540 938 288 523 205 108 171 515 345 484 52 208 648 474 841 988 480 458 444 737 296 186 238 848 539 797 737 1 634 487 707
621 885 313 307 19 619 897 243 486 427 803 891 88 479 583 743 153 607 407 456 32 302 511 647 668 101 765 510 471 942 840 606 635 424 283 284 236 320 807 397
9904