40
7
632 349 539 796 2 518 870 827 476 539 283 81 155 619 942 49 893 117 15 56 989 799 46 257 791 198 510 167 655 929 216 749 821 686 694 239 996 45 649 955
591 315 770 405 85 981 601 308 421 230 456 614 686 574 691 652 269 633 965 874 383 153 692 947 855 823 724 778 747 907 43 41 293 562 760 518 392 369 925 905
8 311 176 917 437 544 406 425 703 63 829 157 330 476 751 979 642 630 304 841 917 164 687 419 70 746 606 1000 736 930 656 487 538 812 381 342 70 718 813 897
934 138 872 479 173 372 104 496 360 266 920 351 18 286 348 898 696 142 603 480 336 224 154 13 297 655 298 801 698 714 854 503 779 615 712 834 200 749 590 106
716 731 454 24 220 673 219 479 120 336 488 980 491 520 374 444 37 595 261 640 845 175 608 237 109 572 849 864 712 573 185 377 920 800 750 615 201 359 937 839
93 125 641 852 456 288 624 421 650 984 738 671 841 316 637 512 940 226 78 902 534 398 974 581 326 177 418 219 265 249 789 191 258 886 870 661 977 32 200 37
428 546 524 152 930 599 476 408 16 582 535 446 247 352 308 786 254 354 900 397 312 498 145 737 934 529 126 480 452 545 843 927 927 395 848 715 251 205 312 980
420 881 85 966 527 478 448 441 132 820 780 936 462 564 280 135 860 933 928 775 276 350 591 573 977 409 514 119 429 619 61 840 923 714 235 636 342 434 167 464
10762