40
7
236 400 413 578 269 387 290 748 84 603 794 923 267 708 507 62 450 663 305 790 413 850 621 119 334 788 115 66 270 68 185 534 597 471 646 345 237 241 675 804
721 948 267 649 664 551 291 468 648 34 679 212 88 509 739 36 560 199 842 983 299 204 924 399 135 879 355 932 94 414 296 866 987 197 553 686 80 908 176 649
935 915 945 306 785 692 31 442 959 54 230 2 451 257 943 95 642 576 46 352 391 715 364 173 945 754 77 818 278 581 411 355 933 523 272 385 884 372 747 666
138 190 464 1 362 203 978 505 577 811 924 675 983 660 575 147 217 43 144 662 718 390 720 26 461 466 718 77 416 908 517 390 411 989 425 952 86 281 610 882
927 51 327 250 116 287 540 939 487 660 27 768 302 254 973 417 327 632 129 261 339 50 171 490 484 297 489 75 424 82 912 742 162 923 458 674 946 979 660 872
81 216 531 952 706 666 227 73 857 765 372 900 353 793 728 582 708 389 269 266 980 211 360 471 79 448 721 219 777 522 792 281 287 322 752 391 713 932 290 237
303 922 146 853 175 728 9 279 704 531 472 393 950 942 99 816 646 385 505 638 221 956 239 674 430 64 506 268 731 178 72 654 267 957 495 389 585 724 511 690
899 617 289 137 222 667 128 187 137 984 133 815 411 361 302 965 457 326 274 612 567 880 388 638 399 377 56 105 97 763 99 140 479 992 352 523 108 745 155 980
8883