40
7
372 933 923 983 207 169 824 946 140 266 268 433 2 967 699 813 191 328 163 654 402 519 308 843 125 202 454 730 639 350 103 642 33 253 410 561 536 508 190 4
438 177 241 77 768 392 318 218 878 545 19 725 550 160 601 990 977 84 364 261 274 37 496 301 530 138 901 603 979 60 628 937 305 275 474 335 821 746 357 483
5 350 440 265 457 776 455 224 517 556 69 754 422 518 486 96 343 194 494 161 344 14 933 301 567 914 734 297 510 646 124 315 398 714 862 146 79 6 484 448
99 992 677 526 801 107 546 525 604 876 892 780 355 805 256 733 96 601 90 445 268 56 44 772 660 469 410 405 399 543 885 160 646 589 345 992 946 413 150 357
726 499 153 653 777 120 254 892 186 298 717 791 376 87 215 611 610 24 813 553 343 620 107 611 824 132 25 540 127 318 386 596 691 11 671 692 90 464 686 643
66 780 592 203 267 702 666 900 167 151 172 665 12 581 877 529 851 433 999 62 278 861 835 330 685 208 473 774 968 744 255 347 386 207 579 212 713 990 263 379
555 92 980 51 883 469 854 565 18 943 946 603 207 253 40 772 827 417 976 307 623 718 569 320 312 368 738 809 875 156 190 224 245 371 355 49 175 63 406 402
811 206 22 895 143 100 92 898 6 885 465 849 201 18 321 272 980 399 674 988 592 452 532 30 620 174 679 255 529 195 594 957 718 19 722 267 341 294 36 35
8633