40
7
62 481 266 778 128 478 232 356 295 654 788 552 918 664 415 824 208 104 235 848 444 207 459 601 585 373 559 173 834 591 859 937 402 350 571 129 782 262 744 31
481 601 977 735 772 250 468 86 572 267 297 632 91 545 144 239 899 446 615 994 275 468 249 392 905 285 733 74 951 752 8 391 973 37 234 248 339 831 43 914
532 279 948 51 453 657 132 592 45 744 513 930 710 811 590 266 577 19 491 304 170 494 758 435 680 852 381 843 769 665 607 275 910 841 375 194 438 990 951 39
902 647 277 173 987 992 767 823 507 563 560 423 305 139 660 554 490 530 399 779 477 437 221 272 183 964 210 455 29 779 440 827 680 947 29 406 241 252 155 805
277 599 945 908 397 832 495 167 616 575 726 287 293 125 360 318 614 458 385 486 475 709 84 292 318 1 219 334 909 77 316 271 635 594 435 97 797 855 567 911
493 619 289 466 223 646 494 382 385 939 166 189 156 10 754 135 338 294 411 144 833 473 175 844 248 506 673 747 299 965 548 519 952 762 167 740 324 436 714 251
925 96 513 149 141 101 565 586 819 118 583 675 879 991 389 523 625 225 207 30 969 719 972 236 626 970 399 514 593 248 655 968 953 264 874 40 333 357 698 81
594 506 59 850 982 980 920 760 529 192 499 162 886 529 807 403 603 236 866 256 604 126 169 636 422 194 696 449 714 360 687 39 475 666 793 595 960 183 550 648
10793