40
7
446 764 328 714 937 722 133 456 137 159 281 737 111 475 259 603 732 414 893 497 845 415 54 980 848 860 967 806 242 904 985 608 368 394 960 762 95 287 653 499
638 316 93 881 993 104 910 526 153 309 455 701 669 783 498 707 418 863 788 438 655 581 336 273 290 507 77 835 931 437 735 922 416 668 807 265 1000 643 287 10
562 879 291 621 775 267 160 918 983 137 516 297 733 396 518 412 279 759 681 411 889 665 65 664 583 649 125 191 83 6 410 985 981 905 419 573 697 421 850 931
442 55 130 208 823 371 643 131 204 982 722 438 329 934 793 141 548 387 609 76 276 217 849 273 362 330 642 104 234 222 320 427 758 252 537 576 808 582 510 717
322 134 102 658 545 134 958 524 744 76 266 127 316 530 495 337 254 610 155 830 43 238 471 942 725 672 837 506 508 739 450 305 10 132 259 483 730 552 251 100
187 605 471 528 687 492 238 878 635 888 624 269 104 226 536 729 389 699 85 621 416 673 875 307 634 380 227 802 92 342 796 207 265 516 735 680 589 473 798 795
167 662 73 793 574 243 783 823 393 876 155 696 426 237 378 885 304 341 987 437 904 347 43 648 707 915 90 727 434 226 616 275 586 887 410 534 963 721 141 934
141 42 656 97 707 679 401 305 39 452 697 78 518 127 414 189 399 126 452 726 491 397 320 780 189 354 182 69 483 12 42 892 724 370 441 203 966 126 162 844
7646