40
7
525 174 391 285 929 391 811 424 190 1 582 218 569 182 786 626 450 147 851 372 687 936 488 577 893 33 907 335 545 93 415 496 931 424 128 719 769 806 40 601
481 581 145 822 794 14 152 630 542 970 848 6 554 494 204 774 365 23 542 781 993 448 763 878 836 774 524 994 896 760 299 993 833 813 398 829 337 467 248 663
165 59 370 788 639 535 656 821 251 154 503 349 916 445 751 79 196 341 150 290 122 524 960 774 836 945 942 962 382 446 372 444 165 530 746 163 894 84 329 900
689 865 7 739 585 191 978 503 520 711 322 620 599 91 311 528 630 177 52 872 347 505 761 839 763 629 114 308 450 777 717 864 629 272 216 266 896 149 845 583
108 304 689 133 432 549 155 684 20 458 947 989 586 534 67 132 832 540 792 479 859 805 687 986 616 662 479 67 709 761 861 97 179 32 135 619 965 298 699 155
254 569 193 317 953 923 324 424 334 574 393 27 782 736 649 36 662 301 519 865 514 151 340 363 594 737 644 467 585 220 373 445 65 559 27 48 750 400 35 976
756 710 592 82 169 666 322 676 187 792 22 134 922 624 486 130 282 205 723 586 70 182 516 96 555 742 580 162 809 250 373 558 391 424 127 439 596 741 720 953
113 133 248 287 658 293 247 270 959 260 415 380 558 393 579 410 100 851 688 705 954 697 821 936 833 621 964 19 975 430 211 660 384 226 484 376 920 62 206 542
9934