40
7
369 141 915 39 169 929 204 755 447 671 249 395 496 329 923 73 614 596 70 864 482 957 308 477 231 87 180 583 197 462 150 494 286 486 809 341 781 481 967 353
965 513 700 886 701 588 410 162 126 733 414 740 363 237 443 225 305 572 751 661 826 834 574 977 502 332 664 189 79 657 783 443 54 63 305 419 757 880 359 356
506 854 50 569 90 641 12 402 863 669 180 934 517 291 693 744 90 369 182 62 570 127 903 497 328 642 637 132 834 127 449 266 457 547 407 86 423 284 38 300
59 903 327 618 564 853 88 464 72 789 706 573 577 778 980 711 344 516 396 687 617 109 948 113 444 661 565 827 551 869 457 879 683 781 477 370 718 481 407 483
765 96 231 694 805 34 259 906 918 739 700 215 158 305 417 837 494 728 227 704 16 914 907 878 513 416 980 276 433 785 814 419 76 692 484 38 619 955 991 866
383 356 920 307 522 434 276 387 795 351 369 598 920 952 511 184 776 174 796 67 588 349 406 587 776 10 679 367 700 537 213 506 650 803 558 415 40 853 678 694
479 254 184 18 299 731 191 778 283 732 293 816 168 498 888 623 265 437 541 418 715 153 738 579 424 279 618 896 964 82 546 106 275 555 772 283 168 555 801 667
905 923 628 567 104 660 67 671 173 524 44 694 716 732 500 82 284 20 616 421 990 137 997 307 591 809 899 588 708 176 295 289 707 311 414 764 902 196 992 13
10208