40
7
475 839 345 155 770 139 649 137 153 995 636 161 408 693 63 944 906 580 344 819 853 928 649 722 584 25 616 849 1 237 493 412 18 650 5 608 253 146 911 347
282 49 456 294 884 913 913 178 413 652 138 145 986 98 704 984 126 144 16 420 191 268 807 1 732 361 55 833 543 528 576 478 53 928 51 454 233 712 494 242
907 232 897 253 644 130 349 698 469 535 760 628 186 981 565 624 808 696 19 47 69 788 156 615 260 628 888 54 722 844 642 190 719 225 899 94 667 146 919 438
451 93 466 932 766 622 27 695 831 607 689 539 127 55 64 282 47 927 323 491 217 911 981 930 754 784 790 842 4 166 345 46 81 380 980 646 92 403 540 333
855 869 950 972 693 557 366 11 720 476 318 793 737 830 509 834 438 307 776 153 825 305 168 599 672 292 815 25 797 114 262 668 699 294 430 335 86 892 696 744
960 281 15 516 729 410 15 69 22 300 592 591 412 338 132 696 239 83 474 561 247 58 380 144 671 191 700 94 808 259 571 313 379 498 134 615 265 919 990 721
230 93 156 45 814 611 878 589 112 401 754 286 160 533 743 896 147 774 653 24 34 826 254 604 295 833 866 775 282 718 563 495 745 448 46 51 850 521 443 891
462 255 316 274 558 141 287 431 223 656 437 18 303 52 399 142 734 259 152 710 793 991 993 640 272 161 753 761 45 909 42 644 161 38 292 705 483 892 50 4
8219