40
7
25 151 819 155 757 146 237 925 98 247 884 978 803 757 263 621 555 348 307 719 99 49 8 522 841 549 433 683 691 347 432 522 350 273 449 449 134 240 793 845
332 944 549 856 254 702 26 805 716 57 744 359 193 409 563 85 86 535 979 162 15 214 713 282 560 148 657 815 778 227 186 414 477 753 125 613 575 928 841 487
1 442 480 817 340 164 821 46 945 18 579 789 335 944 331 889 886 510 16 290 852 289 517 655 635 583 728 417 737 548 847 794 832 66 214 483 252 118 965 891
482 402 355 734 633 363 745 51 215 609 513 675 731 584 766 612 68 333 806 485 548 199 119 483 411 335 294 853 349 916 104 342 764 595 864 599 44 843 883 767
262 754 811 66 304 575 306 4 151 252 779 993 967 272 26 445 458 632 137 939 65 309 86 774 541 338 15 915 172 222 413 836 773 726 966 680 82 397 574 814
163 288 266 239 180 902 755 375 625 618 350 929 407 921 819 383 177 797 217 482 86 119 637 502 851 571 504 504 814 456 304 335 824 704 778 263 649 367 149 706
371 524 134 159 701 937 27 431 344 790 360 93 124 196 7 441 965 96 116 888 153 564 862 650 845 529 208 210 810 592 953 508 457 857 246 704 302 252 18 23
488 780 66 859 51 766 552 476 70 84 561 246 852 917 847 131 867 560 209 342 655 894 508 576 714 367 284 888 860 554 449 711 449 164 797 914 685 519 26 552
10645