40
7
733 53 152 285 556 460 346 890 371 513 659 851 699 989 986 924 152 174 820 97 648 702 378 936 5 104 755 198 855 488 270 31 426 828 954 943 340 16 693 876
233 395 176 589 19 764 857 106 96 224 198 408 539 714 954 676 769 135 136 655 57 3 839 29 568 525 79 798 659 32 569 145 647 385 913 1000 884 661 417 151
257 713 271 120 423 100 413 518 681 278 304 90 292 415 305 328 128 997 933 653 434 211 300 789 721 248 470 839 405 898 134 858 199 213 827 494 859 417 715 300
97 226 895 310 559 857 11 611 63 45 616 948 625 692 16 315 297 184 65 574 138 855 64 585 678 538 693 933 594 102 711 859 777 979 839 672 320 918 945 479
631 961 448 683 134 231 300 383 661 388 193 957 424 993 707 629 972 469 911 27 106 677 519 138 90 968 985 760 72 83 654 699 277 241 207 928 861 333 590 444
357 97 891 612 644 622 587 733 634 910 630 515 504 597 191 333 720 877 550 983 677 676 596 271 695 686 751 903 545 443 413 553 602 624 439 617 812 692 722 840
316 245 265 282 911 953 896 195 61 437 872 568 825 868 308 88 738 30 269 662 433 910 788 53 28 60 584 233 937 419 598 348 875 1000 277 111 216 918 389 760
870 480 892 529 55 450 517 564 810 453 506 14 75 109 741 974 303 551 865 652 764 516 651 495 477 82 807 663 698 333 65 514 515 438 250 373 121 157 863 826
10009