40
7
344 879 974 224 962 458 212 260 688 155 463 188 711 557 155 968 986 377 128 268 527 938 919 183 810 944 517 796 652 510 221 250 696 230 175 527 904 283 872 136
584 601 362 140 39 656 991 603 913 267 43 775 403 916 817 919 925 891 411 257 692 295 889 114 784 620 396 691 231 865 463 310 780 510 99 125 879 431 457 380
678 382 759 447 667 626 505 937 474 61 673 947 708 574 920 48 459 830 57 676 908 58 158 762 350 290 878 947 949 32 362 936 252 333 294 400 51 163 241 803
584 803 868 372 308 449 916 603 603 758 695 799 173 936 172 527 709 889 744 374 608 156 358 693 39 518 988 489 71 505 474 819 183 497 214 140 674 233 931 606
33 59 604 50 615 183 74 331 227 70 37 500 408 131 633 135 124 877 26 720 902 31 124 814 671 636 672 423 224 325 515 251 112 425 51 499 934 821 956 528
698 901 633 640 85 678 294 750 276 539 379 639 772 348 283 346 157 400 80 414 161 592 958 755 57 7 474 259 283 288 831 325 349 496 975 413 824 562 571 411
916 33 716 374 347 903 268 790 627 919 201 867 11 291 988 682 218 737 947 335 177 635 356 857 746 449 130 743 438 153 645 457 199 842 633 390 141 756 969 913
201 12 234 616 507 312 800 734 700 539 822 293 25 772 843 956 476 234 323 763 846 485 773 563 908 375 38 676 348 928 953 171 790 538 654 298 442 619 648 922
11069