40
7
165 913 198 60 629 89 893 830 554 353 387 45 965 302 753 686 567 423 34 531 670 150 3 777 842 764 745 388 999 515 642 533 670 737 895 307 505 511 284 219
349 314 597 167 768 850 773 250 262 178 599 567 413 397 53 88 904 704 241 377 510 930 316 985 853 732 598 562 93 136 633 131 617 104 67 346 522 305 16 294
349 501 203 88 345 557 666 411 991 921 928 495 535 474 521 554 709 776 26 686 226 116 441 714 802 469 39 39 437 931 558 25 215 268 324 878 474 650 878 3
867 455 428 894 199 806 193 300 792 869 189 903 501 464 407 290 320 19 228 218 165 755 479 803 550 878 449 328 201 957 80 970 351 638 225 970 758 966 409 844
853 82 523 426 111 823 72 284 867 917 712 484 609 996 156 457 671 392 361 686 624 661 641 431 96 847 111 360 853 826 69 895 199 276 759 521 929 205 244 868
799 454 5 305 240 540 114 653 909 742 918 49 943 434 294 643 991 532 817 969 957 435 56 584 386 249 25 260 280 749 905 91 808 792 141 19 324 815 937 713
125 785 961 146 58 60 570 843 354 222 519 283 963 605 969 564 427 189 108 210 837 117 97 53 706 84 642 789 832 191 175 474 86 172 797 151 823 321 309 203
191 145 977 920 522 43 601 372 52 816 492 238 727 237 557 719 410 923 210 387 488 607 823 303 85 960 598 71 60 508 705 927 75 133 771 72 359 956 283 754
9539