40
7
293 654 219 117 432 846 810 791 971 109 429 383 918 360 74 839 334 216 528 804 268 175 284 483 781 593 686 872 956 350 406 293 831 316 737 770 786 65 481 133
852 567 812 581 990 456 126 547 940 469 716 297 617 991 533 740 391 158 24 380 533 376 210 109 80 359 738 573 380 120 834 765 656 99 12 566 779 398 36 871
658 522 421 130 816 883 759 331 3 427 214 146 275 51 963 426 350 84 592 597 242 111 429 81 561 787 30 919 992 476 718 859 81 505 311 339 742 496 183 481
910 829 817 932 783 387 202 837 463 792 115 21 362 257 413 913 5 139 900 598 483 994 35 58 380 84 361 786 872 65 457 479 377 122 83 46 49 905 231 212
181 231 831 995 151 464 214 123 637 330 316 809 557 996 125 912 936 821 363 178 211 218 965 189 132 729 64 186 738 375 427 956 804 254 466 344 547 58 244 991
593 342 927 858 562 836 558 379 332 270 149 913 209 522 450 519 45 602 394 254 541 460 320 680 393 499 503 792 745 418 238 692 893 299 216 223 721 419 885 125
87 428 813 299 648 785 838 991 962 707 297 137 742 919 315 811 288 795 328 216 180 733 723 856 83 153 841 79 350 273 619 16 10 278 570 241 87 535 215 310
729 239 677 910 134 655 277 202 652 745 4 947 768 325 437 137 618 290 953 337 347 425 487 769 48 467 106 256 634 977 643 366 47 526 373 681 481 842 106 112
9365