40
7
818 817 332 697 50 425 477 127 992 872 176 627 575 949 480 123 961 614 5 286 780 613 392 154 581 740 374 174 344 583 255 471 112 328 22 688 970 545 583 3
605 770 989 926 773 197 463 333 115 613 767 596 645 317 636 815 1 322 537 200 403 501 224 204 304 875 228 285 129 134 149 894 359 186 750 892 145 369 492 851
225 269 238 640 568 345 203 779 14 374 40 171 547 857 667 369 759 14 304 665 651 420 515 56 31 161 572 386 443 772 72 475 594 219 26 121 611 874 334 62
954 490 404 559 185 708 578 145 156 37 207 650 892 492 325 5 117 149 822 342 234 826 136 590 127 622 5 480 228 757 215 380 392 847 206 309 426 378 878 545
752 63 628 904 688 75 119 426 816 759 899 202 48 486 883 832 519 847 870 230 866 318 819 809 290 502 144 433 869 802 226 509 525 215 29 175 883 908 206 721
257 178 340 984 913 519 207 338 814 178 231 635 970 27 582 560 441 492 259 45 756 548 395 319 195 212 886 401 677 162 884 642 836 40 556 119 202 975 107 682
830 56 387 770 89 735 641 749 468 4 536 392 828 448 636 28 526 276 122 604 457 406 387 616 525 679 643 250 194 499 552 431 479 152 548 231 943 179 586 884
429 107 341 707 787 305 594 445 927 684 239 91 26 603 261 860 452 719 317 222 160 473 678 643 3 635 682 439 532 370 589 939 285 441 359 292 354 469 449 351
9130