40
7
137 145 322 498 102 626 479 518 705 933 203 440 591 476 739 78 230 52 248 164 306 498 508 638 699 251 491 534 623 958 475 677 681 613 293 428 779 546 213 480
980 192 413 970 871 515 201 899 711 594 728 169 661 475 535 684 271 967 933 227 599 548 137 799 87 478 635 904 70 402 600 965 490 291 640 994 225 120 294 479
401 44 615 882 737 837 681 1 332 177 569 466 187 163 201 909 991 238 259 135 778 157 1000 885 708 114 779 310 32 792 487 968 698 67 334 52 575 290 103 763
351 564 982 452 636 422 59 462 370 428 515 859 698 658 25 145 573 481 778 82 264 889 625 941 206 764 552 461 854 516 800 376 484 59 582 212 734 207 304 413
929 229 325 573 94 921 156 908 114 25 837 143 729 367 946 779 423 23 402 986 234 107 937 896 715 459 557 290 160 896 475 565 372 355 292 423 852 961 699 437
268 482 587 324 250 982 38 60 473 570 50 635 995 268 352 104 139 791 916 408 701 389 16 755 607 61 349 59 460 387 314 575 782 397 9 572 699 360 43 356
898 384 215 525 274 47 212 743 806 534 88 380 265 488 340 172 177 889 272 418 112 150 581 934 448 357 261 603 457 598 950 176 12 893 738 872 4 50 589 316
778 963 758 362 482 614 932 684 832 277 454 65 369 55 393 74 361 292 149 154 989 936 974 878 648 96 610 323 127 471 328 433 625 785 642 290 374 713 758 66
10057