40
7
267 380 443 747 758 830 456 780 412 797 763 388 869 75 476 714 792 632 770 864 955 50 106 814 612 205 496 185 210 861 565 411 569 213 84 2 791 940 333 788
214 359 484 649 295 686 571 310 684 752 888 894 739 933 524 549 137 770 298 711 830 282 752 698 164 933 177 545 420 444 805 939 74 751 688 116 298 947 399 913
484 703 299 886 794 34 383 819 835 648 963 365 578 788 228 705 487 10 499 429 567 341 594 383 827 650 380 103 798 535 888 96 649 849 535 183 557 4 105 126
21 995 950 915 146 351 636 100 180 166 111 33 588 496 354 608 169 631 746 841 640 676 450 815 586 275 904 449 139 829 153 438 300 15 344 946 137 294 849 375
6 472 705 633 440 750 838 794 98 405 530 21 968 500 795 771 299 196 631 454 525 516 924 873 823 98 434 293 865 895 505 104 857 693 997 561 505 998 392 869
967 547 192 18 758 813 349 986 337 642 402 538 178 587 674 206 427 886 137 151 246 554 797 353 157 574 201 332 839 52 347 61 339 861 960 462 319 183 656 495
498 441 880 302 839 883 846 397 658 430 5 397 914 874 411 761 238 154 736 320 359 501 123 294 215 477 268 726 61 698 606 585 864 504 170 668 482 581 235 217
121 104 215 839 372 598 215 103 302 745 289 126 883 756 316 313 97 407 114 953 709 72 551 229 545 91 244 223 687 265 923 102 62 949 522 824 635 547 495 788
8666