40
7
902 625 66 281 985 876 710 768 65 589 671 589 402 176 256 746 252 692 170 275 961 44 587 363 925 615 145 61 403 610 277 991 631 153 406 127 818 758 654 506
685 454 865 959 119 178 487 963 984 828 844 679 999 517 487 354 575 449 203 173 953 451 813 98 405 445 430 403 852 658 966 516 169 218 496 921 167 53 307 939
925 836 556 246 934 30 510 42 768 882 352 787 155 876 643 607 157 837 230 932 499 666 155 700 516 221 683 16 155 664 739 618 600 479 473 558 753 707 132 470
118 786 687 688 172 206 6 275 634 941 962 503 386 853 124 639 787 185 839 618 714 455 326 988 981 427 159 589 100 296 773 278 724 37 819 749 648 116 459 968
55 672 381 917 690 454 689 622 109 183 798 383 68 734 33 32 990 303 189 432 117 206 448 510 317 852 51 60 823 902 74 313 972 280 194 165 587 864 872 801
399 717 732 517 700 344 460 20 827 592 459 363 374 176 282 289 576 890 779 110 964 998 327 125 695 518 59 948 335 971 232 256 770 176 539 513 511 217 255 406
578 372 48 501 810 595 778 666 315 741 372 654 767 807 401 862 735 351 377 575 367 622 304 575 866 697 408 753 862 511 605 678 283 207 153 618 117 568 255 590
232 124 247 741 472 12 40 928 666 133 346 717 734 433 64 771 224 774 34 142 877 987 816 737 966 873 632 64 247 175 503 659 176 848 796 1 290 543 982 192
9599