40
7
855 619 154 531 208 138 837 701 611 558 242 711 77 770 977 897 26 153 597 455 680 570 647 727 782 467 144 263 462 459 729 930 224 38 636 25 626 677 295 185
936 958 341 47 623 662 901 812 605 39 204 881 118 169 454 880 148 167 467 903 147 462 967 351 831 488 219 601 201 337 316 977 519 900 374 60 657 587 162 256
283 887 899 751 404 989 577 763 721 133 924 443 249 872 205 773 705 158 883 509 85 191 954 445 591 910 689 19 699 965 425 128 338 993 437 533 757 379 589 757
981 218 102 460 28 763 522 802 965 499 266 131 910 518 548 538 274 199 697 629 83 378 806 400 592 776 968 908 361 173 21 593 887 451 354 862 556 671 587 232
848 944 355 637 117 27 34 515 972 361 945 102 735 596 890 637 881 624 712 182 357 61 453 884 565 33 918 728 750 815 145 597 929 718 352 959 484 42 392 178
143 966 360 830 818 483 339 622 38 1000 244 930 361 221 893 585 211 67 811 150 221 675 133 501 336 671 93 671 532 430 862 680 890 985 911 670 230 464 366 724
899 804 461 237 651 815 355 196 892 398 95 460 844 872 801 348 711 280 814 967 783 24 471 237 810 439 120 666 63 492 719 100 111 375 574 336 969 814 499 807
229 858 925 906 334 616 707 508 718 115 954 89 712 436 114 240 903 190 167 342 762 778 455 492 989 45 997 950 948 491 96 142 596 14 330 118 7 516 197 212
9599