40
7
605 576 269 433 759 801 435 752 525 567 771 60 786 960 821 200 957 955 331 475 295 147 68 2 663 408 433 738 290 323 605 955 482 526 320 844 542 709 31 525
321 178 956 726 10 659 681 471 494 251 431 995 294 295 490 616 185 702 445 977 113 362 755 995 841 965 42 828 704 274 339 141 686 786 360 759 645 176 120 379
474 706 432 865 187 360 74 355 773 262 64 279 490 410 562 998 256 605 509 164 905 237 373 995 909 852 998 440 898 113 491 550 479 304 431 936 195 687 785 546
915 809 527 91 992 967 369 137 153 862 512 581 471 179 277 863 176 144 494 845 634 78 812 433 617 377 240 367 102 441 257 599 473 269 262 258 596 93 903 807
75 695 756 506 851 736 880 739 651 313 152 158 483 259 993 312 948 153 859 904 663 46 994 598 440 881 38 502 71 313 929 434 516 656 357 863 643 122 611 309
901 816 556 277 137 269 664 857 836 215 659 794 964 70 590 377 980 89 73 672 434 73 681 340 880 641 639 823 694 722 713 546 676 131 684 105 225 632 620 89
553 178 363 790 380 848 679 372 348 758 783 813 411 817 650 145 980 499 365 514 377 774 80 113 438 685 32 649 636 981 192 263 58 664 971 393 443 573 824 142
755 358 534 292 421 994 424 116 135 7 485 92 185 99 461 223 310 135 70 281 634 773 193 623 912 858 911 950 865 834 947 368 283 377 500 516 32 567 415 323
9129