40
7
725 991 785 855 638 88 964 474 271 928 175 955 937 242 184 158 840 850 918 870 779 448 997 901 778 699 271 344 54 934 699 298 474 879 809 586 267 588 12 68
855 900 905 750 340 8 795 724 625 621 682 340 584 407 743 280 792 826 231 499 16 402 31 779 704 874 935 78 65 626 307 379 126 899 392 449 294 898 680 433
98 90 126 540 778 385 721 844 594 842 399 968 485 733 284 136 456 604 779 572 145 353 796 758 29 397 793 88 503 544 833 291 983 842 471 514 824 328 541 780
388 754 338 908 932 210 139 653 361 949 867 216 942 965 715 477 529 787 792 401 363 215 631 932 242 306 348 639 25 44 892 401 373 939 957 502 798 81 183 327
789 730 810 117 150 569 521 712 939 286 83 875 429 980 393 760 159 768 642 837 921 171 60 799 366 331 643 28 239 653 167 781 81 296 793 182 257 166 90 948
137 465 298 615 440 214 985 440 113 805 627 937 313 799 573 678 24 337 16 984 328 920 642 578 50 769 805 394 855 165 830 192 173 402 726 569 538 131 725 698
224 947 248 655 923 744 277 544 71 181 978 542 432 900 612 758 112 901 597 901 451 914 187 328 281 892 300 561 822 209 22 745 778 554 465 403 342 518 579 621
544 208 432 117 715 811 472 345 697 612 278 583 723 754 993 301 207 402 335 300 382 780 753 472 562 994 295 487 762 947 210 119 166 834 512 902 257 761 686 585
10648