40
7
291 247 519 472 211 268 275 223 106 873 580 837 772 289 903 187 595 20 375 882 908 643 254 734 60 255 32 690 707 14 717 789 920 488 467 10 544 153 661 580
54 711 927 688 434 324 948 855 115 641 125 104 614 741 327 84 638 189 645 294 127 719 879 122 604 771 656 947 31 590 989 179 792 468 283 843 693 596 267 9
484 171 902 39 330 465 385 863 954 196 646 915 209 226 585 459 764 985 230 60 157 79 904 767 988 375 574 770 359 446 843 621 317 969 846 336 512 399 314 848
919 543 237 842 804 769 360 544 233 937 483 481 931 175 877 344 385 748 357 677 855 506 738 435 24 241 655 836 8 353 483 712 574 643 730 572 899 246 514 134
89 775 527 354 353 446 821 368 567 400 83 184 921 400 861 498 718 996 57 213 497 189 326 485 957 25 570 850 227 367 387 930 935 178 433 79 809 812 313 547
178 519 516 67 624 323 821 66 201 276 685 77 494 504 126 341 686 646 326 759 803 313 710 635 285 404 752 668 34 636 351 364 153 657 775 295 243 228 74 985
988 391 737 530 760 418 358 493 783 664 191 839 360 532 748 44 998 859 66 659 610 597 752 864 891 136 116 272 586 151 373 736 711 421 201 469 443 203 892 511
197 127 833 4 500 978 714 359 883 117 168 855 390 539 295 194 186 495 445 290 201 878 673 925 532 804 601 578 834 229 91 306 678 207 997 553 801 718 517 238
9965