40
7
839 926 107 604 275 58 634 636 793 167 106 933 909 226 720 293 114 694 415 289 732 762 182 660 45 871 420 913 238 83 118 10 295 758 905 197 792 106 411 507
232 259 89 987 980 261 49 110 212 525 379 899 965 27 245 574 850 944 993 892 502 754 931 598 747 810 926 903 480 269 456 100 470 551 432 628 648 249 238 969
106 440 195 362 278 363 764 856 55 394 791 114 829 133 417 691 683 457 322 167 771 258 419 810 780 748 242 113 702 644 966 489 226 14 104 864 390 900 982 45
243 499 142 885 978 643 566 506 330 733 735 804 461 457 219 331 126 81 775 448 310 753 139 107 150 964 169 227 979 288 197 527 130 456 726 869 389 363 746 980
513 806 428 564 77 574 449 194 589 952 159 87 448 81 190 450 874 831 342 317 743 764 413 224 403 68 821 623 122 400 68 188 512 615 207 220 967 830 885 448
141 78 401 713 647 692 405 521 911 859 498 646 877 634 776 765 627 353 604 852 529 302 768 511 59 68 118 215 555 123 842 919 950 502 17 346 890 518 446 962
138 922 833 412 506 430 393 418 565 920 2 517 757 518 787 629 573 669 232 935 733 600 471 701 855 464 102 974 20 814 94 240 671 949 887 54 311 226 333 515
115 45 975 676 416 122 327 640 638 256 440 336 552 597 978 24 490 724 845 562 706 377 644 26 401 485 137 804 441 820 716 198 177 340 541 543 405 802 316 314
9476