40
7
632 636 802 767 763 140 545 282 260 409 580 334 280 210 881 797 718 845 786 627 963 760 65 574 941 582 708 584 748 904 782 324 800 11 245 514 310 211 992 275
693 468 849 835 422 718 472 100 369 198 394 515 794 415 567 147 127 459 448 254 981 285 330 215 539 979 356 780 198 248 495 219 564 612 784 945 422 280 249 323
790 592 610 826 866 537 119 100 963 236 16 55 294 725 281 137 670 84 378 452 546 421 901 138 775 227 233 81 579 258 953 221 397 699 322 432 339 610 338 158
3 248 898 642 921 149 429 714 157 289 480 395 750 214 317 487 17 704 937 630 817 755 782 650 588 918 7 662 879 903 429 946 946 27 943 434 350 671 919 594
380 833 319 547 747 441 91 91 872 965 324 697 170 83 474 825 802 738 206 604 88 210 724 681 438 470 186 822 826 783 664 334 704 479 564 18 967 311 729 667
214 303 951 798 829 162 74 228 209 590 551 239 452 368 448 17 531 769 380 74 661 639 258 525 492 750 728 76 724 358 757 21 706 241 892 702 583 661 611 883
190 87 254 964 986 274 175 241 870 240 410 1 715 239 749 212 794 198 183 436 565 400 392 927 725 665 820 498 641 981 851 71 593 209 439 251 702 327 504 538
56 315 598 871 300 629 888 496 636 328 981 850 335 237 546 840 293 342 490 520 456 777 170 434 761 716 276 855 168 728 306 414 516 226 646 189 652 306 500 426
10037