40
7
800 360 65 587 81 798 136 88 278 573 974 943 490 462 906 796 865 557 821 251 508 564 204 19 500 997 656 355 497 297 378 846 442 779 905 798 38 787 40 769
466 505 815 721 651 30 893 356 141 730 285 19 151 807 340 881 306 99 309 488 140 148 379 147 135 405 93 727 61 238 32 756 223 448 628 648 710 569 381 956
47 404 546 129 537 69 877 951 471 427 992 323 935 31 306 524 518 930 458 113 345 767 286 964 811 576 817 519 842 834 349 934 269 163 424 430 819 552 271 603
821 326 867 972 239 979 53 336 61 740 997 271 246 36 712 458 503 277 4 265 835 30 757 217 548 777 804 912 472 242 307 183 662 944 637 240 559 798 650 811
154 252 319 371 91 670 335 283 135 938 169 609 2 386 962 996 88 184 791 812 746 259 641 552 42 789 224 988 128 885 17 993 666 905 711 404 229 843 194 473
79 103 69 81 962 780 699 648 814 779 795 690 182 713 529 811 894 791 699 67 766 919 90 843 872 828 443 1 572 971 318 827 172 95 736 722 82 972 684 321
901 875 85 427 946 570 384 753 238 264 719 770 449 475 922 437 117 107 353 945 205 698 220 303 713 329 249 618 707 46 925 848 341 144 55 742 660 451 148 624
693 917 674 36 359 132 560 757 962 27 942 709 822 191 305 556 672 307 778 594 469 415 777 972 682 961 375 634 445 836 898 873 955 241 930 557 248 872 868 934
12468