40
7
506 577 786 594 36 879 360 607 745 285 997 69 124 425 213 496 789 152 18 389 177 124 521 572 987 771 326 952 180 346 482 133 503 751 847 92 695 228 349 730
71 761 147 187 925 730 429 730 79 447 190 337 958 810 42 239 394 344 525 875 990 75 966 626 2 623 812 644 450 145 631 683 369 607 839 435 80 208 314 289
996 795 196 231 333 469 898 669 212 215 892 693 898 221 458 952 384 647 938 707 62 42 727 792 301 338 876 28 688 191 983 703 989 926 790 629 285 186 301 407
200 392 55 722 1000 322 253 173 838 84 379 83 711 658 480 454 927 650 618 576 157 20 26 743 275 28 347 9 811 831 705 944 712 66 645 617 850 122 822 869
667 53 789 378 987 714 743 871 81 91 630 485 709 297 578 210 376 289 337 9 500 347 39 21 529 910 256 798 178 100 225 341 312 262 588 713 470 831 578 118
52 382 11 319 289 888 781 912 749 661 949 766 706 871 114 12 609 33 347 371 533 450 566 782 177 964 292 86 111 990 838 695 517 515 866 653 506 233 511 431
219 612 503 367 364 339 609 224 444 306 382 412 549 370 572 685 903 6 853 793 448 433 571 545 475 399 767 906 850 888 611 793 401 21 979 888 631 849 571 265
128 49 683 999 888 909 262 960 267 894 16 454 933 274 183 376 512 457 901 983 277 830 25 395 262 768 556 67 132 960 312 43 464 630 210 700 676 325 979 311
10025