40
7
969 485 939 934 854 497 800 310 374 94 389 416 324 225 123 356 957 554 310 421 817 861 734 167 826 843 87 665 893 393 733 961 243 792 161 883 932 128 721 391
522 76 59 690 447 382 140 911 535 766 676 977 101 431 875 326 868 285 250 479 469 564 613 25 959 705 442 754 636 286 769 291 441 688 808 994 235 685 220 447
329 248 686 826 720 787 23 960 507 674 378 421 804 997 510 340 358 157 708 402 283 72 808 89 294 341 901 281 921 561 957 404 160 700 306 762 373 216 391 381
81 181 571 796 911 146 1 42 270 291 197 921 227 346 1 664 964 705 47 792 455 423 522 274 127 832 34 887 344 388 450 704 741 208 547 679 683 731 729 960
764 701 114 52 605 448 960 515 461 202 193 114 462 293 435 458 818 439 157 888 948 307 704 270 86 488 865 627 457 500 773 955 557 930 65 700 83 222 402 741
588 349 25 968 425 347 49 438 195 679 418 643 516 179 558 544 905 623 565 197 90 447 162 867 163 717 491 428 557 777 854 274 269 204 93 861 384 67 573 888
504 502 545 907 938 262 748 734 914 561 891 398 435 907 334 520 41 294 961 537 348 766 350 603 676 782 256 413 559 263 513 908 44 980 688 652 433 960 309 622
607 399 832 478 135 603 294 2 938 777 526 471 813 196 772 472 267 467 900 119 203 424 478 259 913 979 734 161 681 156 539 959 681 399 87 517 615 79 97 651
9840