40
7
772 959 997 414 518 147 395 712 851 583 672 103 641 681 128 72 170 931 165 318 137 372 600 941 242 352 398 549 31 983 965 985 728 932 499 604 228 363 160 556
477 220 968 983 259 225 25 759 845 963 980 804 713 820 364 735 27 814 459 337 799 632 697 30 278 986 90 914 721 631 219 5 999 356 962 226 322 793 734 897
260 244 591 696 978 956 219 140 602 351 74 797 887 640 97 747 159 140 576 28 603 961 829 317 727 305 460 214 85 495 188 194 584 848 645 386 668 245 430 650
518 747 759 302 84 166 960 172 191 803 510 619 49 157 941 40 210 579 121 927 810 434 651 934 437 185 596 825 318 65 344 409 157 469 839 330 178 365 475 367
605 539 809 137 435 184 757 741 970 980 688 759 957 927 723 588 278 185 141 241 571 574 254 292 531 113 586 777 654 789 151 534 938 417 746 481 183 964 221 486
886 696 841 620 642 578 874 640 397 901 449 779 540 713 89 791 807 851 517 156 962 302 317 290 648 867 894 616 775 800 97 397 62 903 4 705 362 539 597 24
485 881 339 692 746 73 128 261 658 161 733 767 840 144 48 16 375 85 55 176 946 604 845 880 104 210 686 68 312 486 869 418 470 643 416 142 571 658 348 826
830 190 915 154 942 281 283 36 7 550 881 492 254 703 410 995 743 421 652 451 142 341 970 877 645 60 14 499 538 954 489 219 29 312 257 964 722 242 21 642
9564