40
7
319 826 744 451 839 850 369 623 411 860 592 894 352 818 422 430 381 940 889 922 244 221 56 23 833 321 98 156 558 793 686 258 780 799 833 946 263 28 276 281
434 275 676 176 786 695 785 748 353 653 672 960 758 835 647 695 655 364 821 950 765 636 951 771 553 139 484 616 358 567 44 157 54 508 513 387 309 933 583 592
998 884 425 329 188 304 28 901 481 948 533 803 641 757 850 457 687 268 282 662 419 959 861 239 469 194 539 559 811 638 460 537 726 978 364 777 727 160 756 569
465 252 578 788 682 422 711 668 210 99 957 706 709 934 880 757 96 157 840 460 708 441 84 219 808 173 941 56 78 560 509 105 402 34 53 485 979 223 918 342
652 153 393 541 311 358 886 196 332 973 744 193 269 408 936 793 616 150 556 672 841 872 991 801 714 391 905 209 516 578 180 943 771 222 957 27 395 831 68 768
765 692 792 556 508 120 327 43 219 81 130 674 399 614 436 190 875 632 683 819 805 991 685 357 286 471 837 882 250 882 775 581 901 99 332 288 299 234 958 296
82 540 193 186 583 922 384 37 173 191 470 583 594 676 381 608 220 457 760 595 517 697 739 292 941 464 185 912 994 331 946 909 227 552 232 769 730 12 783 931
129 732 881 347 198 346 495 429 986 564 215 466 726 992 503 174 688 972 643 394 608 96 481 569 369 45 505 233 694 539 438 814 106 101 663 989 47 670 237 432
9758