40
7
566 28 166 101 956 556 39 988 362 386 786 883 77 675 904 742 47 338 629 336 137 895 281 105 763 613 446 112 131 701 477 630 516 923 106 280 182 565 136 130
607 829 799 658 294 494 255 58 633 5 831 641 428 648 863 940 768 718 10 366 611 644 41 226 325 846 342 855 220 675 192 344 6 955 964 758 373 77 129 220
205 172 706 715 657 956 351 784 194 684 553 748 574 98 594 680 419 2 421 410 40 842 179 419 610 619 718 419 251 806 471 394 209 351 426 85 168 649 806 923
268 131 123 639 109 792 263 496 114 857 497 517 898 569 466 825 504 268 417 239 819 750 830 25 929 662 207 394 329 275 435 839 6 873 354 405 509 430 494 878
939 569 248 596 332 869 176 99 112 346 567 991 125 895 198 378 651 977 327 922 11 246 957 294 969 991 401 985 478 31 770 949 441 109 394 823 828 873 680 607
520 901 332 320 500 583 334 361 626 412 423 474 946 147 262 504 105 299 459 870 759 55 93 484 838 596 410 335 213 668 967 61 81 751 203 87 120 37 320 697
49 537 722 793 81 161 973 272 780 499 637 926 805 992 974 208 254 320 571 953 305 81 863 966 94 648 559 949 891 252 271 391 804 323 451 331 157 222 803 325
857 732 862 173 643 275 739 744 455 430 816 958 925 140 813 107 377 544 661 767 480 682 485 980 593 683 953 512 159 612 837 433 813 718 233 195 497 967 997 921
12384