40
7
114 113 854 291 794 553 718 109 490 961 704 174 181 428 248 638 703 448 633 437 343 432 351 548 545 560 302 503 946 237 708 556 579 889 658 287 875 1000 780 44
319 222 960 512 800 606 365 52 441 681 771 378 488 885 748 684 803 215 98 701 886 419 871 541 65 496 397 653 393 150 583 866 244 754 617 823 687 791 824 472
695 414 870 637 62 644 982 314 995 588 460 262 672 183 696 905 688 432 425 962 757 752 160 956 741 392 783 78 110 240 832 597 851 361 404 256 429 134 84 297
329 976 266 916 391 182 461 417 944 679 540 958 356 87 621 261 404 379 568 822 896 846 93 704 366 892 852 147 258 911 519 117 405 783 314 885 519 476 396 869
480 318 196 2 550 537 758 374 108 696 599 906 642 191 207 772 945 666 962 422 121 312 693 795 95 224 746 348 733 737 975 69 23 817 694 544 349 760 776 849
764 634 788 415 754 732 497 764 567 794 920 262 134 800 490 859 868 586 196 271 556 462 332 473 511 176 219 664 993 262 273 68 969 35 701 197 627 550 957 790
176 250 994 981 909 874 18 68 513 609 253 115 628 767 205 813 803 876 56 909 135 219 951 234 345 849 988 395 257 217 234 348 753 513 315 936 958 731 518 669
390 728 364 253 680 971 507 170 629 578 467 462 677 528 734 144 914 159 64 117 681 622 662 233 228 94 672 822 821 981 426 591 901 13 621 531 844 729 761 323
10546