40
7
382 986 563 267 574 28 694 652 964 626 94 736 930 809 373 240 279 799 138 89 834 809 981 659 473 579 405 32 387 963 619 831 603 221 174 817 265 53 711 577
868 389 270 482 670 627 654 755 116 98 600 465 532 898 329 700 530 580 351 588 394 857 757 962 579 11 21 120 833 49 517 775 456 120 679 726 292 38 150 392
228 784 569 715 723 867 715 505 466 883 101 434 783 729 794 714 494 280 716 269 587 457 810 451 466 165 520 957 219 505 750 727 195 314 148 775 285 672 520 198
61 473 691 652 54 5 964 184 544 405 158 845 979 680 562 261 682 182 717 589 633 595 387 80 125 231 757 904 821 188 550 668 982 492 390 402 976 912 979 635
880 128 956 32 440 476 576 685 809 927 740 786 123 424 767 823 809 733 304 206 253 920 21 11 619 169 760 803 849 19 671 282 968 250 15 572 951 351 385 376
662 549 140 768 812 69 676 220 736 415 35 459 635 829 737 453 990 354 620 218 861 506 327 172 203 893 13 47 305 538 982 869 156 323 413 103 563 981 237 369
483 134 985 352 937 604 77 212 570 274 671 724 94 548 938 19 590 531 626 217 703 649 306 192 539 466 476 719 851 335 629 387 821 393 489 714 865 453 606 36
858 797 131 988 384 308 951 97 190 347 878 340 238 845 141 911 419 928 96 773 606 738 943 708 844 579 377 538 707 719 388 589 746 393 569 243 463 96 850 532
11124