40
7
369 773 748 106 442 552 796 960 562 148 596 913 531 967 553 197 554 800 635 965 768 789 381 829 995 996 461 361 662 821 498 63 854 825 134 761 871 288 509 389
662 251 461 903 265 75 751 415 715 473 514 64 834 500 555 561 985 135 877 697 444 933 376 749 774 36 539 664 902 382 743 714 167 618 458 969 915 806 649 628
270 462 981 715 55 229 240 384 848 421 692 823 945 621 272 211 412 145 158 527 26 421 37 94 651 630 456 51 360 567 258 312 353 612 85 348 456 49 989 45
885 32 824 526 255 610 726 408 947 170 512 698 765 798 884 340 424 682 557 807 419 926 566 654 851 422 269 775 715 830 396 837 181 762 290 145 859 302 164 566
218 483 970 545 207 414 542 372 575 706 313 33 641 649 235 681 95 988 536 161 685 711 565 41 337 11 48 901 533 34 669 841 717 404 848 557 303 780 543 427
132 499 565 556 443 202 536 642 603 393 791 747 462 124 892 156 580 342 325 91 610 793 630 905 254 418 290 162 632 463 922 140 985 678 164 9 36 602 542 719
493 802 64 630 666 52 231 432 108 318 988 308 983 281 64 164 195 63 782 698 445 793 242 465 146 254 276 768 626 638 458 76 614 955 588 920 421 795 636 405
521 372 167 619 385 442 525 855 376 224 976 285 498 885 253 906 962 695 604 839 676 327 432 560 226 999 447 533 489 313 467 39 604 52 927 925 562 430 540 20
10479