40
7
165 60 893 235 378 268 140 113 336 658 966 217 907 637 874 266 99 164 550 761 874 695 750 17 430 819 951 933 105 956 327 677 135 331 232 656 474 944 650 132
680 804 155 65 477 814 394 812 164 795 102 463 488 594 49 544 298 768 779 193 554 494 930 304 853 839 690 925 276 530 174 753 252 975 527 351 53 802 26 411
425 981 154 297 207 208 673 470 604 515 934 151 385 952 924 803 801 526 559 396 749 195 498 965 775 8 661 393 48 816 288 189 82 335 470 960 233 298 55 357
286 766 709 667 570 542 754 701 245 476 480 137 138 51 652 479 140 392 671 169 4 278 19 637 794 487 71 478 997 254 210 805 640 270 134 112 902 851 664 253
478 524 634 254 390 779 358 139 544 149 615 796 36 325 621 788 366 32 879 142 256 892 364 803 210 391 762 948 674 891 893 343 709 123 577 219 205 551 456 871
4 818 274 726 181 22 449 172 350 869 707 292 158 377 619 224 470 184 214 716 244 595 124 24 164 707 23 756 647 459 479 69 985 628 316 328 768 726 250 689
118 673 692 71 191 249 142 252 709 2 618 627 435 482 593 24 85 444 295 791 843 402 705 572 811 141 599 461 362 994 110 302 909 499 774 691 63 919 593 227
764 671 999 785 304 343 135 673 716 491 427 980 368 380 510 31 311 438 255 180 113 286 381 795 443 1000 836 239 179 293 767 644 856 784 406 856 633 816 392 699
10590