40
7
267 351 732 150 347 269 158 738 275 540 811 592 611 178 710 132 423 939 54 695 650 206 131 878 338 164 816 119 628 62 42 9 178 8 977 47 788 452 715 3
903 351 478 263 655 104 616 21 514 402 280 506 553 187 811 226 237 900 336 132 555 909 458 27 798 511 61 623 609 728 961 495 605 935 406 309 725 586 145 75
419 375 294 368 379 593 24 570 555 644 88 716 168 669 786 470 413 951 212 810 453 238 660 399 940 128 447 500 981 229 394 34 434 988 473 904 359 737 658 749
965 841 827 386 423 830 187 213 44 105 540 344 260 175 967 490 986 660 870 652 519 978 981 784 512 815 782 463 490 191 287 846 787 554 943 894 450 511 684 933
867 900 212 254 473 349 175 976 811 292 877 253 738 989 479 942 956 553 866 909 941 420 497 123 55 46 304 458 260 875 947 711 864 740 214 181 336 333 771 610
637 775 17 443 214 285 788 350 736 117 460 216 623 668 321 305 432 797 78 307 996 190 70 745 59 725 156 187 413 108 455 869 339 73 884 312 356 110 797 167
663 753 775 364 523 863 811 819 211 916 505 951 716 57 817 171 689 210 288 528 396 653 387 525 646 952 886 274 417 500 42 830 448 336 564 789 146 205 24 820
97 827 776 297 185 183 786 881 727 171 286 314 485 592 987 605 155 544 364 178 352 343 106 120 822 132 503 96 709 308 177 663 693 677 95 351 690 960 192 769
9099