40
7
696 282 257 388 210 621 879 950 335 435 963 568 326 455 210 541 706 589 282 126 989 778 118 685 484 826 586 897 204 383 589 782 983 898 967 568 578 74 484 410
326 211 421 192 632 709 493 762 53 544 869 278 877 203 892 457 165 799 51 195 890 525 759 301 463 793 810 108 823 105 298 805 33 429 124 490 910 100 802 972
603 274 679 283 632 584 273 130 856 324 907 375 800 434 482 589 109 166 95 848 993 350 789 561 654 409 465 154 153 224 144 155 504 317 492 154 496 807 977 595
27 993 179 474 941 546 372 489 885 854 65 838 509 155 229 316 809 173 679 380 755 94 986 517 700 440 179 219 413 566 657 538 480 825 47 639 453 332 391 857
1000 753 587 502 19 626 924 748 101 402 661 471 40 39 88 16 962 924 556 887 646 206 832 254 202 603 899 920 712 196 454 50 628 58 951 363 278 610 425 749
236 419 988 406 857 305 585 68 57 475 880 362 106 794 642 652 767 953 934 497 250 792 788 232 283 275 931 422 916 444 550 512 232 958 428 430 151 10 606 852
99 642 627 950 82 74 741 105 72 840 452 245 888 771 152 475 268 1 720 497 848 749 43 922 500 209 941 569 934 386 426 871 271 280 81 104 389 252 790 677
949 129 879 263 219 783 49 626 911 852 918 967 683 589 835 133 446 451 306 341 21 21 556 555 570 757 173 222 115 491 99 929 591 926 575 392 465 97 787 266
9969