40
7
31 956 359 568 539 207 281 709 18 455 341 874 565 568 288 882 315 644 97 193 870 279 610 40 935 953 476 407 162 258 168 876 712 291 464 2 413 123 36 636
219 490 854 520 735 42 725 620 457 769 404 553 459 827 524 162 77 935 385 656 429 385 271 42 800 497 85 766 117 38 386 23 208 661 84 467 149 590 67 187
15 213 697 347 935 737 792 706 323 316 416 776 164 739 676 588 121 165 92 929 591 431 107 167 134 250 256 495 420 218 247 439 988 886 312 896 356 953 266 846
474 808 204 625 572 694 509 421 518 803 683 101 143 743 100 909 817 640 651 202 866 824 473 316 889 765 810 767 448 546 690 472 230 856 653 354 218 585 650 703
372 744 863 831 712 364 386 383 429 502 587 127 394 691 374 61 440 741 233 958 721 920 278 617 115 449 784 87 734 928 190 389 564 959 376 226 696 595 137 879
775 452 187 32 545 368 189 915 165 671 136 685 40 469 506 852 635 422 614 816 230 577 81 154 100 523 76 675 709 570 81 705 365 160 296 335 183 86 181 150
786 338 641 226 250 679 246 801 897 797 132 419 158 712 577 636 573 491 442 48 465 584 215 598 103 85 134 62 684 990 276 641 555 932 398 656 934 461 985 875
295 299 764 685 82 12 889 633 2 268 793 915 939 931 743 686 855 947 7 963 193 152 501 342 971 331 395 249 729 182 641 832 840 856 565 922 737 358 883 332
11360