40
7
663 949 525 589 349 818 914 195 82 176 656 478 417 435 729 85 483 425 988 133 231 804 606 920 26 255 502 785 837 362 273 387 455 757 731 229 876 797 98 140
129 416 939 468 237 136 511 565 807 739 17 906 670 249 687 112 82 571 416 346 449 100 210 899 719 294 586 986 938 177 44 425 464 633 594 118 372 745 818 698
693 787 96 509 960 736 164 453 51 283 379 326 390 717 652 783 877 809 601 833 933 665 887 738 781 234 232 872 130 810 996 597 524 103 649 408 605 968 25 663
2 897 689 855 752 131 639 56 880 991 133 219 970 872 830 983 67 698 967 462 684 62 829 734 151 266 385 575 645 910 349 32 837 998 234 246 993 216 324 726
998 428 962 733 121 462 642 520 328 437 790 243 394 606 197 765 207 668 650 241 228 376 625 768 592 762 253 259 335 114 131 618 41 639 464 412 894 234 979 879
949 839 458 121 526 190 244 17 766 296 935 895 954 998 529 378 503 25 24 74 110 325 362 582 387 915 864 438 260 714 844 671 738 533 784 325 20 723 904 429
553 798 484 930 847 141 994 990 621 437 119 424 963 679 93 932 504 315 418 569 197 81 143 195 302 171 218 311 11 661 914 504 471 512 58 856 214 543 180 776
526 369 698 671 860 883 337 33 849 998 111 695 501 707 154 542 226 77 938 181 618 584 250 426 463 589 468 281 953 239 144 575 228 5 790 243 910 159 712 825
9909