40
7
308 515 275 683 237 32 693 253 785 254 133 100 732 205 2 251 853 186 871 814 88 280 948 840 107 517 164 133 705 645 751 749 936 346 455 195 268 962 109 300
34 728 270 474 938 41 813 753 571 409 983 519 681 471 485 793 190 639 105 681 586 265 749 36 740 604 125 51 536 189 807 874 186 906 612 26 98 909 444 222
569 425 331 54 42 88 856 108 295 260 349 642 616 952 217 973 763 694 546 653 294 701 972 497 791 805 270 916 610 819 63 691 633 711 551 887 632 755 582 616
772 848 75 991 404 312 925 868 704 840 457 661 702 880 592 394 718 911 787 559 671 523 606 869 770 202 953 465 468 262 293 921 363 708 804 848 997 989 390 215
316 836 581 571 637 842 509 682 168 583 429 702 853 774 513 930 446 122 108 895 649 874 271 35 810 628 866 531 645 975 676 501 73 202 708 887 76 886 191 831
637 891 845 486 427 699 354 387 315 35 791 271 295 396 681 725 380 297 526 285 934 212 76 139 807 110 225 634 354 637 330 244 464 428 517 861 30 774 678 238
591 797 917 127 330 764 839 363 638 432 693 260 736 679 384 729 571 856 606 393 384 227 305 123 3 440 234 766 388 618 180 808 389 6 400 1000 762 704 586 609
822 402 810 36 712 754 985 94 109 69 422 364 765 225 896 689 375 483 470 241 105 859 920 501 941 567 79 300 426 539 349 481 835 319 22 211 322 176 600 885
9580