40
7
513 431 696 658 72 348 123 651 661 827 22 461 741 155 439 844 638 269 739 137 567 880 977 494 114 576 497 705 240 179 114 12 59 167 738 882 396 476 184 335
47 643 369 836 208 507 262 441 322 856 270 326 602 606 948 353 849 442 125 322 768 782 691 692 586 480 388 677 281 886 295 979 746 89 315 80 898 864 843 587
181 690 959 218 949 477 689 407 815 972 24 793 88 371 326 811 344 928 640 637 199 229 538 486 245 402 339 279 501 735 284 40 592 109 477 393 219 486 226 653
578 144 67 764 917 360 709 493 689 149 762 77 775 860 904 723 445 363 933 918 797 68 634 127 635 371 27 604 664 195 722 506 351 972 959 52 89 292 67 34
638 242 446 867 55 861 417 499 568 606 887 220 856 988 262 557 472 333 756 587 971 206 381 922 223 942 982 48 729 2 127 149 809 991 259 362 546 827 425 409
950 482 684 355 997 886 91 381 752 766 940 873 79 573 117 802 853 290 893 426 355 864 886 55 650 565 535 148 18 28 361 494 613 637 909 693 80 287 399 601
831 74 748 732 226 155 438 508 817 16 472 1 873 794 486 366 47 441 116 678 832 722 515 315 401 325 324 50 390 760 117 935 24 913 273 832 262 568 692 91
432 84 113 748 576 833 147 489 413 720 404 253 956 780 826 966 346 902 524 407 85 907 487 850 823 788 109 200 754 919 710 416 921 120 394 415 752 277 874 869
11295