40
7
296 154 787 824 55 76 500 936 607 175 284 257 842 265 614 780 281 348 778 796 63 909 1 54 821 758 943 728 481 834 355 50 617 684 504 6 445 150 702 365
527 353 46 944 751 242 760 700 912 96 243 798 438 12 691 385 156 539 526 446 42 289 469 261 849 131 59 928 237 256 148 882 33 978 421 484 378 63 593 168
377 461 92 675 55 797 259 304 632 802 931 19 75 83 638 486 972 432 517 163 201 425 507 615 445 916 821 272 145 165 124 211 499 236 293 376 16 894 996 364
29 980 366 381 356 839 461 465 449 30 670 692 663 527 551 263 489 634 865 873 839 243 877 911 582 851 483 30 605 671 424 107 224 520 874 829 861 454 987 664
938 875 190 955 687 58 512 202 270 952 946 533 798 645 158 863 314 591 635 478 785 531 999 754 859 871 355 495 849 791 973 16 753 357 110 140 306 73 532 794
840 638 110 801 759 399 705 307 823 900 447 609 588 583 285 673 208 763 492 496 819 686 259 223 957 512 215 659 698 102 302 45 127 969 401 981 263 341 727 471
838 972 7 624 513 562 254 685 11 357 102 215 263 162 997 16 213 146 864 823 219 218 873 854 754 406 662 121 744 992 501 905 746 238 434 22 576 907 806 508
799 1000 957 469 667 648 503 48 916 458 457 953 752 667 288 420 255 933 410 270 347 880 226 457 449 178 710 824 626 287 888 152 517 722 159 632 856 728 285 370
11082