40
7
199 365 949 588 625 184 391 856 261 737 692 116 698 708 992 889 67 186 473 454 367 579 504 172 824 210 932 949 874 651 542 422 346 721 88 129 834 779 92 545
870 180 696 741 879 805 880 2 433 300 931 178 895 73 867 29 109 257 535 531 60 590 683 197 114 952 494 633 144 350 564 967 980 353 137 792 335 716 609 527
267 496 522 985 805 112 518 236 6 104 960 664 981 736 585 83 855 714 869 353 971 396 656 387 658 787 357 407 824 542 643 694 936 783 247 651 958 174 855 866
992 910 472 835 108 684 4 221 258 687 992 447 805 293 12 282 660 838 773 728 831 985 735 6 591 520 996 786 88 395 631 479 371 877 655 954 168 198 825 574
266 589 380 832 200 925 926 909 25 676 418 3 740 148 903 598 452 249 61 425 94 128 982 912 300 186 64 308 212 156 776 940 31 349 9 305 993 31 762 969
990 80 445 248 50 153 311 440 559 769 109 760 961 173 786 194 164 293 684 691 426 45 503 47 171 208 730 420 697 783 535 973 46 931 325 595 862 397 136 891
385 83 949 829 901 905 468 326 698 332 805 192 579 347 93 749 812 134 342 419 594 387 426 813 267 311 136 744 400 882 149 980 259 825 830 958 316 275 824 742
287 991 841 82 335 730 544 510 273 242 193 782 773 950 264 44 623 288 775 121 331 758 109 432 9 493 895 684 232 752 736 68 178 122 369 441 754 599 509 674
9397