40
7
369 239 805 917 716 419 292 416 96 483 854 635 796 805 91 113 309 699 69 682 223 389 712 565 394 623 992 579 430 621 840 63 101 34 192 888 940 75 573 841
689 137 33 317 186 524 985 428 205 935 197 415 788 750 312 918 914 451 573 562 675 141 421 706 153 555 953 365 714 518 768 408 624 606 462 372 664 363 190 631
814 477 929 102 925 61 141 850 82 702 910 731 146 225 88 389 653 994 91 798 392 454 63 866 853 632 81 333 601 353 618 875 907 287 724 527 831 247 342 203
46 481 833 38 994 166 180 442 768 577 859 141 279 279 95 144 227 186 464 584 597 519 217 860 385 47 558 743 239 210 5 427 718 496 433 977 132 286 833 648
365 193 623 983 607 650 538 591 358 118 724 554 868 286 485 447 128 479 580 217 714 210 767 359 206 758 463 99 515 510 91 143 200 110 716 163 34 369 816 164
963 930 574 377 738 278 19 667 5 519 971 282 640 446 753 854 391 33 599 204 263 75 854 807 698 703 717 126 863 627 908 42 232 918 721 314 86 444 620 997
949 554 916 797 664 919 993 925 480 24 936 116 911 330 594 814 292 173 391 874 400 503 284 990 995 502 760 286 5 590 771 899 327 917 372 948 107 922 408 124
444 898 137 631 475 402 815 491 86 891 113 281 507 761 852 1 284 708 823 722 914 362 364 855 751 426 976 662 947 280 135 754 226 77 27 682 916 410 455 882
10712