40
7
366 902 15 999 853 894 773 183 206 396 497 994 259 398 657 846 744 75 251 925 921 748 746 625 424 916 944 230 436 248 449 503 900 58 780 572 103 853 880 943
148 807 938 996 208 715 884 176 391 614 348 346 486 516 270 63 950 215 474 46 444 769 245 301 610 596 946 269 928 137 965 237 810 347 16 687 345 343 646 447
688 614 4 146 625 101 742 974 931 890 904 836 165 647 603 214 127 953 202 989 642 345 18 516 757 815 964 233 359 584 978 808 825 421 985 239 975 498 567 784
955 448 661 371 469 13 513 930 528 956 758 490 261 869 327 707 827 723 484 534 984 264 162 92 162 710 524 189 731 148 939 408 585 566 834 602 573 228 662 463
872 702 41 35 486 465 683 151 899 407 276 604 565 425 837 435 689 75 402 187 660 719 293 732 287 811 978 935 377 386 209 227 838 356 728 384 639 878 133 88
676 103 685 729 332 279 560 740 925 102 911 369 430 477 804 494 951 355 510 37 366 868 794 604 821 694 30 799 45 218 328 916 336 743 626 623 221 602 419 475
514 938 388 562 276 252 458 61 427 926 229 642 550 952 644 487 127 927 621 694 302 824 958 861 770 553 492 783 71 833 746 769 521 404 270 39 670 519 103 72
398 764 420 62 191 450 663 965 146 783 356 88 596 947 562 422 595 379 84 373 694 537 806 806 436 601 552 557 819 204 678 340 229 366 559 919 249 327 623 959
10253