40
7
560 426 591 764 582 86 606 935 605 120 238 492 211 647 70 979 337 723 65 245 852 576 423 882 71 757 479 823 493 335 706 589 228 509 194 905 531 446 496 229
807 392 655 598 201 805 818 903 162 647 135 772 900 779 805 137 110 567 348 888 769 542 72 16 352 562 57 932 325 469 650 835 843 357 157 653 946 84 143 343
488 540 173 573 111 3 445 891 200 751 268 795 382 731 684 227 829 86 668 112 614 728 728 9 397 751 732 353 652 657 544 83 645 491 689 322 159 595 754 216
636 918 37 397 354 590 373 925 675 449 203 279 64 94 701 455 301 177 901 351 149 479 281 883 621 653 862 124 681 81 447 415 779 899 957 841 330 224 888 655
451 514 438 469 997 225 307 379 253 667 625 939 745 902 760 582 365 821 135 888 264 889 244 928 984 388 81 461 776 744 698 703 682 623 699 287 978 293 328 446
543 990 356 449 215 98 426 984 616 652 829 546 570 648 81 139 61 491 629 543 951 39 568 88 668 485 791 608 494 104 274 786 736 926 773 29 363 289 274 16
662 513 906 381 387 252 643 912 423 863 953 477 409 589 418 75 535 616 656 433 969 434 143 678 684 372 104 492 923 569 391 539 716 323 903 431 824 507 251 876
228 751 744 307 401 637 903 238 529 979 318 805 228 508 840 914 174 480 408 987 575 770 440 238 279 384 529 98 897 713 346 211 584 61 197 327 513 881 310 214
9973