40
7
745 846 572 886 999 141 291 515 215 156 637 141 74 238 289 943 93 888 226 805 589 692 14 536 675 799 160 646 893 203 812 767 518 129 821 706 297 304 503 303
293 274 440 211 434 484 458 884 717 324 187 737 848 761 637 142 182 225 175 682 87 749 192 11 624 175 358 204 83 824 433 235 865 60 247 136 251 568 227 455
693 261 245 448 372 12 746 627 825 954 510 944 175 654 995 753 658 382 433 519 941 209 38 980 770 387 640 809 445 237 696 187 798 240 585 773 202 74 72 79
160 19 19 372 615 452 568 518 248 185 472 65 829 739 206 973 407 760 753 655 357 608 745 467 642 377 984 115 989 918 460 621 241 3 92 484 700 219 609 139
840 911 360 147 59 117 321 866 525 897 700 370 576 100 572 929 993 161 152 709 841 226 744 883 8 9 725 671 550 912 901 965 3 439 997 39 309 472 283 984
604 443 858 381 757 214 300 965 895 817 690 514 353 2 277 938 697 64 67 723 860 558 357 260 814 530 426 765 131 655 235 651 184 533 277 932 931 497 230 600
1000 946 78 826 269 918 586 750 531 8 765 980 41 478 430 306 918 113 104 324 481 795 330 73 389 888 214 440 656 482 17 816 636 737 543 879 183 960 533 509
878 907 591 175 730 628 174 140 151 247 488 79 995 678 612 586 622 291 829 754 317 524 62 506 112 688 624 711 441 591 821 49 759 390 60 548 310 227 693 29
9509