40
7
441 855 352 739 411 927 151 950 105 45 362 155 345 714 993 647 662 845 885 506 788 37 2 26 391 8 131 185 843 243 404 402 821 343 559 627 911 616 125 809
275 157 401 608 960 347 113 673 975 399 566 508 799 451 609 586 350 83 518 917 775 752 742 527 561 424 95 252 414 456 422 309 437 207 36 369 177 340 863 107
384 954 792 386 952 927 129 59 677 472 373 999 370 9 327 305 974 58 652 517 188 523 240 713 297 93 223 368 480 545 233 633 386 23 108 421 980 996 738 706
509 398 81 142 174 787 972 191 866 260 293 499 777 603 352 398 415 232 504 794 882 236 795 304 238 194 355 506 876 770 863 551 594 531 356 667 163 423 465 594
986 542 869 407 650 918 516 797 578 736 330 949 260 497 881 575 56 461 461 360 836 927 372 554 430 987 305 765 583 204 400 61 992 668 50 588 824 931 266 881
697 293 906 849 498 937 476 740 931 239 133 425 455 823 863 76 219 235 982 95 280 311 609 234 717 17 830 212 750 291 945 822 741 575 175 336 246 667 924 378
306 728 9 997 73 984 388 66 572 34 157 806 697 62 179 190 217 173 483 953 533 868 769 277 105 752 644 53 460 726 17 979 984 483 190 690 868 89 635 852
695 104 488 713 99 760 96 368 297 432 808 57 980 261 935 91 48 385 63 336 91 649 290 603 513 642 516 285 743 170 708 790 5 407 318 858 846 562 22 919
8977