40
7
931 216 1 581 8 790 447 530 752 148 61 354 799 489 405 499 964 187 96 950 269 726 66 573 810 778 128 285 638 985 844 262 929 340 828 22 50 967 583 884
317 439 783 288 90 244 166 410 320 396 292 353 31 893 440 245 619 23 869 533 838 23 94 673 849 182 150 574 465 128 916 953 791 104 814 87 748 101 961 837
360 248 225 306 299 735 793 481 952 885 567 631 394 428 412 854 208 827 46 282 765 14 160 335 687 277 119 125 965 911 255 755 565 650 905 389 819 525 981 789
494 282 991 441 190 280 74 696 693 822 930 236 212 679 718 341 917 520 554 682 427 691 625 363 260 483 63 463 497 605 647 582 605 289 960 174 479 972 172 325
668 760 949 639 188 828 650 521 335 365 106 512 515 395 682 701 175 179 550 634 460 132 703 687 924 41 842 994 796 520 318 935 819 995 487 59 737 784 565 483
825 386 224 371 213 50 731 515 800 438 216 505 82 675 866 302 856 783 483 813 26 393 167 602 58 408 102 10 792 632 249 562 104 897 970 312 42 71 58 820
113 969 582 710 233 524 446 307 516 710 276 282 565 935 549 450 764 314 584 557 766 721 699 834 331 955 420 903 731 765 381 482 342 582 901 166 853 944 597 36
942 876 27 203 227 619 856 641 373 33 498 667 361 207 350 820 974 710 188 528 98 107 526 859 242 97 929 737 715 382 639 753 357 418 778 718 895 649 441 903
10672