40
7
28 992 801 664 843 72 837 994 776 963 425 766 355 911 971 511 660 327 249 987 239 95 211 55 64 220 857 226 949 285 66 736 95 285 73 647 699 788 661 98
358 662 447 768 166 199 403 27 10 806 761 86 833 963 500 324 543 663 211 799 432 962 369 215 127 412 620 709 235 595 493 205 227 30 235 564 690 857 510 770
608 812 164 175 916 11 803 415 404 632 448 802 869 154 644 514 760 113 922 208 591 316 345 624 705 755 628 224 904 757 312 219 282 89 206 718 177 369 147 510
455 78 649 95 357 514 112 375 919 715 198 100 15 642 642 283 943 720 258 58 156 310 368 213 176 326 689 353 738 891 716 409 595 886 241 728 666 16 5 710
30 966 28 690 450 819 535 7 963 7 696 342 3 444 462 392 696 406 1000 201 512 50 435 91 911 1000 974 37 711 590 430 493 918 206 880 33 302 805 351 927
27 692 576 400 984 943 383 222 425 102 190 213 63 150 516 556 206 313 683 94 50 600 66 505 623 744 222 223 482 319 100 211 995 605 515 856 629 558 712 764
960 868 488 757 836 487 185 714 372 413 926 66 72 639 419 989 222 737 631 936 767 594 827 77 49 66 862 251 160 485 224 642 711 805 338 712 663 473 47 151
364 274 852 987 621 596 712 2 861 663 213 337 849 416 829 411 371 397 10 731 551 600 237 13 19 301 581 304 704 967 637 361 995 522 457 326 645 693 673 134
10108