40
7
613 306 253 796 645 346 520 742 61 321 5 798 721 362 731 487 435 604 677 422 895 333 294 122 804 581 414 368 372 844 41 754 894 724 311 906 951 160 834 703
579 212 778 182 453 294 331 930 456 906 573 284 498 899 619 16 463 996 196 29 221 553 542 298 933 188 429 116 722 511 336 567 236 238 228 94 350 316 136 455
764 250 38 928 225 312 657 405 687 14 876 178 167 791 732 756 328 891 132 329 570 215 187 694 142 295 243 101 331 341 925 112 552 260 401 381 483 485 182 901
671 46 436 306 885 626 700 867 80 425 285 558 616 218 610 839 854 669 166 661 948 423 706 35 384 945 226 429 792 742 728 860 158 72 822 355 147 609 258 138
794 109 471 363 318 240 977 308 302 938 218 339 386 763 703 353 727 153 505 44 294 305 311 501 481 888 204 378 858 836 725 359 644 354 143 431 326 830 936 440
386 789 529 989 624 39 382 501 283 649 236 176 351 879 554 186 728 291 411 715 619 986 988 597 575 370 78 777 161 924 820 418 649 313 229 584 273 106 878 160
961 950 665 389 261 880 199 108 736 737 484 591 482 354 123 953 248 12 839 940 156 694 535 88 56 865 309 186 978 690 960 425 311 288 166 818 962 585 900 23
490 868 992 633 571 953 607 472 437 744 921 367 218 241 952 404 710 464 234 826 72 868 121 81 637 475 208 423 776 730 686 685 398 718 248 562 37 326 692 340
10594