40
7
48 22 382 141 225 926 167 135 693 357 664 165 308 712 333 692 18 369 579 459 396 865 659 669 207 520 211 548 967 753 241 350 821 468 530 70 992 318 118 434
340 22 748 333 245 639 166 954 989 294 923 321 565 555 153 745 491 275 390 718 56 814 438 16 549 791 258 454 218 77 251 334 444 542 559 696 719 973 320 109
736 374 14 646 835 590 578 572 46 667 658 316 860 173 902 880 749 386 261 393 189 272 829 187 654 522 206 221 731 283 913 875 399 71 638 982 512 766 591 153
853 748 39 159 179 611 13 952 454 226 100 618 977 111 182 202 311 165 233 195 550 523 973 327 895 29 55 698 257 459 195 741 473 259 81 467 533 368 744 209
829 781 479 694 336 875 872 479 39 780 829 839 802 813 763 962 348 325 919 384 358 107 206 728 981 79 757 796 713 812 15 561 441 873 275 669 253 131 275 895
703 607 364 744 82 20 987 119 179 106 990 553 349 913 509 512 393 383 779 39 381 896 252 895 265 85 484 917 474 940 53 239 688 334 79 806 897 354 328 209
902 117 66 688 868 786 340 458 30 619 12 874 378 608 230 822 240 622 176 919 543 53 757 629 853 51 584 645 549 343 706 892 354 85 752 28 640 738 934 47
460 637 252 992 165 801 791 114 408 361 450 762 306 865 978 826 741 909 581 307 160 206 925 803 363 647 702 575 780 405 425 87 825 876 53 41 302 973 788 412
11027