40
7
545 109 983 110 54 132 616 395 87 19 413 454 737 733 936 643 962 953 618 868 813 799 803 111 142 930 583 120 645 263 377 358 117 101 18 484 429 4 768 630
573 1000 201 705 206 577 978 897 104 359 984 757 617 173 655 138 111 608 140 447 735 790 641 768 975 149 572 312 721 32 584 184 270 541 808 937 447 687 453 387
848 809 390 970 280 269 697 197 425 57 433 453 98 44 799 147 628 385 693 657 665 75 509 692 311 418 563 195 825 489 232 988 203 199 135 752 622 345 887 597
750 21 157 572 5 70 582 581 125 582 347 502 65 513 397 303 168 24 392 497 833 40 372 175 601 871 664 849 506 432 141 27 405 218 29 550 338 592 114 793
691 110 788 857 126 944 622 784 616 389 189 48 257 368 263 303 569 351 662 792 875 73 4 277 799 680 619 857 851 670 756 691 478 951 183 217 125 27 289 860
728 632 781 414 79 435 43 667 953 784 588 272 558 779 963 771 79 820 611 338 403 567 904 80 885 806 558 123 931 650 73 946 491 543 565 490 571 689 839 602
981 620 836 740 823 955 27 990 880 216 242 582 725 972 672 436 380 385 762 80 977 89 976 885 529 914 620 189 409 209 735 324 482 360 393 565 187 559 795 795
895 893 851 449 710 155 100 211 611 375 770 103 975 640 661 491 454 300 128 68 690 109 941 835 837 735 198 712 607 59 914 445 917 776 13 318 835 924 427 333
10733