40
7
828 774 297 913 704 503 241 333 249 138 839 222 323 897 846 883 820 276 762 961 136 57 755 946 306 939 917 552 879 40 657 951 787 798 35 460 789 269 676 146
771 214 400 559 927 489 588 665 758 875 909 720 500 278 808 423 29 576 583 431 929 965 827 873 229 436 368 738 913 680 256 392 525 681 634 509 439 398 967 348
301 113 496 875 562 658 144 115 207 182 979 623 761 530 454 542 116 639 929 972 110 365 522 473 911 212 334 360 600 63 179 324 898 1 899 557 629 558 192 847
719 121 223 129 843 396 984 121 330 739 529 497 506 609 482 894 615 397 678 670 839 939 268 657 181 382 395 848 745 152 123 642 363 579 285 411 431 982 865 823
228 724 740 861 389 119 265 816 613 807 240 565 317 529 144 934 470 179 190 347 196 480 785 953 86 59 200 761 987 189 5 309 137 673 811 306 812 644 118 963
94 820 842 254 833 232 575 559 491 918 613 735 270 183 692 311 685 50 798 467 86 637 907 812 461 259 580 29 156 597 874 64 8 899 554 210 22 416 637 518
79 335 307 615 435 72 624 560 35 952 553 117 476 307 294 939 80 235 814 575 239 553 694 369 620 247 604 415 36 29 324 937 565 753 856 712 181 125 103 573
528 303 1000 627 758 436 204 194 439 46 946 754 369 579 905 333 67 71 892 252 363 108 447 791 944 198 274 693 346 626 689 336 306 377 143 828 396 986 988 496
10019