40
7
192 363 722 657 395 502 656 804 403 314 383 772 639 370 695 886 459 22 396 196 173 289 664 988 698 752 330 753 871 834 589 933 761 704 43 152 35 363 856 205
318 286 806 756 446 765 23 49 647 189 33 349 549 786 606 711 979 725 517 968 442 3 760 509 496 52 872 429 145 194 759 856 497 389 7 54 975 184 239 405
107 138 51 974 513 635 251 567 953 990 677 949 524 648 348 414 587 17 606 678 720 253 367 375 142 431 792 465 90 246 809 503 716 961 276 356 59 441 337 629
729 70 91 335 547 943 709 674 663 970 511 796 758 687 156 757 753 252 712 661 36 297 259 611 719 493 408 277 964 215 925 815 943 118 865 866 95 262 808 462
72 372 165 730 913 796 19 227 156 361 648 867 976 124 849 627 954 553 251 943 252 865 620 575 85 36 644 493 472 988 223 459 533 910 777 829 857 368 101 839
235 857 208 346 897 878 608 667 245 547 816 903 862 208 650 733 728 35 408 520 198 508 709 38 292 670 148 331 210 798 623 730 941 502 10 303 405 695 267 485
865 397 163 814 179 358 782 923 750 419 470 355 63 304 358 335 753 678 887 986 448 412 960 790 403 966 393 671 146 65 18 961 264 831 737 840 388 322 533 48
964 697 944 986 301 575 266 62 352 704 39 195 779 628 415 199 31 957 216 760 884 561 630 296 653 816 456 287 135 992 695 88 18 915 924 355 292 105 140 928
10120