40
7
595 678 862 961 222 871 511 81 417 378 662 662 80 982 732 159 232 656 172 167 793 774 623 401 702 49 406 387 195 756 111 206 488 645 330 52 700 876 816 756
977 675 210 329 499 403 606 90 144 753 682 646 534 265 901 616 508 678 195 510 474 61 678 198 888 730 949 290 780 818 642 741 113 917 477 768 397 118 421 139
272 466 297 791 457 413 876 334 910 78 534 378 670 685 334 904 249 816 184 472 570 452 267 348 914 615 775 339 961 659 777 659 518 784 175 223 78 989 353 967
695 912 104 950 143 225 415 160 188 590 345 110 335 461 601 776 822 611 70 263 998 383 138 442 513 454 738 279 295 842 110 910 203 412 164 56 124 988 307 280
110 116 815 137 891 730 861 253 118 874 875 802 314 432 54 428 591 788 431 223 342 282 577 666 798 658 300 575 435 423 888 660 92 588 10 547 457 887 949 759
309 119 385 968 56 474 929 865 845 412 156 172 606 742 263 88 936 64 4 649 709 916 186 500 380 393 368 970 804 828 182 161 916 1000 7 231 84 992 98 830
627 874 610 92 6 510 390 145 785 5 336 533 554 137 725 632 780 848 688 676 757 544 703 436 143 547 151 133 329 885 696 471 245 513 151 658 165 382 600 15
854 953 169 775 424 803 299 273 88 160 184 889 371 342 927 771 911 952 260 650 40 144 87 559 335 313 403 795 759 519 867 318 344 778 723 75 347 640 385 87
9787