40
7
253 540 711 543 99 355 832 535 977 753 302 674 339 826 675 353 248 266 245 758 881 952 847 239 311 318 744 115 802 458 975 189 435 132 553 291 838 373 491 825
955 266 256 934 708 703 697 671 166 866 836 711 169 561 424 623 997 72 136 949 818 772 432 829 697 620 198 496 313 94 866 675 774 758 351 511 608 500 140 406
94 851 273 663 255 734 724 30 934 657 556 542 986 271 634 634 728 280 212 963 517 704 184 560 910 788 753 534 210 854 878 248 136 792 159 245 213 990 340 823
113 959 679 696 304 176 810 130 287 330 731 14 613 952 437 101 724 667 484 438 246 806 884 608 339 920 257 275 664 42 349 491 219 164 768 776 819 326 25 142
920 88 661 298 592 713 965 528 73 778 595 878 300 647 54 859 580 971 542 448 536 27 938 211 284 530 193 562 475 209 940 951 428 528 853 710 197 904 324 324
954 246 439 993 509 843 77 851 637 499 215 928 100 884 462 143 280 506 325 8 88 762 395 877 412 346 163 144 65 410 491 794 637 311 959 792 301 540 279 935
706 236 329 610 530 937 532 669 247 28 482 28 510 392 435 956 129 179 557 457 458 343 457 899 153 946 70 940 386 919 431 61 120 433 715 371 438 270 290 749
273 312 413 507 43 833 62 277 402 872 384 309 436 365 563 901 777 915 668 843 99 160 678 435 897 661 933 565 378 590 924 480 289 692 588 212 95 297 872 304
10152