40
7
727 556 438 772 477 352 83 937 44 534 154 616 752 760 325 969 699 289 681 59 72 410 257 225 633 178 978 904 621 566 415 497 378 195 597 9 289 916 891 552
842 769 601 48 595 597 456 199 60 519 81 226 137 375 409 848 724 981 541 60 645 733 787 483 978 332 178 264 667 439 738 921 50 837 597 538 364 646 82 646
678 942 725 328 450 138 941 795 847 424 575 105 939 444 548 507 454 392 583 650 357 491 452 39 365 356 265 738 644 5 312 262 701 967 235 946 611 216 136 638
733 501 998 659 50 871 225 15 286 873 514 207 404 950 346 404 915 66 297 399 334 233 370 744 549 754 864 788 555 713 710 761 986 647 923 798 299 40 128 858
818 602 957 208 957 20 901 698 25 983 861 218 926 200 10 525 162 151 965 82 546 876 779 465 323 554 92 198 937 443 5 654 181 345 329 987 27 268 610 424
111 644 986 506 210 73 780 500 124 522 522 666 983 208 998 884 842 723 41 936 422 421 572 265 155 821 236 764 544 459 149 706 318 624 312 402 324 99 937 893
938 231 997 344 33 4 988 826 583 33 729 873 362 940 357 866 762 46 972 940 952 153 497 453 596 459 596 371 139 294 559 309 307 40 921 262 94 272 247 293
539 502 550 122 95 559 489 535 452 330 443 345 179 924 504 946 651 655 617 14 284 264 511 353 964 149 144 915 812 659 745 709 802 553 128 395 27 199 83 266
9207