40
7
259 309 388 255 453 884 9 246 976 697 373 629 156 819 78 165 569 1 44 487 775 273 299 911 327 778 184 744 117 197 724 144 385 293 643 675 930 946 578 286
584 147 628 799 255 885 17 742 633 820 321 865 798 478 859 8 900 100 746 344 837 831 70 409 423 703 610 963 373 776 52 674 855 45 882 809 438 322 751 775
833 665 60 193 460 14 616 317 643 811 350 799 566 58 568 190 819 898 636 45 96 986 195 831 790 205 155 173 299 474 293 725 881 282 884 295 153 127 280 111
83 272 542 133 202 309 850 642 310 796 379 604 580 214 9 93 171 59 906 788 558 630 104 540 33 407 317 750 904 176 263 52 320 330 166 703 80 645 123 707
881 16 881 279 708 56 640 727 860 345 112 613 739 560 980 603 478 639 760 183 630 791 893 12 26 399 299 269 16 497 905 269 145 117 389 170 323 567 161 31
659 953 173 735 513 117 62 574 801 609 123 354 879 860 542 659 789 538 475 90 531 255 835 504 85 659 606 779 638 713 800 154 822 939 506 286 815 450 818 452
95 504 273 18 303 572 570 820 913 788 80 79 61 254 250 284 785 219 790 146 315 228 950 434 84 561 20 185 448 472 540 970 885 926 386 908 478 435 507 384
770 833 922 918 680 640 81 434 739 194 891 11 168 318 995 673 423 118 837 751 851 779 349 500 288 873 450 97 883 167 309 933 743 604 364 562 843 562 259 352
11082