40
7
269 838 509 767 599 886 18 272 696 189 2 940 733 688 58 250 882 35 629 305 66 288 329 251 855 337 13 389 402 625 320 311 12 533 349 420 607 217 175 902
519 350 739 48 145 135 269 974 650 433 570 535 379 908 135 952 168 928 98 835 696 939 405 899 883 753 380 262 114 912 776 251 370 772 830 482 746 963 550 821
535 345 106 207 348 82 105 820 528 612 665 709 488 573 488 718 178 526 740 151 536 654 885 365 586 938 909 661 287 153 730 934 50 478 139 42 805 354 506 672
317 692 608 428 43 195 599 398 218 368 597 139 854 6 631 457 202 715 535 484 239 972 90 392 893 519 810 213 842 481 136 856 307 903 135 510 245 586 306 959
846 652 756 465 958 881 482 313 760 406 411 74 405 857 501 446 668 651 810 428 139 619 197 398 903 808 35 556 327 257 208 744 429 808 999 171 303 453 994 660
260 396 887 815 609 897 280 498 561 58 711 335 217 401 391 506 226 971 413 32 531 811 442 348 304 646 21 536 578 835 790 393 977 243 416 813 683 561 117 609
875 342 490 101 10 233 742 658 83 98 788 440 366 588 970 523 807 969 631 580 846 844 715 545 393 940 162 358 421 683 982 467 378 765 591 613 275 133 174 478
833 791 277 820 573 51 613 686 947 471 845 921 338 773 98 317 889 82 109 299 84 281 281 282 945 911 563 234 179 43 112 81 875 31 377 686 13 586 78 236
8806