40
7
497 163 870 443 649 436 738 405 985 468 268 539 533 916 852 660 493 340 321 64 647 752 877 909 434 752 47 416 552 760 816 631 698 463 583 332 350 222 801 129
59 71 679 749 562 257 300 861 942 429 438 238 288 889 530 801 130 417 623 633 622 86 484 395 930 473 23 931 427 847 535 150 315 985 534 299 272 452 420 683
990 211 176 663 858 232 434 791 901 465 364 997 359 363 305 969 394 147 264 85 473 387 322 766 67 619 925 263 598 797 478 906 695 39 417 382 45 527 536 252
260 869 444 167 868 335 185 32 282 950 171 37 540 121 647 525 793 778 988 166 761 863 667 374 561 521 249 503 7 720 892 595 572 86 391 907 106 518 15 654
795 933 946 618 197 811 54 127 63 824 430 372 404 205 686 67 480 458 728 537 52 357 683 998 79 232 721 415 694 604 214 30 448 396 9 269 657 512 692 895
632 582 71 1000 658 931 955 524 35 464 805 580 475 91 826 263 368 922 967 5 625 138 185 107 602 199 965 825 899 432 131 883 531 740 896 19 885 60 333 991
210 693 323 515 12 628 711 878 536 560 339 775 804 753 539 935 210 757 95 850 305 499 284 749 105 99 490 995 849 858 877 257 640 330 555 84 583 807 219 311
226 474 617 620 189 398 455 556 455 993 144 601 184 735 972 274 37 921 404 145 99 833 626 342 594 332 962 254 784 236 261 491 181 673 755 912 92 939 718 851
10168