40
7
337 548 344 333 511 17 957 602 58 753 291 682 373 974 996 103 603 89 566 318 623 37 390 569 115 582 244 275 906 857 994 324 833 630 847 728 541 731 902 853
928 751 507 519 321 173 137 479 587 27 265 101 255 896 650 729 147 15 610 239 367 841 286 562 691 419 620 507 144 964 848 347 65 375 761 21 380 192 855 536
415 960 933 526 763 220 852 975 12 567 793 45 65 299 707 704 124 787 470 758 455 143 223 712 939 369 290 545 990 591 934 93 547 640 492 900 941 235 499 969
701 645 660 139 998 538 801 342 54 265 417 987 758 350 314 32 894 392 149 450 504 842 769 811 940 349 32 243 908 951 912 769 273 734 68 922 12 764 847 814
239 70 833 682 122 661 372 512 885 290 165 126 451 515 463 802 834 789 32 538 844 881 911 327 983 860 512 386 309 511 619 334 791 787 837 898 794 675 919 264
493 535 972 451 851 891 332 816 188 570 712 584 306 144 478 329 7 701 445 295 889 10 240 641 68 818 453 493 266 851 867 861 312 357 215 643 277 68 802 416
328 842 52 222 706 232 937 187 584 424 874 511 215 775 592 222 930 952 398 669 380 528 508 141 786 970 519 396 490 481 234 560 367 424 735 199 797 862 462 259
771 173 407 909 817 570 567 282 26 391 446 643 455 769 741 85 340 772 297 4 468 941 955 279 762 154 68 265 3 221 479 924 895 954 496 738 758 625 414 969
10417