40
7
447 551 257 292 950 697 26 35 164 96 387 330 937 651 592 205 349 403 622 181 310 292 689 316 163 399 967 597 917 943 528 489 587 600 117 761 312 271 344 672
253 843 823 844 675 724 741 972 169 548 580 805 703 505 403 887 331 507 561 756 203 130 900 793 127 790 372 114 867 603 991 83 494 388 514 499 736 594 394 639
570 862 500 809 235 412 797 278 78 229 646 410 864 164 144 374 457 503 289 107 368 360 255 882 271 691 814 207 951 755 121 968 789 521 695 567 696 79 681 885
890 900 22 367 750 876 428 739 897 129 329 827 86 421 210 211 44 284 79 588 816 715 140 167 329 22 354 774 807 403 906 22 518 542 152 40 595 839 64 308
151 610 898 874 11 483 594 806 202 123 445 925 720 282 613 846 755 559 261 154 144 956 415 671 541 665 776 691 868 798 946 262 479 697 860 126 476 191 248 727
192 983 810 103 345 390 164 46 397 681 446 959 341 455 333 625 96 319 941 534 78 489 441 23 589 639 999 626 574 318 911 847 834 346 12 493 744 897 556 110
946 72 978 336 435 28 958 229 706 628 914 804 781 126 809 345 67 259 808 854 155 560 452 200 313 997 189 165 970 902 82 564 860 187 201 729 703 60 673 51
202 717 906 721 844 900 377 948 628 208 77 988 146 379 499 333 426 972 410 47 328 820 442 913 391 122 800 56 450 703 899 364 872 89 306 322 163 503 557 432
10130