40
7
176 749 565 793 644 689 362 186 851 958 513 443 353 41 796 603 785 956 825 191 666 960 213 539 279 720 866 274 942 767 727 779 454 848 860 798 409 170 480 294
722 192 346 889 790 866 784 573 290 220 643 156 896 244 805 478 852 310 93 467 367 479 339 620 666 569 756 941 155 863 589 958 840 689 579 528 696 739 17 4
413 834 35 880 806 57 944 353 680 704 95 897 231 673 827 668 176 768 918 817 600 954 496 568 324 21 554 990 692 367 304 584 831 191 304 57 12 721 844 219
309 401 164 719 440 621 84 299 177 987 846 138 749 780 139 405 144 927 140 545 814 625 35 487 723 212 848 20 882 902 896 355 414 624 569 602 838 547 610 594
684 490 11 251 989 434 46 543 378 976 999 348 575 601 284 479 445 660 446 258 522 366 205 75 181 422 783 153 888 679 919 343 567 173 492 18 658 822 849 170
949 525 639 785 276 394 753 292 446 980 951 289 522 388 380 611 29 50 126 959 565 394 877 139 51 428 348 356 624 239 374 246 85 30 592 601 261 370 519 881
639 952 96 413 318 512 663 214 828 452 252 723 127 743 873 854 747 117 107 336 299 144 676 309 588 228 392 141 212 388 219 863 499 494 246 158 988 745 440 43
421 12 758 699 542 562 88 127 685 17 968 745 978 525 320 994 667 364 748 23 370 265 96 886 765 273 845 273 648 224 162 150 936 569 890 619 49 568 211 376
9709