40
7
774 454 138 253 987 636 784 816 561 311 901 729 636 165 57 297 215 325 640 622 167 669 211 230 551 125 494 138 351 462 633 203 60 154 534 503 953 601 322 197
826 558 922 908 276 626 856 278 265 644 202 859 452 993 703 530 163 493 25 773 866 733 349 727 88 986 107 948 566 559 134 134 933 85 233 151 752 141 778 528
158 120 980 553 966 883 45 381 553 904 71 558 660 817 172 748 764 417 66 809 873 448 500 27 562 316 172 837 201 971 878 692 948 476 827 932 645 646 822 283
902 481 305 649 375 560 479 216 148 324 655 146 743 99 89 497 554 760 36 726 326 805 59 980 81 170 624 151 588 935 412 466 773 34 924 148 373 354 993 291
955 932 431 269 910 17 626 235 240 308 860 813 551 411 69 964 382 391 783 690 168 429 512 642 470 7 265 461 725 911 618 377 16 741 612 713 181 475 826 334
224 678 458 713 511 330 704 982 477 340 530 771 957 572 962 501 388 619 339 550 827 981 910 927 782 258 403 347 749 188 758 215 16 44 369 841 688 433 426 714
120 899 716 30 672 100 250 478 518 522 238 769 184 191 600 112 20 36 879 587 190 658 701 270 460 283 278 616 963 197 772 475 254 449 428 395 353 845 281 161
25 557 760 301 142 328 48 357 769 815 927 418 949 207 429 488 310 464 303 497 763 233 233 322 575 54 299 260 881 641 969 255 833 362 762 371 339 900 410 224
9390