40
7
211 679 374 337 248 143 921 439 365 514 753 62 285 274 22 670 229 820 945 507 577 967 763 420 398 75 470 3 446 236 869 954 851 893 917 79 208 981 25 509
824 976 239 671 967 342 806 444 911 731 558 35 323 618 47 969 549 30 739 545 34 605 242 283 989 441 382 356 259 355 489 476 770 687 340 206 706 338 429 506
788 342 282 388 526 851 263 652 692 632 879 647 778 867 980 382 609 959 739 805 39 952 135 864 668 870 418 951 688 327 2 592 616 945 301 702 464 712 997 639
138 446 352 696 140 636 32 112 925 193 365 689 107 833 725 220 280 709 873 644 81 129 484 488 892 263 562 734 549 317 698 266 803 76 466 962 959 820 293 885
90 376 270 695 301 555 432 457 972 118 440 612 774 670 537 762 738 831 1000 675 578 611 212 274 397 532 368 686 700 686 260 855 199 54 495 244 835 774 572 324
645 819 624 66 826 87 382 103 61 126 850 141 683 320 444 1000 824 46 378 448 689 377 537 835 437 171 150 145 592 15 518 696 333 103 957 567 77 612 509 984
541 599 142 362 322 464 140 286 727 439 293 209 791 331 603 569 792 834 657 357 249 847 290 695 409 271 376 98 693 847 370 654 478 69 810 609 708 57 917 901
257 373 758 76 833 894 102 970 621 526 473 914 721 771 120 235 235 126 426 616 157 324 98 146 924 876 263 242 118 599 286 290 525 109 454 548 760 948 9 209
8966