40
7
64 769 472 868 180 82 747 110 215 149 554 883 806 565 180 525 144 962 972 669 365 454 214 613 750 269 904 217 943 869 300 720 448 980 463 942 288 87 985 139
631 559 850 617 182 354 479 659 266 517 950 846 495 388 245 188 737 149 921 646 856 653 453 947 88 931 812 442 6 120 854 125 18 319 437 265 258 599 936 183
572 411 781 585 169 427 700 467 794 233 415 984 571 788 910 691 318 284 126 402 412 318 4 771 892 442 980 965 444 633 664 12 650 213 512 80 421 557 388 54
361 319 401 845 56 888 856 422 26 358 683 501 676 70 391 93 327 935 110 913 685 602 768 409 913 761 878 631 279 463 716 592 515 998 618 218 485 241 80 114
557 693 25 27 894 285 218 152 731 949 724 122 691 399 259 980 492 513 680 211 575 303 399 461 486 620 906 120 465 418 5 840 693 824 171 530 3 960 440 209
260 568 705 760 511 661 481 273 997 313 787 566 132 187 823 227 758 308 357 355 241 701 133 200 121 409 633 91 946 331 743 486 444 723 239 156 152 33 47 489
606 539 73 38 971 479 444 162 559 423 640 207 770 514 209 890 751 639 889 325 780 842 112 535 821 793 587 623 858 1000 148 692 803 999 248 448 577 391 702 312
335 758 710 727 811 732 799 873 841 436 535 137 665 790 148 747 742 428 767 670 30 3 648 214 743 218 818 597 404 976 695 263 770 910 270 57 387 607 133 592
10993