40
7
473 808 503 844 528 132 626 122 657 46 830 617 165 92 232 848 861 450 472 217 97 687 666 117 693 485 326 687 688 492 137 150 213 82 94 322 146 823 782 927
529 968 290 205 264 3 735 286 312 904 542 308 559 509 416 139 947 502 281 2 761 494 926 510 298 519 97 992 141 295 22 814 863 13 258 210 401 848 425 52
783 894 299 27 544 167 445 705 37 577 898 289 344 22 64 882 670 492 676 355 214 744 625 479 848 161 257 730 621 272 229 753 903 474 497 824 835 512 54 628
462 70 875 684 359 129 308 227 996 206 573 658 625 945 264 942 931 769 695 55 57 493 918 915 565 813 374 429 145 534 342 836 823 243 703 682 224 221 514 211
497 575 323 643 915 442 927 740 806 967 735 635 986 110 210 534 695 964 445 311 229 70 601 195 418 303 324 262 114 153 813 918 946 898 157 416 8 31 740 210
231 44 755 195 685 293 319 385 329 89 146 505 994 130 254 651 156 989 380 660 429 349 758 927 67 777 866 114 653 505 722 539 393 859 619 564 305 513 135 773
42 112 361 975 858 208 25 782 240 182 895 900 182 775 821 630 115 679 18 68 506 917 999 432 125 800 959 644 885 324 324 797 611 724 172 189 704 630 174 628
209 907 847 980 413 946 43 442 540 578 871 253 873 651 196 993 689 560 893 223 553 875 257 455 767 428 20 246 283 186 449 106 235 38 30 465 368 938 347 103
9628