40
7
868 739 813 347 212 965 117 72 328 985 807 753 416 614 374 57 705 632 154 54 148 656 969 362 292 386 827 184 46 547 683 783 266 882 735 488 640 662 822 104
877 456 380 711 153 1 395 192 979 355 564 691 313 899 935 472 386 476 905 846 278 194 423 313 593 933 846 451 193 923 566 519 361 295 299 823 598 327 198 781
304 642 48 14 460 360 600 517 203 405 905 288 161 591 299 205 779 800 76 782 288 476 402 215 866 137 551 144 596 122 463 900 794 888 321 261 945 644 312 651
752 158 394 309 632 660 267 301 991 135 694 488 609 395 477 165 447 287 157 567 605 944 920 532 100 595 761 929 509 964 434 671 765 60 857 232 997 386 567 162
65 289 667 875 501 178 800 71 468 69 755 880 43 779 930 280 401 560 148 182 73 622 117 406 280 518 639 13 502 17 162 725 580 814 797 331 974 50 484 733
630 670 959 127 464 148 57 424 669 254 693 803 892 318 95 197 246 879 578 742 944 758 467 126 712 849 478 247 584 754 86 521 858 675 991 45 364 157 164 957
694 603 411 656 447 561 603 639 914 622 54 406 977 68 393 52 648 349 979 456 966 511 222 340 301 397 688 647 963 506 602 639 419 861 249 566 929 525 901 477
93 907 739 549 842 980 884 473 102 729 361 116 933 189 293 394 564 913 324 677 289 163 370 240 579 439 846 283 298 971 250 862 150 232 535 856 171 579 896 593
10332