40
7
669 865 843 320 411 763 912 712 990 814 907 971 957 667 856 91 422 203 791 374 309 860 363 699 918 385 363 761 534 637 697 536 605 132 103 980 996 288 488 780
475 527 634 721 715 573 722 33 779 382 172 510 50 341 540 370 364 711 855 438 360 617 656 42 944 271 135 896 738 879 261 145 654 754 327 975 419 333 188 613
379 77 992 600 185 759 779 767 795 749 580 566 765 377 794 693 69 435 650 463 35 452 374 16 823 638 32 617 496 259 92 513 291 663 51 655 753 264 243 882
222 891 885 652 679 239 126 239 660 985 418 20 72 204 833 491 381 987 328 964 427 972 224 298 272 517 841 696 243 60 371 422 398 784 464 207 459 934 391 722
160 140 299 929 90 163 983 226 257 719 500 220 818 535 933 904 192 651 762 55 856 171 199 782 28 866 867 345 519 153 554 284 186 667 213 170 753 835 755 61
213 868 36 297 935 418 827 930 84 542 873 11 743 951 876 318 698 248 673 135 304 862 269 2 846 781 746 804 148 585 763 226 762 471 841 304 927 224 835 174
902 814 499 532 585 253 103 174 308 879 499 273 958 162 603 299 95 825 629 216 470 552 547 922 721 645 734 374 104 216 887 188 375 323 543 134 31 591 144 856
705 191 542 741 921 945 684 840 295 997 330 244 580 427 746 963 392 938 882 796 970 349 662 25 645 995 222 127 594 820 347 6 853 438 9 392 549 26 533 83
10902