40
7
768 290 432 33 98 36 285 995 781 806 123 9 245 586 694 273 838 316 237 252 496 860 123 786 192 246 903 417 695 805 293 518 152 588 814 184 140 501 463 738
635 526 720 854 551 9 315 907 827 823 91 811 627 958 288 998 614 472 622 689 11 669 126 639 662 450 879 496 396 357 253 453 406 603 231 725 694 852 441 257
425 359 656 893 114 72 765 90 677 785 408 744 608 507 634 752 477 129 943 569 996 802 22 253 425 854 85 854 124 471 733 361 979 873 925 393 882 93 696 706
736 325 226 852 479 255 526 641 12 712 329 376 95 460 388 821 925 232 505 326 424 316 394 992 2 960 837 370 972 729 389 340 17 812 67 659 182 353 118 148
873 698 143 969 234 886 28 925 851 627 874 442 404 502 851 836 490 912 476 325 249 362 799 338 924 784 405 442 927 294 686 568 61 395 949 693 641 980 542 881
633 190 638 711 308 287 513 618 175 853 554 685 530 286 736 322 741 366 923 822 720 860 359 820 369 716 686 770 696 795 999 950 109 126 783 388 355 518 842 374
661 465 684 668 148 885 727 795 598 132 929 217 346 625 156 779 374 494 358 381 429 163 254 791 737 424 24 869 231 539 876 736 6 734 856 99 232 386 139 226
434 980 35 492 639 523 779 618 408 280 141 834 374 177 763 348 910 243 14 312 425 7 997 166 121 854 740 781 799 379 983 714 316 578 646 858 279 890 991 766
10797