40
7
936 837 468 398 69 373 265 465 733 781 388 571 765 437 282 596 85 992 205 707 459 893 220 342 222 996 87 432 387 364 227 701 136 908 954 572 959 550 297 933
101 793 423 112 691 184 702 841 7 585 433 383 383 160 855 995 781 354 383 664 144 882 435 700 501 501 102 146 337 545 495 968 950 964 698 429 65 565 536 29
488 656 479 910 596 756 768 14 915 669 328 84 329 701 834 905 249 593 481 413 146 300 69 764 810 420 489 259 896 430 595 505 403 298 428 726 436 109 772 823
859 681 877 994 523 10 809 534 264 185 874 996 630 925 997 97 598 872 468 469 80 897 369 645 351 910 310 260 276 337 94 419 354 427 823 186 719 485 720 248
99 595 825 827 850 691 181 886 146 31 744 806 672 538 415 219 630 520 59 697 595 488 852 333 661 6 913 835 679 634 508 889 228 175 478 73 840 896 971 586
429 377 118 132 186 936 633 271 269 331 54 437 126 571 629 254 783 986 737 712 724 279 510 424 384 622 627 590 737 647 28 337 229 566 506 270 97 965 175 848
943 940 248 850 371 408 948 94 20 927 384 34 300 488 474 230 82 892 402 513 125 852 633 911 754 280 200 314 302 971 395 820 3 987 468 539 781 597 450 6
752 198 911 300 407 46 331 352 117 148 523 725 51 133 558 507 3 55 662 536 945 743 258 116 751 524 389 434 512 999 48 846 870 126 566 817 51 392 946 181
8915