40
7
369 538 30 919 440 201 285 864 540 403 975 936 481 308 3 577 829 413 9 751 316 512 945 356 423 20 449 403 729 246 104 154 575 261 85 829 627 639 27 501
379 230 834 689 870 694 909 192 48 404 640 456 594 720 312 201 326 836 119 317 923 432 933 927 784 111 914 479 846 215 906 60 858 770 563 182 811 40 354 172
520 927 188 103 502 98 587 930 336 311 145 735 828 865 443 321 104 981 166 30 649 14 663 490 560 921 801 811 746 448 209 16 802 1000 558 637 269 399 685 862
351 582 672 465 25 918 450 42 662 315 774 854 665 259 836 587 702 905 801 120 208 531 786 43 121 812 321 753 95 668 965 883 903 215 396 603 896 769 575 431
812 114 664 928 25 750 74 764 456 53 565 577 312 397 675 370 70 846 448 750 600 644 796 738 830 492 388 904 861 445 975 235 863 322 528 172 254 33 726 313
263 56 336 789 354 345 716 342 635 724 712 558 606 314 131 34 302 559 14 366 33 59 775 128 461 883 210 152 579 35 661 234 852 658 184 923 313 883 252 403
899 87 301 701 609 536 47 815 774 808 350 671 113 710 702 702 735 961 562 569 476 123 101 433 827 390 607 565 534 25 486 480 570 64 849 986 669 12 460 556
861 165 94 480 983 49 274 840 637 420 62 105 446 96 917 348 782 197 802 927 106 736 454 365 437 747 735 910 763 221 231 324 170 429 35 71 377 968 355 153
9036