40
7
265 326 469 266 791 646 937 750 664 373 352 544 23 481 36 683 685 913 651 620 230 894 768 587 460 301 525 991 197 427 843 47 681 899 94 835 489 872 853 156
829 779 556 366 683 484 828 129 684 358 200 275 933 866 620 43 95 50 683 665 307 468 632 141 281 432 756 354 917 827 561 613 245 448 722 687 270 869 756 223
619 105 120 381 407 249 764 858 482 198 414 58 95 584 814 977 433 79 234 28 50 625 486 538 606 532 513 994 319 342 866 5 538 433 490 700 106 191 184 575
626 702 390 935 251 175 271 166 10 938 924 607 371 237 283 315 977 900 717 509 710 676 709 285 234 662 590 169 667 389 197 242 174 261 343 296 67 930 947 800
684 106 112 691 74 862 71 594 475 417 472 952 333 327 982 942 475 426 132 183 114 479 345 656 707 726 170 309 947 990 336 263 579 201 671 409 704 577 577 290
774 532 397 43 413 467 948 43 765 523 864 831 561 450 179 51 141 645 55 80 186 421 441 53 465 840 830 322 790 427 94 918 51 855 768 50 458 854 750 276
942 482 494 889 243 892 378 280 674 191 240 430 585 938 658 501 532 351 689 421 717 167 7 159 547 543 559 118 648 881 228 792 193 888 15 983 562 421 16 375
915 211 379 944 904 433 529 208 916 730 684 967 968 79 518 896 885 363 585 467 692 714 875 762 884 209 827 168 290 291 334 977 127 510 508 537 564 625 150 490
11558