40
7
887 652 875 561 950 430 174 84 593 304 969 815 28 78 887 367 969 597 392 311 66 468 709 767 359 101 407 584 859 938 746 305 909 522 665 579 990 905 509 213
583 779 966 904 935 913 995 167 364 725 46 454 918 520 798 525 492 55 141 327 810 640 48 538 147 11 329 421 758 7 68 184 825 107 267 661 738 215 820 138
540 466 803 533 498 189 648 730 200 597 69 167 881 406 677 666 387 168 446 98 174 962 846 340 754 164 226 909 569 273 244 853 4 700 519 575 528 299 700 747
659 271 21 142 833 639 379 78 485 865 980 606 618 63 30 945 479 992 352 951 568 368 997 998 905 383 837 771 608 644 504 693 565 997 103 585 210 994 621 917
212 501 920 740 331 40 126 4 69 700 389 920 813 171 360 983 946 364 566 91 421 452 195 99 515 859 788 89 380 230 875 927 941 714 989 805 391 648 264 170
272 211 966 930 887 787 516 178 482 505 657 588 889 301 512 629 62 766 979 767 487 929 711 702 286 201 382 525 374 590 467 684 857 997 8 279 68 790 540 981
436 816 809 852 133 498 143 619 439 496 382 304 248 110 619 720 454 956 31 153 870 204 183 936 260 407 935 832 108 96 614 902 84 360 25 530 825 375 32 49
203 381 885 701 542 424 754 735 454 927 301 251 333 850 390 343 713 344 98 43 217 685 693 752 810 346 708 137 111 700 793 914 903 730 222 327 876 520 729 274
10560