40
7
212 161 816 906 433 416 582 202 497 419 125 43 195 38 380 891 442 691 637 621 651 159 359 756 686 864 248 751 565 299 568 627 90 85 376 672 616 305 949 826
168 781 859 184 907 9 634 700 877 733 120 370 720 107 137 921 417 940 738 641 951 700 24 646 271 664 806 758 788 769 331 435 887 153 412 640 932 696 500 331
494 826 143 656 369 817 948 462 511 978 21 259 533 866 347 24 64 603 564 420 17 395 23 607 835 157 697 315 265 884 39 441 748 170 642 758 715 535 814 114
526 575 277 928 20 625 833 227 789 30 70 34 765 140 530 740 25 60 992 360 979 749 662 861 455 268 562 878 760 651 73 998 648 991 353 459 688 850 225 766
752 148 277 526 701 753 232 371 399 602 323 643 960 643 633 47 702 449 502 372 236 829 246 835 479 323 958 798 981 996 265 811 88 598 129 334 334 362 153 536
352 659 331 701 886 249 338 963 202 82 902 921 386 129 59 450 627 560 441 615 664 42 331 571 816 814 183 965 599 879 512 922 148 269 15 10 15 31 391 202
493 218 574 864 491 75 537 852 707 345 973 643 514 306 15 179 832 78 954 676 26 607 494 460 807 947 122 231 730 514 415 750 914 622 230 101 723 706 898 192
829 421 531 20 46 765 987 367 524 530 123 239 391 836 681 960 844 323 575 456 111 863 904 144 70 43 988 6 593 981 424 927 174 726 32 283 569 827 591 889
10297