40
7
688 272 740 225 889 870 124 697 508 229 794 959 703 213 234 698 531 302 527 610 750 762 838 490 956 6 214 770 606 481 736 823 749 28 578 425 808 483 297 128
35 650 920 332 734 51 634 499 317 480 639 841 458 621 50 627 514 673 224 967 241 205 609 436 912 251 499 482 807 895 548 392 111 276 552 935 494 466 385 694
682 370 463 671 422 753 293 580 57 993 171 364 172 703 318 441 110 74 135 932 685 364 715 461 407 580 573 578 612 806 556 268 869 76 46 97 382 279 609 156
879 277 921 484 616 365 950 905 363 186 264 879 405 831 910 74 896 306 296 321 45 937 773 78 23 852 519 190 775 213 229 791 269 906 707 653 166 512 207 296
365 572 31 755 292 759 573 993 929 180 658 559 312 806 161 378 384 226 650 331 926 223 725 511 408 352 230 411 144 344 128 372 740 724 124 862 92 725 726 623
818 310 15 156 10 131 730 593 564 777 909 119 736 626 104 415 783 887 909 925 64 279 306 731 442 797 569 306 161 149 821 217 415 985 182 291 546 167 321 235
855 666 431 189 870 99 565 855 175 99 509 703 725 965 343 9 426 201 43 598 799 326 218 82 294 875 630 360 508 728 636 45 315 164 835 475 281 167 983 350
959 254 533 984 948 678 772 386 468 607 108 974 901 531 880 425 429 296 596 516 772 342 475 247 98 448 248 264 499 867 679 68 254 578 202 68 989 64 299 902
10304