40
7
390 715 786 352 728 403 245 341 408 696 104 149 308 576 328 100 226 576 457 403 652 136 886 730 500 987 713 261 853 763 764 311 252 437 968 42 821 216 8 511
440 999 363 252 821 816 713 686 906 839 522 796 788 150 376 581 553 240 641 763 554 952 571 549 194 324 878 266 8 799 860 3 736 561 299 146 79 906 78 1
803 457 483 709 25 482 875 222 488 1 972 844 38 392 416 531 887 719 176 346 360 34 158 790 785 412 257 211 699 31 17 252 868 38 419 709 22 129 551 39
399 760 102 279 711 322 987 413 201 788 316 655 743 265 588 707 963 162 696 340 794 124 145 160 289 886 576 41 885 254 907 763 996 799 873 186 938 219 982 897
61 868 535 193 68 375 631 147 716 777 493 133 480 397 487 340 458 756 559 562 66 759 417 175 743 565 602 750 88 900 27 440 657 834 174 783 782 211 409 949
676 361 456 765 427 944 694 616 533 56 387 902 173 166 757 609 14 189 145 782 114 673 776 566 592 443 692 877 741 890 926 113 878 189 29 852 384 151 567 895
168 19 465 6 565 957 525 66 397 86 561 536 976 15 984 251 12 603 445 205 279 827 50 156 394 680 877 37 155 615 426 976 286 974 809 768 136 784 272 850
284 155 182 889 305 246 682 202 727 24 42 198 68 204 491 546 35 46 135 773 87 197 174 930 793 699 356 506 908 809 588 276 715 785 522 750 869 813 8 341
8680