40
7
122 8 975 371 151 244 433 934 324 823 60 303 921 448 22 887 216 965 305 291 579 992 267 152 160 938 20 934 407 606 33 704 444 995 216 844 390 936 848 35
117 513 607 605 416 839 116 83 248 408 275 2 869 31 51 369 702 321 127 562 198 221 425 958 607 429 620 748 642 975 502 782 892 405 213 46 405 806 528 485
53 440 425 434 578 644 751 378 700 227 152 239 795 522 269 811 939 29 895 542 404 508 478 439 362 667 667 676 705 388 349 53 775 500 247 590 515 141 886 847
50 364 753 981 814 643 408 901 409 566 376 329 654 299 2 802 78 256 274 195 670 164 968 256 503 327 245 883 563 106 420 480 59 352 620 941 777 765 748 449
783 766 740 358 904 604 981 274 948 233 336 617 573 730 460 664 339 965 876 38 185 464 439 198 811 531 852 649 46 35 17 974 705 832 601 797 609 823 21 43
941 656 749 456 221 563 210 360 881 918 468 821 64 95 577 586 670 593 685 427 953 525 687 476 679 110 365 584 890 264 736 57 656 666 513 839 518 663 332 608
604 63 260 565 592 835 135 727 768 681 815 373 428 614 92 733 162 16 841 424 392 822 363 104 457 219 432 593 807 909 795 618 356 174 622 153 457 379 116 469
718 739 690 782 300 112 402 854 914 455 734 980 322 215 314 879 949 738 924 429 120 845 401 325 263 976 180 407 484 411 255 955 211 614 324 189 777 941 172 5
10653