40
7
515 318 159 216 10 884 411 595 629 425 602 308 614 493 105 340 570 445 769 261 657 933 271 758 26 70 151 443 31 318 301 177 663 432 470 654 98 635 420 492
817 843 254 98 420 639 104 475 662 233 568 455 501 970 838 895 529 453 338 333 860 426 578 75 683 329 82 100 837 197 546 344 619 647 464 809 24 560 138 301
193 658 783 521 633 695 377 944 96 419 598 584 324 27 383 593 256 305 619 542 920 861 716 379 216 205 866 911 893 54 881 488 990 932 690 765 993 267 69 88
126 313 615 770 253 366 275 864 119 6 134 960 589 477 333 673 666 870 272 495 240 507 653 6 802 454 881 503 868 263 747 140 406 122 57 520 89 121 26 881
429 801 804 824 344 393 946 8 827 76 719 615 831 367 253 72 835 186 83 680 471 147 249 752 354 605 309 919 362 227 459 873 220 484 108 239 654 871 576 553
744 482 404 7 269 428 784 214 852 327 494 640 121 374 665 121 514 981 652 306 577 693 723 845 397 639 207 707 985 337 584 657 911 350 24 596 247 10 926 115
181 264 398 929 111 147 907 360 191 401 248 88 5 410 783 153 49 487 885 115 327 406 78 615 119 351 69 689 868 540 251 593 885 945 570 445 207 346 94 965
232 604 745 366 565 580 267 589 720 77 749 673 229 342 336 903 568 497 658 400 567 683 583 232 595 422 341 652 562 325 339 571 451 665 544 479 156 453 180 395
9648