40
7
851 854 135 564 86 142 196 838 151 324 216 285 496 939 112 813 688 884 458 109 191 357 747 718 579 350 617 448 570 60 476 77 230 669 338 48 506 489 663 998
939 37 405 586 423 867 684 745 915 583 42 154 262 744 144 96 185 465 569 246 250 892 698 20 956 543 474 302 753 441 101 908 159 579 806 606 75 105 475 992
843 44 426 720 861 989 577 111 242 615 209 557 870 413 344 959 804 279 850 304 275 738 776 303 935 648 755 81 764 817 462 455 774 381 346 863 206 142 676 221
94 741 397 153 816 390 892 204 639 732 188 178 360 551 820 495 604 974 953 541 866 810 390 632 874 574 202 298 211 464 965 461 863 870 358 208 518 912 594 79
518 979 781 452 16 762 720 482 654 962 614 105 807 25 579 510 740 221 508 463 425 399 75 740 957 635 121 831 933 535 575 512 939 421 371 509 459 240 188 272
196 147 875 396 56 544 160 845 200 168 90 513 223 467 282 210 109 429 969 737 252 796 494 925 123 628 937 354 409 147 7 433 183 373 539 975 748 514 599 376
954 779 211 173 884 151 706 612 376 286 736 777 888 121 35 632 954 408 582 342 230 123 70 625 488 401 811 807 622 513 110 848 496 480 832 789 37 540 262 883
942 393 263 600 910 591 98 807 123 343 732 591 270 472 381 545 87 316 950 519 6 738 713 937 8 745 48 654 600 232 836 972 880 884 368 917 958 539 752 223
10972