40
7
435 417 776 810 399 925 871 635 802 584 494 23 893 120 569 188 208 269 71 618 718 227 935 380 79 366 362 263 386 164 78 383 28 912 705 356 817 279 79 373
117 832 448 495 660 418 520 518 459 722 623 518 3 167 372 758 381 602 897 612 588 972 384 307 270 962 102 206 379 259 945 391 257 405 204 824 158 422 271 61
731 687 328 9 602 824 832 148 147 768 631 546 142 559 128 607 201 487 327 712 13 411 375 697 14 221 141 118 598 494 759 116 563 75 385 118 553 724 37 353
153 165 802 996 45 659 208 341 435 284 344 347 529 518 417 87 60 340 837 777 498 221 489 651 422 188 248 529 343 711 264 550 676 234 522 397 973 204 655 737
864 103 460 238 591 540 281 788 54 440 365 783 763 97 514 260 961 865 565 51 89 413 135 846 234 825 837 607 840 950 143 731 285 656 378 11 537 179 404 118
35 546 556 458 777 507 778 959 104 147 760 482 415 558 592 76 837 246 86 76 82 158 232 441 927 335 301 106 293 619 940 684 195 482 856 312 260 58 701 677
44 876 576 1 712 175 348 749 907 439 858 587 847 890 958 654 7 61 393 433 91 737 190 57 888 152 453 727 541 305 485 276 109 637 996 949 117 574 689 990
554 42 281 509 423 863 513 612 911 815 379 1000 397 302 871 766 240 722 644 360 148 765 265 254 122 959 893 633 333 560 543 670 992 165 739 918 447 702 987 821
11560