40
7
954 66 59 774 403 112 275 288 778 480 964 880 538 132 694 620 373 482 726 356 437 68 856 802 667 515 161 51 234 479 621 982 348 853 860 372 226 470 49 184
993 707 256 622 622 376 245 12 34 766 404 130 114 225 875 244 83 694 338 151 30 186 426 866 966 403 347 188 740 271 659 201 335 935 31 769 763 283 7 537
940 847 898 683 325 822 187 627 276 245 844 336 47 670 446 314 186 276 312 283 259 971 453 44 644 281 998 651 636 502 993 31 863 198 430 429 282 467 386 348
769 355 233 278 314 275 595 793 538 437 288 309 501 343 885 73 237 71 540 277 260 759 334 972 376 675 406 202 258 492 618 309 868 357 270 934 102 388 686 561
91 700 697 148 376 274 289 126 583 866 704 178 77 577 470 881 732 763 343 363 879 624 925 338 953 75 357 374 689 800 450 849 723 49 700 257 812 299 277 637
266 264 641 317 70 376 305 354 234 960 507 130 480 11 126 924 309 761 413 461 816 383 276 743 715 970 945 956 748 512 737 475 936 395 7 936 803 87 819 809
449 40 269 798 920 938 236 210 586 853 751 300 328 169 206 352 696 613 676 306 455 14 147 702 735 413 437 167 45 978 549 238 830 426 505 254 622 753 199 470
745 590 180 381 671 823 995 377 66 649 8 178 677 40 749 311 352 699 505 436 450 517 72 308 524 432 810 144 260 100 289 298 738 388 848 24 519 537 445 577
8856