40
7
836 261 323 268 633 167 517 86 533 621 83 959 299 105 238 347 578 642 318 814 227 211 50 86 772 566 996 81 158 614 674 983 617 675 392 801 381 643 969 120
399 206 185 535 133 467 646 366 499 628 98 875 108 495 118 716 352 608 407 913 582 731 352 349 44 341 93 979 447 511 673 683 734 640 908 889 696 849 935 267
99 92 992 486 104 811 266 548 625 829 313 793 403 15 113 726 213 927 511 131 642 694 923 394 726 5 69 680 971 344 299 25 813 424 321 717 63 602 581 269
656 786 280 484 788 770 100 530 702 859 791 870 153 593 682 18 622 475 888 229 441 704 266 374 339 476 324 38 519 826 559 188 906 551 624 152 546 247 183 208
236 293 201 800 823 39 648 398 395 846 478 413 136 252 13 316 905 664 198 778 641 877 433 131 186 511 270 699 440 159 924 749 102 178 680 701 29 742 573 569
538 196 650 746 301 340 502 963 819 88 449 454 591 58 788 76 231 295 310 912 420 132 99 306 151 387 804 928 401 345 484 156 353 549 671 152 381 481 670 812
838 945 360 986 800 446 776 248 674 834 881 674 143 586 300 86 432 897 105 871 585 313 571 428 582 78 864 706 599 651 574 975 260 874 545 298 937 436 864 91
369 64 897 510 587 855 14 737 480 946 385 257 915 218 283 284 154 525 820 115 463 761 929 862 459 455 671 264 214 216 766 154 932 599 20 694 475 770 826 284
10115