40
7
67 948 8 107 344 654 991 66 462 524 778 302 354 849 663 111 604 498 700 153 320 346 203 873 304 222 570 252 148 569 664 270 447 995 34 795 417 189 269 806
79 444 505 933 49 921 506 490 115 512 933 294 818 555 134 800 736 832 628 461 614 26 766 845 855 764 262 400 550 484 894 670 105 393 915 631 581 58 319 731
941 896 517 355 684 228 678 195 676 544 861 842 767 856 782 605 657 824 484 684 556 440 423 529 798 734 955 116 263 438 352 787 802 518 124 251 576 796 451 42
877 849 810 76 549 184 168 217 433 219 804 869 326 527 897 58 99 799 846 487 879 574 92 813 668 958 869 328 84 864 598 265 128 347 550 342 851 886 661 442
672 741 360 277 283 826 515 567 273 470 927 296 919 658 352 883 346 813 617 841 727 576 780 390 508 688 499 978 950 513 151 904 783 949 385 769 645 940 741 89
754 3 345 357 161 769 756 990 875 667 67 330 992 614 960 26 11 168 761 963 628 901 784 874 236 458 615 17 554 498 540 973 433 743 683 349 980 365 717 183
247 647 9 498 496 330 753 342 975 829 978 681 992 12 381 763 482 669 221 404 546 493 164 571 459 937 64 65 293 974 986 833 66 586 233 327 917 897 405 478
48 453 739 993 384 201 607 707 1 942 67 385 930 197 525 35 328 75 510 202 380 747 262 779 719 254 104 587 486 911 622 597 528 558 321 130 17 124 234 225
8457