40
7
986 878 818 302 303 942 784 466 607 325 367 584 582 49 293 59 682 975 831 361 124 93 879 530 600 918 430 548 967 678 58 972 356 330 810 842 962 189 500 893
921 968 34 168 230 382 140 483 254 658 889 193 786 32 311 666 420 792 177 871 811 104 372 40 605 166 501 995 956 460 972 756 666 170 695 492 55 376 143 939
139 112 364 510 939 136 798 734 344 139 336 731 957 463 272 336 249 142 842 811 839 830 830 768 850 768 232 896 629 572 214 343 972 987 441 673 427 912 305 770
495 997 489 139 152 450 910 660 160 560 336 587 331 449 648 210 480 405 142 828 706 209 467 278 281 780 9 855 377 205 149 813 143 131 106 23 255 34 248 145
975 584 637 178 740 607 944 15 243 114 333 443 392 738 670 86 769 57 314 782 180 440 361 924 441 531 694 616 866 17 81 878 447 966 19 662 968 596 336 947
758 281 530 841 971 160 873 345 883 421 56 746 624 937 626 342 636 127 909 565 372 518 187 355 368 108 791 697 469 25 748 12 511 145 85 190 296 673 822 959
2 257 894 289 620 761 881 134 83 739 294 611 796 818 694 997 567 990 706 301 568 143 571 22 771 577 625 605 161 807 626 942 531 262 469 910 526 855 706 899
980 484 600 556 262 335 316 491 42 720 891 695 203 889 243 247 163 361 68 57 691 917 97 365 100 629 100 669 871 143 49 955 641 278 634 563 409 8 222 562
8753