40
7
22 82 822 170 231 226 916 20 69 739 900 32 525 857 471 607 401 672 303 780 302 254 757 204 563 456 690 833 563 481 701 828 758 153 916 954 42 533 666 313
635 492 972 66 498 375 561 354 571 8 41 836 604 675 929 499 445 650 857 706 8 766 150 354 210 869 27 538 293 850 671 936 678 472 347 805 651 753 210 55
568 746 849 708 51 64 959 831 866 686 749 62 127 222 159 94 603 293 770 353 644 56 167 750 771 642 467 760 1000 118 939 560 899 380 659 340 198 194 535 244
149 263 470 286 785 648 475 575 489 73 561 75 864 442 700 769 394 1000 259 102 538 274 914 817 63 571 420 65 638 132 100 466 126 768 520 204 686 893 130 621
210 792 41 29 173 999 305 174 365 290 629 488 246 845 129 411 45 260 563 569 251 998 175 897 904 81 808 896 300 318 384 648 990 917 761 22 381 20 520 520
566 948 166 961 206 413 643 603 863 291 33 303 848 909 152 814 724 511 598 119 812 68 495 111 474 492 775 141 801 891 425 615 108 795 29 191 702 26 648 200
952 583 813 24 98 356 340 7 255 13 285 294 539 935 581 513 297 661 954 702 708 390 560 339 244 769 876 813 433 404 481 933 349 47 668 112 201 299 135 479
526 457 206 887 213 948 77 649 864 522 198 235 55 39 717 908 495 644 822 986 767 725 246 492 841 937 726 781 521 15 296 710 23 758 712 516 419 846 635 167
10791