40
7
368 238 4 181 110 361 380 162 105 780 591 561 715 865 500 78 524 569 176 769 430 224 465 751 137 890 105 321 644 785 933 641 841 637 572 629 228 225 505 184
570 76 280 760 609 392 461 216 744 661 825 116 790 799 387 78 720 621 541 96 564 77 600 806 20 979 21 473 476 213 276 73 624 295 266 163 167 469 737 141
722 537 435 879 740 174 243 739 563 841 511 527 344 159 188 536 560 745 258 711 691 673 860 243 753 468 720 586 862 385 956 814 55 26 192 72 59 785 478 646
706 134 167 478 909 935 439 732 380 237 44 759 884 763 632 201 251 948 61 167 235 900 372 905 56 646 999 228 833 309 655 633 144 768 814 451 229 989 93 306
186 667 881 985 647 96 670 664 235 939 810 190 88 925 163 131 915 677 799 974 813 707 248 690 673 223 977 311 50 440 632 223 523 734 98 58 171 38 138 646
417 116 920 277 155 814 824 652 754 865 419 880 155 594 160 216 105 368 657 1 798 489 761 140 258 567 402 512 865 412 905 971 77 454 316 402 772 734 97 688
181 852 738 179 158 132 528 4 808 379 252 188 111 802 745 228 135 755 509 740 380 148 792 961 868 749 877 681 639 120 887 192 574 22 972 140 207 807 656 278
669 852 672 556 675 782 279 782 178 799 104 119 788 380 272 535 251 465 501 31 185 16 654 697 864 574 49 292 822 239 394 557 845 1000 844 276 205 914 541 132
9895