40
7
93 49 413 873 985 372 655 379 201 603 410 668 893 692 538 185 896 988 904 954 78 181 326 620 836 399 405 820 516 968 408 576 371 404 667 860 3 3 145 718
326 250 476 823 490 320 500 565 834 844 349 168 13 955 39 878 495 339 569 247 857 6 874 178 736 32 874 627 705 826 855 917 240 460 529 439 290 253 573 72
666 802 777 684 288 618 635 140 11 80 744 542 333 907 978 337 467 9 814 905 153 732 600 677 491 308 130 778 330 448 279 64 81 763 55 849 973 983 843 573
358 658 423 948 642 234 594 279 528 239 268 731 289 74 72 97 132 625 178 245 441 481 832 259 634 954 253 864 982 457 545 865 808 355 232 742 494 686 946 745
405 822 82 661 892 599 649 909 632 500 839 896 537 86 934 986 906 603 585 119 587 966 676 156 758 793 921 114 591 643 314 403 971 966 634 714 885 725 320 932
70 649 459 563 826 690 539 736 627 902 824 909 230 71 580 719 815 375 487 15 846 481 383 324 631 860 616 589 788 398 359 946 180 372 770 964 381 57 194 881
534 565 190 636 874 661 747 754 15 16 737 533 905 743 608 72 982 665 462 354 321 476 282 983 564 873 604 696 927 359 85 450 132 379 459 605 806 168 32 689
429 967 497 659 676 306 421 273 481 467 68 523 964 411 261 850 618 951 707 119 661 782 457 932 195 152 783 457 690 230 852 482 614 692 227 785 955 214 385 827
11010