40
7
46 807 193 987 875 994 384 54 87 90 587 113 872 491 256 43 916 148 895 52 89 216 193 200 948 406 238 11 33 896 234 254 560 181 360 105 353 604 641 16
773 312 980 763 780 868 416 670 968 627 315 776 199 864 58 371 140 622 611 956 511 109 331 197 282 62 627 634 277 638 772 110 821 959 621 715 235 453 144 953
945 239 743 263 720 889 949 556 178 407 509 862 880 251 472 90 305 320 483 858 607 930 816 668 495 858 444 438 964 667 23 508 659 657 365 285 790 166 791 385
983 901 705 698 761 381 71 860 522 440 183 322 576 864 110 778 851 982 847 637 155 413 317 73 98 826 761 520 939 313 113 31 107 81 90 394 127 845 145 658
580 524 448 117 626 558 335 25 935 208 987 286 377 313 509 974 578 730 825 664 493 642 143 350 231 724 223 854 167 438 840 905 624 118 66 677 743 961 200 945
922 776 321 649 848 567 601 147 421 852 368 183 254 578 824 809 846 920 448 472 289 323 739 861 998 320 391 173 253 245 272 22 6 8 617 566 472 612 297 214
680 110 306 734 304 296 229 70 918 925 295 74 889 585 343 228 197 296 27 20 177 706 340 415 379 446 759 445 715 336 536 28 233 411 768 550 782 911 492 76
802 829 918 47 878 831 113 880 257 780 711 688 966 949 88 841 972 85 683 167 25 951 131 954 461 996 823 209 331 765 848 374 79 259 987 111 901 8 831 470
11500