40
7
476 551 537 899 492 953 907 474 841 282 985 767 821 159 388 82 528 642 985 425 740 517 880 435 527 593 364 285 931 991 856 20 905 491 550 103 442 76 601 940
799 699 412 743 962 670 834 152 583 931 905 173 978 580 955 164 655 935 937 85 680 294 876 67 579 13 630 586 135 477 14 859 341 512 943 360 86 988 580 359
392 532 594 88 488 639 910 50 790 632 117 303 837 956 382 494 80 18 797 808 909 119 819 953 297 664 389 447 771 362 171 763 739 199 483 177 321 895 605 231
393 10 426 829 216 345 538 102 783 692 285 424 173 171 612 223 412 989 667 149 760 629 842 640 117 962 411 229 563 641 360 576 333 22 603 298 332 809 644 519
677 487 741 605 481 918 489 644 357 319 823 590 580 995 905 487 3 268 724 334 393 951 361 386 373 989 497 735 101 828 279 171 314 899 561 660 414 285 150 687
265 696 767 266 717 719 280 407 252 212 797 126 522 912 64 804 144 433 822 147 563 91 183 921 869 906 355 584 183 131 166 310 743 316 986 236 953 187 939 433
304 941 807 200 795 305 900 359 998 948 34 473 835 694 984 121 803 650 524 668 858 181 72 188 111 149 446 480 74 312 400 109 127 266 948 960 748 343 266 80
160 201 186 24 783 672 301 652 482 995 708 505 579 448 73 942 687 251 65 185 664 843 115 524 826 664 684 690 78 360 572 235 68 64 827 174 837 564 973 888
9775