40
7
982 274 32 512 944 943 841 544 774 443 546 63 766 771 951 731 925 377 804 200 213 991 650 903 324 969 645 189 998 960 770 525 378 712 28 382 647 690 248 324
960 650 296 461 292 355 686 791 612 187 98 446 919 358 612 520 455 675 155 766 498 423 763 736 505 85 665 231 368 368 391 456 845 438 410 25 438 265 964 797
488 459 31 640 519 228 371 711 84 986 943 922 821 674 388 459 68 631 345 347 813 360 932 719 92 563 770 230 830 600 388 43 451 269 898 600 662 489 962 671
138 295 593 621 166 943 57 145 105 898 205 678 778 263 452 631 51 170 243 939 17 317 423 869 805 611 766 826 497 394 76 945 734 220 939 849 265 404 441 876
406 374 31 644 118 436 471 901 959 259 617 566 908 354 121 857 680 12 271 519 809 78 235 417 126 730 101 284 703 140 33 147 473 293 964 572 667 773 381 660
813 354 612 387 649 667 887 164 58 849 67 101 537 768 622 610 305 501 250 622 232 531 821 421 18 37 553 802 980 578 400 790 315 382 623 539 180 295 547 458
148 244 631 379 22 667 234 748 951 169 782 478 466 337 861 213 688 730 944 508 123 930 620 638 3 598 17 933 584 568 476 317 412 100 428 716 339 330 371 33
275 502 266 737 242 947 429 729 657 336 232 568 934 51 383 386 54 858 222 124 617 274 726 871 562 467 85 43 345 161 275 639 840 28 200 764 767 191 599 831
9109