40
7
300 969 589 875 48 20 995 506 583 958 257 908 20 582 134 58 915 33 146 67 384 169 698 423 325 350 744 885 171 195 429 454 730 690 497 410 214 112 92 740
635 739 320 976 162 121 645 233 688 593 661 257 616 897 607 412 211 243 720 441 155 230 922 673 299 456 451 400 353 381 770 846 243 166 147 221 711 301 410 281
627 357 313 875 354 129 820 869 348 366 683 109 722 639 741 703 886 610 651 980 973 126 404 854 81 797 939 130 218 405 973 214 101 885 857 432 441 290 314 749
138 845 974 335 688 381 943 54 785 426 698 41 455 603 210 791 161 855 233 265 17 583 306 43 525 507 377 662 941 658 212 47 384 424 585 467 678 203 986 90
635 406 322 300 692 754 643 829 660 972 211 688 27 867 277 295 525 297 732 327 678 896 247 550 80 655 478 173 314 681 380 902 570 300 410 973 359 802 551 968
21 350 202 589 976 897 160 271 743 220 117 638 568 472 146 269 229 816 981 816 577 816 305 753 403 99 481 396 841 166 270 611 637 231 394 529 839 80 698 22
368 463 997 213 768 409 414 24 836 112 186 721 814 903 979 262 831 405 54 159 50 291 396 34 406 976 828 201 100 675 93 15 135 298 879 3 221 958 701 578
38 876 888 369 665 334 571 754 45 649 157 985 168 19 926 209 26 114 365 197 76 992 40 686 849 470 339 807 97 862 929 305 450 47 779 712 173 39 776 325
9054