40
7
316 4 710 467 680 463 785 687 767 672 866 947 736 722 328 724 110 575 738 273 814 827 417 297 811 14 394 629 271 947 876 278 80 690 724 794 254 171 379 116
767 755 761 276 162 471 848 742 498 328 788 929 605 520 1000 165 68 541 497 29 704 608 27 500 288 96 253 603 322 7 727 878 479 749 770 492 77 979 868 572
739 894 503 24 786 594 550 282 785 959 419 73 567 837 545 479 766 955 504 2 577 66 795 652 445 251 331 478 303 808 724 268 172 508 859 772 221 492 63 330
733 910 655 177 670 151 726 964 337 533 441 118 676 810 822 794 699 873 83 845 105 54 353 586 290 534 6 548 393 574 951 793 304 334 225 886 823 70 437 445
910 6 580 295 41 933 205 774 702 279 400 100 495 606 67 344 936 135 287 984 373 891 654 876 194 606 413 529 270 246 730 429 326 982 46 257 112 264 8 407
26 718 864 598 423 763 625 644 434 481 669 495 477 372 852 956 965 558 123 835 208 641 520 692 111 400 151 726 487 251 446 64 28 740 868 715 478 718 200 126
696 886 245 276 364 587 208 979 948 328 341 888 925 481 959 267 898 698 150 134 271 668 898 342 597 267 507 567 253 758 193 44 899 905 914 190 859 152 692 378
255 341 176 174 657 37 535 975 796 276 572 694 4 854 239 293 44 608 964 244 185 46 606 373 169 425 19 315 444 489 313 252 235 460 363 473 863 87 435 756
8023