40
7
985 972 771 101 603 6 5 989 392 539 939 75 496 387 49 298 148 151 496 573 256 365 625 438 747 868 392 836 818 668 902 990 282 531 259 226 438 283 641 499
23 674 3 350 634 36 357 209 577 250 711 224 515 12 150 295 637 239 965 188 190 647 705 647 742 564 604 943 506 166 672 667 746 861 243 164 265 795 322 802
200 66 205 807 679 980 487 239 314 26 240 643 841 136 678 731 100 418 749 881 205 490 534 288 729 662 946 602 489 217 673 663 408 443 930 523 301 601 181 213
415 478 977 796 732 218 339 327 816 400 47 560 310 150 999 381 651 910 626 989 750 254 351 331 764 937 894 264 329 363 238 856 335 103 227 457 526 234 916 633
610 30 480 140 289 636 582 185 620 869 532 948 757 168 47 853 568 310 629 467 624 734 427 209 905 775 843 629 124 633 709 573 338 555 840 341 620 542 407 493
988 486 429 335 999 164 561 696 145 540 226 668 503 410 258 353 684 645 249 657 591 233 438 29 192 376 996 994 147 751 730 542 519 935 125 254 386 859 253 389
18 136 234 882 661 512 959 138 656 495 317 118 222 51 361 32 931 794 418 190 398 584 808 582 7 398 634 226 199 768 970 668 938 200 374 202 855 675 291 896
963 860 322 575 937 786 436 669 277 192 73 162 892 177 952 760 971 382 225 149 315 645 850 721 872 242 608 345 739 691 119 471 513 227 704 743 917 565 94 336
10739