40
7
163 535 454 145 497 447 289 490 953 514 862 580 694 93 594 79 507 195 492 154 992 400 792 898 636 543 997 270 856 435 45 354 322 64 358 469 603 980 850 782
853 280 597 538 576 556 449 463 988 572 490 55 633 691 20 914 712 162 614 940 267 942 19 455 350 492 729 125 294 174 872 996 282 545 468 610 196 203 969 528
729 214 268 740 28 764 697 746 110 910 697 495 533 882 684 995 448 90 828 256 470 707 135 328 153 283 463 797 442 141 910 594 944 568 735 860 470 361 926 44
66 15 352 799 351 901 541 367 459 950 827 18 356 253 774 254 337 881 869 993 395 93 704 80 294 658 751 125 637 753 486 490 189 451 757 52 34 189 722 874
313 706 337 786 867 808 613 244 229 511 85 755 205 81 238 495 686 484 803 530 592 819 218 345 210 671 7 152 286 830 284 497 563 539 63 808 258 117 18 96
547 972 68 743 384 91 50 474 955 512 269 748 381 457 531 411 80 44 103 82 720 380 353 574 152 450 479 348 528 220 859 614 835 885 522 472 141 418 551 461
915 556 703 707 682 946 780 164 368 740 294 656 691 368 607 382 125 311 466 169 493 659 765 189 339 610 66 631 19 843 542 45 82 721 118 559 912 591 260 164
555 699 675 20 3 747 938 622 13 752 542 993 621 478 15 902 662 581 297 996 813 821 39 609 19 294 48 251 101 917 541 469 992 110 734 603 985 332 546 407
10371