40
7
327 228 864 35 128 390 573 427 55 414 612 905 237 831 48 765 812 318 314 751 578 870 13 603 490 463 562 550 486 655 184 233 983 542 665 962 281 655 997 944
38 532 528 468 605 808 16 218 229 38 403 296 529 72 765 161 622 179 898 547 242 786 953 193 570 650 66 159 341 799 271 683 370 968 8 702 167 914 632 480
201 54 785 919 969 62 504 214 228 81 985 893 478 696 111 189 961 254 894 331 904 556 885 800 973 410 662 719 861 27 50 489 339 643 254 910 166 819 291 606
958 509 329 939 324 424 261 56 979 235 55 748 602 276 754 955 798 968 972 406 199 864 151 227 181 458 253 485 37 545 821 87 390 287 578 218 740 573 21 471
932 670 761 420 888 395 429 950 597 137 109 646 178 310 315 359 606 902 613 576 25 305 168 605 591 450 330 439 442 315 888 614 822 901 332 874 887 954 241 179
792 585 771 301 422 337 741 689 750 61 336 928 524 72 29 923 702 431 870 347 866 233 583 993 223 189 127 949 724 314 309 378 600 503 627 684 248 285 871 146
960 149 675 954 895 817 344 584 975 132 348 41 124 123 848 251 332 355 555 672 246 629 417 526 647 777 300 971 959 977 600 820 132 201 309 76 576 944 765 844
223 331 874 11 111 728 533 729 136 245 643 948 68 991 341 739 781 50 209 368 552 717 58 941 370 88 745 312 324 59 540 32 766 902 590 384 673 173 560 126
8986