40
7
650 376 720 738 539 208 281 858 619 506 227 631 391 338 877 174 710 150 921 865 191 197 932 756 37 564 743 984 80 925 996 192 72 152 677 602 295 837 784 657
544 445 873 752 2 331 362 781 225 432 328 331 569 552 405 575 852 241 264 337 441 371 603 894 125 7 63 345 572 700 356 149 313 320 647 597 423 23 750 506
686 828 422 93 592 195 208 390 102 796 193 588 565 639 572 558 348 722 99 270 338 527 423 743 843 466 520 821 82 165 750 972 8 486 520 878 758 426 662 620
126 678 910 131 274 814 175 990 864 931 977 86 51 514 336 3 498 402 322 323 504 224 257 91 264 622 152 983 265 176 952 168 650 759 951 790 317 741 502 555
499 100 965 214 408 56 170 690 102 760 366 822 913 100 890 264 114 569 700 865 387 460 201 306 603 538 792 268 625 361 364 185 996 388 95 372 9 831 908 866
418 348 57 767 857 139 633 100 647 768 831 713 27 993 547 82 99 307 920 814 473 517 259 391 248 630 693 800 192 906 482 562 14 44 824 878 565 806 466 533
448 31 321 247 273 569 630 928 822 916 960 588 971 199 349 799 845 854 879 7 531 759 771 955 546 703 392 806 53 645 343 202 249 340 94 805 180 848 380 572
871 371 709 688 359 475 316 290 593 915 850 923 889 457 451 698 900 249 875 379 94 783 166 278 949 394 554 240 482 761 778 898 538 750 336 436 669 172 248 609
11197