40
7
114 218 707 382 439 433 12 571 243 167 731 52 347 857 869 185 611 714 19 414 565 823 739 844 116 506 641 711 769 864 832 621 495 116 810 232 113 332 962 980
349 798 698 780 135 986 235 917 130 153 31 9 905 872 552 89 932 293 282 784 696 521 359 805 310 507 530 333 488 427 210 671 915 462 601 173 446 773 78 667
390 930 929 557 765 808 138 234 779 21 175 547 446 740 297 879 754 890 855 891 553 791 183 658 770 699 408 807 552 171 847 882 496 419 495 29 113 548 188 581
893 170 661 461 528 844 158 887 77 784 202 694 971 311 939 539 937 253 626 155 995 269 981 412 915 976 261 476 64 312 250 257 38 426 405 726 147 593 321 554
145 805 468 384 586 157 320 118 804 855 457 99 63 203 461 807 165 494 987 705 734 983 450 436 822 285 929 173 338 41 501 120 646 528 115 510 944 935 488 92
693 766 647 638 113 164 788 444 159 536 129 242 366 687 876 161 712 996 196 465 171 259 61 774 639 82 518 416 461 729 164 99 888 202 946 362 915 469 633 327
26 962 588 11 367 589 543 496 568 823 405 997 74 118 27 693 348 307 609 539 355 434 792 286 919 198 593 490 339 363 67 908 609 757 705 163 264 426 380 114
125 515 632 693 382 718 846 974 455 217 973 525 392 517 527 639 958 333 871 385 449 574 52 884 472 734 859 237 790 157 655 499 45 976 960 682 225 869 547 48
11196