40
7
767 980 573 779 872 620 840 621 922 867 277 494 914 67 262 670 325 447 974 428 215 505 129 342 302 349 394 554 947 105 105 273 672 245 518 45 630 939 233 351
178 151 800 886 678 594 830 545 353 703 537 152 588 308 818 730 341 115 592 831 642 929 739 611 963 358 278 97 208 848 847 619 105 494 954 293 110 353 604 962
363 70 396 225 535 649 68 770 264 324 178 346 594 946 958 200 789 861 269 825 488 440 594 945 835 261 959 395 933 168 727 751 326 290 928 419 793 291 981 175
325 732 893 175 342 373 971 755 678 472 43 684 671 596 902 757 711 4 640 144 695 493 229 630 996 589 856 576 827 582 412 1 869 137 375 400 203 833 794 938
209 482 162 756 516 263 217 488 920 13 523 211 735 192 841 21 10 348 471 578 906 351 62 305 800 218 94 429 135 190 854 180 361 304 80 834 212 577 156 992
928 906 391 680 802 415 926 691 306 329 222 475 492 998 747 598 995 37 178 132 199 167 99 435 987 819 584 266 904 611 102 445 896 115 671 668 903 902 29 90
24 309 738 663 90 427 380 955 288 6 709 552 91 559 579 640 792 13 982 904 94 116 924 874 872 158 700 32 815 777 889 964 838 609 502 117 702 380 194 152
220 68 893 122 917 586 711 760 129 161 80 207 108 859 184 594 42 753 874 623 718 143 70 145 364 425 345 265 132 532 612 822 263 709 94 207 756 940 273 95
8401