40
7
636 692 433 245 4 14 459 928 461 489 784 422 204 911 686 756 64 338 211 3 325 493 511 180 763 408 951 227 288 1 428 968 187 588 13 495 510 460 824 498
670 412 673 771 829 674 518 368 769 558 342 177 251 225 649 510 308 825 118 210 549 823 249 546 473 558 61 964 411 506 391 150 579 270 225 184 516 690 294 904
370 294 288 961 882 597 892 35 92 253 950 117 587 907 346 672 59 986 953 258 172 629 51 696 702 89 71 527 906 595 941 916 253 615 52 488 609 907 844 379
66 524 386 427 391 545 737 850 900 728 445 508 175 803 770 256 321 768 590 772 311 465 518 275 671 801 811 539 708 772 139 256 731 62 998 424 487 250 553 890
786 480 587 923 934 457 526 70 4 143 105 795 639 958 580 205 644 703 558 914 256 410 394 224 249 876 169 403 261 758 384 594 901 727 851 282 856 969 551 943
915 114 547 127 30 192 199 123 756 493 131 188 203 250 450 44 925 446 907 16 819 209 934 390 405 53 96 289 830 123 931 993 55 558 388 5 553 662 510 953
739 861 14 853 33 352 504 736 112 68 777 241 402 318 456 827 974 555 2 433 844 831 528 902 876 384 442 378 889 45 208 74 643 176 397 946 875 368 705 712
741 349 210 734 898 70 624 118 137 545 580 39 469 63 10 873 394 286 311 307 75 155 28 374 967 33 556 643 532 839 375 813 313 70 500 298 309 190 667 374
7935