40
7
469 808 49 783 450 232 488 183 231 774 567 514 911 993 969 956 485 160 477 608 838 921 740 195 739 765 847 514 308 117 749 318 616 305 807 706 447 692 644 679
218 148 264 107 309 236 914 690 760 689 574 595 165 287 360 91 185 821 852 744 100 186 389 77 335 863 66 546 298 849 874 883 125 400 906 137 884 292 908 238
625 227 238 909 625 277 339 727 103 583 834 329 501 163 66 865 579 325 123 838 604 596 335 435 523 647 818 615 495 731 477 626 551 42 366 389 50 798 607 938
439 555 376 417 95 574 837 173 569 999 919 350 118 565 559 297 215 653 224 195 861 250 571 627 453 620 116 410 409 196 535 665 62 932 138 990 947 26 884 559
472 461 50 402 217 483 76 888 342 954 883 450 128 39 862 947 30 115 823 722 256 657 596 951 413 158 907 555 768 661 4 1000 613 957 932 916 218 316 671 141
988 309 747 31 661 12 813 746 717 526 266 509 551 641 452 811 736 704 84 757 635 352 869 833 818 228 128 880 316 398 449 738 838 946 915 248 214 192 927 217
21 338 41 811 98 442 928 299 511 852 916 863 327 139 646 677 49 464 855 439 412 34 511 421 868 656 302 79 878 705 20 720 47 202 646 160 541 664 826 709
978 738 748 689 387 853 756 779 213 543 278 190 209 579 458 538 155 627 801 123 593 573 952 305 174 28 965 678 584 533 333 549 849 171 152 913 738 972 889 270
10932