40
7
821 226 843 323 923 785 688 45 838 880 838 129 311 507 696 57 79 741 519 483 706 212 469 409 593 259 764 76 851 670 341 949 928 882 19 719 926 954 643 820
725 14 765 360 282 432 957 265 64 791 12 833 197 133 513 645 357 823 963 145 260 108 757 965 726 511 500 97 725 733 163 708 66 203 942 506 109 542 101 792
250 21 790 574 620 785 346 47 357 617 161 120 377 343 589 764 73 544 617 725 859 178 655 91 339 41 120 65 945 432 9 294 692 752 218 834 490 889 153 614
853 485 108 690 638 650 825 959 741 882 433 982 283 361 221 524 366 545 101 557 266 437 901 163 715 777 390 182 66 631 393 526 212 886 122 866 290 338 458 194
154 982 286 775 181 414 592 1000 728 946 203 648 953 284 311 815 954 879 768 447 608 273 51 347 78 883 754 831 642 621 669 398 587 730 869 127 774 192 148 984
829 789 181 405 882 229 854 236 318 337 485 555 609 155 861 996 335 495 387 177 630 232 347 789 257 680 815 706 311 603 449 19 70 681 453 28 850 240 199 773
753 501 241 842 229 725 347 991 684 205 537 59 416 506 112 944 908 432 781 205 82 995 744 583 549 764 465 612 555 936 962 203 206 415 241 760 184 653 802 63
442 337 496 54 112 583 82 686 977 720 924 755 142 747 513 105 707 352 741 586 188 915 451 748 698 99 722 15 487 755 953 181 430 843 146 379 533 575 321 901
10201