40
7
681 462 653 675 408 179 269 387 444 216 736 517 85 857 424 24 667 117 225 955 272 281 651 619 209 724 500 440 732 925 514 670 850 960 753 154 243 292 580 354
253 102 799 401 381 193 85 397 853 237 368 704 301 363 393 852 32 945 116 922 547 623 794 571 795 265 245 4 506 303 730 66 139 700 395 233 243 147 361 249
646 189 430 999 556 899 739 102 510 653 625 801 966 28 61 230 648 795 233 413 574 594 995 382 741 768 239 210 431 185 28 294 252 245 177 766 869 188 410 828
314 473 138 226 74 413 856 894 698 375 763 169 376 837 31 867 910 401 445 301 942 966 40 415 256 839 114 350 181 110 61 528 913 182 826 798 245 938 161 409
15 263 594 913 487 633 95 481 416 402 968 751 148 36 577 621 269 967 774 77 953 200 339 140 856 726 938 613 80 494 195 755 693 670 602 866 295 908 425 29
271 750 590 728 824 227 549 920 592 176 638 951 275 771 974 51 81 282 590 569 692 323 627 403 600 697 886 61 347 843 660 15 950 363 568 769 11 15 25 101
313 378 289 678 13 528 601 39 839 546 122 907 135 32 720 104 677 604 898 996 6 543 248 697 697 354 22 741 322 744 208 626 129 390 582 265 950 631 687 499
972 791 772 980 700 775 729 258 531 938 975 229 569 645 38 937 314 23 473 789 603 820 89 457 577 73 288 891 113 122 188 132 367 844 934 740 923 814 756 428
11299