40
7
504 421 466 31 573 144 100 968 1000 296 697 902 180 608 22 551 797 905 680 603 385 816 168 459 679 207 224 190 676 999 749 245 216 820 870 798 830 288 305 126
555 113 957 570 221 793 867 248 527 92 977 71 44 692 694 741 235 335 623 56 172 282 156 678 853 443 264 369 371 439 248 771 311 348 774 179 131 626 199 40
635 457 964 613 324 889 921 349 390 39 36 807 51 586 858 212 860 513 602 207 160 959 665 610 340 613 650 863 977 76 918 419 546 159 675 766 509 217 604 924
419 674 384 912 422 838 350 174 611 291 521 381 14 992 618 389 906 821 502 7 878 639 644 604 508 656 945 219 412 763 704 5 904 144 981 415 363 971 52 963
9 300 434 260 552 61 286 650 450 321 250 187 19 565 53 85 984 726 945 325 273 744 532 321 805 503 752 850 223 604 520 815 352 443 593 110 451 5 74 96
992 732 830 287 189 897 796 249 948 792 643 960 210 175 376 501 212 272 103 433 492 634 728 701 632 559 538 263 90 650 686 429 464 570 269 644 565 793 899 336
170 579 697 493 453 299 582 282 872 778 217 70 77 272 982 250 415 333 297 58 45 40 646 994 531 795 838 477 876 546 849 601 241 736 483 997 80 367 775 360
187 948 241 415 692 653 544 244 326 519 120 504 810 848 295 901 688 550 736 509 854 757 977 28 97 927 92 120 143 821 675 376 134 343 682 207 641 11 889 40
9772