40
7
248 582 6 243 736 39 481 397 877 804 966 531 184 379 689 87 473 190 127 505 743 318 630 419 447 648 949 37 294 457 297 875 147 444 11 751 68 25 417 654
384 796 510 311 417 542 113 243 53 696 397 371 67 335 448 268 32 369 611 186 145 817 776 74 850 562 118 37 785 484 427 938 753 411 196 265 974 120 41 875
797 996 970 714 380 19 465 751 249 55 335 732 785 437 321 9 223 385 936 415 782 40 612 285 100 506 556 646 907 514 158 933 164 516 807 656 246 108 537 983
708 578 275 928 696 38 376 926 981 456 858 290 980 771 268 34 251 49 237 198 886 913 306 876 69 266 515 914 914 911 766 466 517 947 39 352 668 54 123 807
859 940 632 7 508 449 649 959 522 721 36 380 437 520 647 741 739 150 354 187 371 731 828 29 414 22 473 566 434 522 931 451 838 18 931 221 754 519 957 395
830 559 494 504 568 536 828 979 579 715 528 773 446 866 783 404 269 197 859 794 473 313 293 854 232 934 848 697 545 533 799 811 667 448 109 652 61 907 757 207
945 386 127 222 114 489 25 287 862 99 685 266 190 352 362 675 1 646 852 418 342 540 235 573 699 711 609 497 269 355 699 706 693 385 380 561 226 898 838 951
616 837 434 639 696 783 276 232 873 749 886 294 617 706 554 99 524 16 983 249 265 750 545 782 253 70 356 706 410 372 921 453 329 645 717 437 616 983 798 16
10744