40
7
202 240 36 707 257 335 224 441 410 365 832 919 794 963 658 297 631 819 849 302 917 660 388 311 562 708 626 433 783 832 632 822 687 895 145 689 758 457 852 784
245 158 230 239 411 302 88 137 22 530 373 204 537 137 799 486 394 668 196 198 812 870 337 374 913 927 14 229 450 492 213 581 813 642 884 522 130 409 180 618
437 397 130 449 528 256 387 272 455 525 760 913 435 217 958 599 936 167 23 949 976 193 660 951 947 872 348 463 422 313 300 167 998 375 500 303 626 367 909 68
949 361 610 84 301 634 399 953 20 67 883 205 99 467 607 354 735 587 247 150 186 718 871 210 194 202 927 731 54 880 146 576 567 544 376 796 259 582 33 328
199 519 639 874 337 780 366 336 539 549 63 101 752 521 560 715 962 331 428 18 626 558 588 897 862 323 817 742 89 459 207 534 602 444 532 533 601 614 710 381
359 790 132 973 747 733 753 16 946 779 404 294 52 621 157 270 611 690 499 102 296 196 487 606 859 251 73 202 47 308 373 340 679 469 629 991 961 204 370 725
708 418 398 959 613 272 561 100 742 870 448 183 372 610 509 651 491 20 682 498 504 327 705 765 723 113 46 952 710 7 721 131 343 851 38 616 222 191 954 456
188 69 912 754 39 600 478 342 547 279 58 471 496 684 97 284 37 845 855 185 504 971 875 933 934 221 687 807 83 460 940 941 605 414 884 704 847 154 824 468
10738