40
7
391 807 330 888 753 440 58 534 963 786 770 953 933 702 636 963 829 890 798 15 630 612 955 110 209 136 948 892 661 935 681 699 165 515 328 687 289 94 634 81
311 400 9 977 922 931 542 908 114 397 555 367 579 246 614 293 802 293 951 761 789 506 436 302 844 390 30 302 868 946 728 912 134 248 342 863 560 808 887 5
207 367 498 935 944 471 187 579 548 306 948 610 246 940 457 969 506 667 592 708 559 683 612 201 238 410 862 59 832 528 493 502 431 837 471 852 981 99 391 104
850 841 990 403 203 768 651 831 661 535 976 401 531 149 370 676 394 779 250 533 30 967 550 833 442 896 639 298 712 330 43 828 399 982 245 929 519 461 74 496
223 738 524 675 546 362 500 817 876 547 735 649 247 392 17 969 739 892 465 346 782 139 305 522 465 585 652 963 619 150 467 464 894 815 100 557 682 729 255 369
547 51 302 373 710 161 671 878 268 172 42 449 457 584 953 120 786 170 403 364 192 854 37 819 405 337 905 697 817 687 25 6 507 706 356 145 717 222 226 269
383 947 57 549 960 710 526 12 77 357 328 443 493 805 789 680 793 698 456 359 794 297 217 833 117 455 203 538 577 869 24 227 302 563 875 880 965 859 234 209
502 754 70 584 446 183 30 651 909 245 662 676 550 531 619 347 719 570 980 989 883 965 745 839 509 333 849 583 332 359 184 778 60 579 612 721 534 441 243 224
10895