40
7
30 998 534 425 433 303 678 140 53 546 749 244 675 779 261 573 631 115 468 622 374 524 634 277 716 472 362 172 359 510 2 790 5 389 846 440 985 631 657 878
413 881 238 456 255 280 512 547 190 910 775 508 727 352 721 649 559 224 207 590 579 96 323 582 710 748 500 542 659 110 885 168 839 795 801 46 916 462 608 818
806 357 777 436 48 598 967 67 589 129 646 717 972 248 370 365 991 554 520 552 321 171 716 764 658 660 137 652 583 914 697 144 646 154 524 611 621 928 52 381
464 985 448 3 161 537 196 509 391 52 965 748 798 115 161 775 273 568 694 444 800 549 482 658 291 705 944 869 844 408 227 513 407 112 235 93 807 386 342 3
57 330 806 760 645 111 235 56 132 751 696 626 598 6 491 40 724 582 955 937 626 524 94 794 879 574 625 161 683 76 338 67 976 222 981 866 87 683 525 104
103 823 871 732 796 965 391 842 271 968 571 206 907 889 113 821 645 163 977 541 560 68 651 222 732 714 187 582 450 631 570 904 750 53 898 128 569 264 962 828
913 142 755 897 757 91 454 859 109 46 226 23 530 432 681 931 692 521 390 473 433 294 94 527 628 812 663 926 328 780 511 943 377 277 122 312 818 496 775 566
846 374 946 828 260 767 732 452 611 34 651 538 183 35 696 289 242 28 963 289 893 373 264 308 19 341 372 866 76 223 569 693 160 297 477 599 317 728 369 455
9082