40
7
701 21 359 262 59 495 295 910 130 768 713 568 393 308 50 949 112 74 688 624 226 52 605 119 905 893 754 621 31 425 641 786 626 66 608 627 354 103 739 840
21 474 678 446 440 404 814 362 565 768 335 296 555 503 667 357 304 308 222 940 588 697 794 628 416 871 394 460 507 554 143 355 54 551 249 682 729 52 542 410
245 610 973 680 397 870 746 899 157 843 666 611 285 534 557 842 357 780 83 108 764 177 954 491 410 830 202 952 501 249 335 392 936 631 427 896 814 274 860 897
535 983 58 935 627 217 271 99 241 921 52 475 676 543 233 741 437 232 926 257 952 518 928 619 451 426 591 625 254 789 492 98 662 619 83 63 583 494 614 150
178 512 498 660 963 636 727 269 433 470 563 586 527 447 806 357 205 195 324 870 227 161 990 24 67 424 981 253 442 337 589 431 842 911 483 637 921 421 959 463
686 781 915 964 954 892 572 951 599 933 536 24 375 482 669 501 524 843 776 264 429 425 345 627 969 26 90 887 750 745 507 172 96 417 896 284 592 442 317 477
737 852 829 283 707 794 410 219 528 972 263 810 834 13 620 979 618 518 769 68 985 602 527 962 337 834 550 988 666 354 768 222 700 383 225 639 112 921 688 632
705 563 617 706 504 410 330 425 892 377 282 60 318 860 819 86 168 168 878 317 797 547 476 928 912 704 106 942 468 774 356 686 963 300 744 890 374 338 832 551
11087