40
7
476 723 907 639 19 166 802 776 711 697 424 523 460 49 115 866 548 349 3 596 163 300 202 247 664 782 703 711 869 21 584 628 355 676 981 303 264 612 468 53
85 218 409 139 216 371 784 336 838 646 12 570 92 73 830 443 310 411 904 875 32 88 923 909 919 379 256 348 562 336 30 542 319 902 724 167 380 549 858 666
41 982 704 74 392 179 244 155 187 974 114 908 465 890 616 56 288 825 37 926 424 760 350 441 686 139 349 782 141 819 984 498 915 532 561 618 275 245 631 516
406 757 92 952 744 486 430 762 103 333 132 502 414 787 827 125 85 443 708 684 694 475 561 486 896 515 409 632 128 130 559 790 922 248 687 216 325 573 477 553
319 504 781 202 465 755 376 451 415 947 881 158 514 579 274 881 762 942 692 693 173 874 803 754 629 360 704 570 317 678 139 991 406 752 641 233 684 858 634 240
60 11 825 11 527 313 242 414 281 143 42 774 46 597 410 596 253 922 734 353 470 345 474 299 621 870 422 537 181 875 330 594 554 224 105 960 924 648 812 527
419 555 32 304 649 241 82 834 13 224 673 108 111 344 867 244 63 523 759 603 826 748 729 108 826 469 211 191 133 272 774 333 187 285 296 471 458 759 155 6
342 586 860 121 52 478 677 266 625 761 515 672 708 738 297 543 555 964 737 965 868 21 571 839 105 504 154 486 108 956 310 375 993 801 723 834 54 749 265 659
10919