40
7
14 14 709 541 561 744 319 253 284 772 531 590 77 752 362 683 215 944 86 621 381 985 9 514 446 109 964 907 754 23 677 568 232 522 882 301 259 373 846 205
726 703 939 533 632 948 128 253 522 430 783 537 190 988 265 16 904 88 806 500 492 220 974 57 16 481 873 424 481 1 333 329 354 654 731 787 375 706 916 413
712 255 559 351 84 792 655 62 83 311 642 722 954 541 151 526 989 408 335 732 913 422 1 715 859 988 703 933 246 57 125 723 529 619 207 761 405 929 350 695
959 586 316 449 114 90 798 424 829 924 328 445 326 53 50 598 769 927 818 260 101 893 625 561 892 809 984 759 90 180 477 629 632 701 479 230 318 999 7 455
889 45 932 771 876 460 49 958 656 592 962 620 112 772 466 442 517 964 456 421 910 7 18 632 865 792 563 434 473 944 374 399 203 409 882 875 437 874 734 629
408 96 409 406 452 704 102 935 380 215 280 367 562 769 982 571 935 706 467 550 70 969 396 485 421 392 960 963 200 446 454 188 337 865 854 90 709 526 127 393
333 930 497 246 311 870 730 468 412 758 549 647 240 708 882 13 463 886 513 261 710 157 537 13 339 418 914 411 122 869 794 551 499 801 197 745 872 14 525 805
971 553 931 764 26 881 427 560 954 907 342 348 563 433 367 33 508 912 994 80 749 552 761 281 117 247 682 413 312 796 342 343 495 995 136 361 810 490 250 975
10831