40
7
994 539 850 616 181 925 989 696 74 761 242 939 205 746 544 682 535 556 81 941 169 268 354 307 450 28 793 84 372 472 722 979 408 700 716 571 338 74 114 740
141 340 424 656 433 245 131 959 196 229 146 402 817 454 960 88 311 766 566 80 447 11 709 574 435 707 343 309 812 703 972 252 240 100 679 77 308 69 524 81
290 570 893 642 574 231 492 856 472 89 485 594 638 294 10 576 507 374 442 679 584 627 113 333 297 62 136 990 731 767 650 251 405 357 419 482 727 801 15 910
676 275 563 227 440 289 44 444 348 621 536 194 715 616 552 294 486 709 410 522 592 404 659 497 998 129 994 47 642 862 520 559 559 470 357 686 74 492 975 153
27 655 423 691 112 736 653 877 602 838 980 72 399 307 949 372 6 69 278 820 607 355 642 682 3 222 180 977 839 589 721 420 476 254 853 167 901 150 112 265
853 202 696 111 48 605 946 794 463 464 629 958 376 525 401 37 8 147 135 93 691 726 230 165 138 824 318 881 416 648 482 862 58 51 744 800 368 472 976 751
214 763 547 642 956 611 443 322 346 797 898 528 22 513 126 61 277 405 476 147 718 164 769 943 580 441 408 903 480 532 194 934 201 848 316 59 452 244 984 884
244 383 329 405 254 250 59 485 208 416 446 614 854 540 183 547 832 330 98 185 391 540 538 339 906 439 273 429 478 53 461 651 309 8 451 602 115 479 369 9
7751