40
7
287 62 535 465 91 218 433 310 382 348 767 826 247 595 698 573 369 927 483 930 485 99 392 540 343 200 555 917 60 746 85 982 844 52 233 252 237 455 580 527
230 93 376 510 996 544 767 699 45 219 506 107 65 424 51 49 303 190 741 447 281 653 456 882 56 760 812 711 767 84 726 317 901 700 731 397 154 953 295 414
931 380 733 653 337 662 562 808 380 649 356 760 395 619 174 697 306 602 366 197 247 152 859 182 685 528 123 173 813 351 952 475 396 337 645 968 179 96 116 315
677 287 452 114 622 313 800 715 816 185 250 967 620 888 954 801 399 430 571 626 459 963 251 44 399 651 54 156 145 10 104 770 411 558 618 792 742 764 575 392
486 488 276 224 801 56 452 547 905 411 854 930 912 896 359 135 832 532 666 499 82 938 590 494 157 829 504 251 442 765 79 34 290 986 143 499 294 216 194 719
100 304 15 135 378 436 858 797 323 838 741 870 63 941 245 640 211 854 840 428 32 847 638 607 321 669 147 674 409 131 551 555 884 236 705 539 192 990 278 286
252 343 925 127 408 590 164 471 166 727 512 156 473 992 332 57 511 440 394 928 179 882 80 119 487 833 936 789 636 351 717 934 996 717 26 924 340 377 109 456
434 582 159 357 745 259 994 650 430 209 159 646 564 910 431 623 590 12 693 709 566 793 701 528 372 688 734 568 376 881 515 584 518 522 615 794 834 199 128 118
10595