40
7
490 276 124 986 851 489 947 954 995 117 821 427 376 877 821 209 55 622 155 756 742 312 867 391 680 185 622 83 713 893 35 893 272 463 122 42 74 888 173 854
810 626 367 532 188 599 617 868 178 517 411 136 689 847 399 55 659 791 617 934 335 61 613 473 840 518 171 746 846 67 446 812 872 398 470 251 944 52 342 316
977 347 205 485 93 484 907 538 788 118 512 938 495 13 404 713 47 438 94 597 110 795 256 213 427 715 908 339 526 863 639 789 900 956 102 215 453 941 848 373
342 397 312 187 525 360 888 967 860 610 173 270 472 975 431 419 741 719 339 694 56 155 593 421 116 142 212 495 175 25 933 440 965 279 83 170 993 796 611 206
397 774 222 686 705 362 482 677 514 201 334 834 264 30 18 579 910 380 610 541 670 274 217 879 970 527 799 589 932 279 929 405 886 499 493 442 506 983 664 929
303 140 82 466 173 518 270 478 247 226 524 399 848 281 993 399 581 396 753 553 450 529 782 174 333 156 997 753 607 800 867 700 691 153 793 800 737 410 263 58
425 883 956 557 392 263 816 660 51 508 81 791 264 770 1000 586 609 433 562 249 46 418 157 782 523 143 755 172 970 292 211 609 948 621 164 912 824 452 817 922
233 106 367 330 199 909 600 802 752 924 104 666 244 134 530 684 369 209 613 898 621 60 709 805 794 195 732 35 275 14 908 281 224 663 271 362 890 418 352 916
9599