40
7
496 396 333 704 575 729 601 697 541 18 584 643 765 490 87 122 658 127 75 342 669 666 188 96 232 130 535 666 923 558 12 53 342 611 13 568 105 265 689 134
431 517 226 784 530 116 359 362 230 332 648 676 355 20 558 673 63 210 43 983 213 499 613 941 82 738 961 94 106 829 907 965 753 511 581 795 319 950 542 135
979 971 787 920 90 573 879 555 727 741 665 877 659 443 178 431 315 637 585 217 186 911 605 640 82 834 112 245 823 803 107 573 986 220 957 869 328 848 587 218
509 3 246 5 635 732 710 542 749 612 532 588 709 832 364 533 928 243 363 425 918 849 510 295 925 499 755 351 161 435 238 159 165 79 782 509 645 780 470 194
546 238 542 867 813 330 184 99 907 511 635 543 628 783 170 785 17 558 33 621 798 432 17 577 669 770 248 10 66 88 505 245 397 664 826 136 781 778 79 789
163 154 822 622 859 712 39 470 633 882 952 344 502 262 723 914 92 192 165 744 138 505 328 29 759 146 635 608 205 2 486 30 605 554 575 759 898 142 567 851
15 469 648 1 192 851 319 157 422 469 371 230 140 127 279 897 241 524 602 906 676 473 185 275 44 933 881 392 544 482 327 226 51 579 536 850 859 271 360 678
336 341 443 479 227 568 569 327 532 853 675 44 513 917 624 811 521 871 938 136 324 992 252 918 340 844 25 818 488 829 792 869 643 378 890 259 994 321 408 823
11466