40
7
765 764 589 348 656 698 787 951 66 152 646 445 722 647 897 354 434 884 392 334 44 771 138 559 777 491 814 55 782 742 10 881 665 917 233 983 702 549 819 117
674 378 760 495 557 565 485 306 239 863 313 185 775 386 145 167 432 480 462 275 258 397 261 308 600 462 693 906 533 499 506 348 353 288 861 611 971 640 554 693
986 352 20 531 277 680 249 992 918 778 405 518 807 125 640 342 736 624 474 439 139 585 376 698 200 831 771 921 974 286 8 768 562 587 812 964 117 343 571 821
461 982 257 418 802 898 382 931 334 601 184 9 126 249 287 371 203 229 432 542 155 300 220 181 863 771 160 735 741 380 824 183 934 507 672 174 842 458 910 288
511 255 71 770 744 139 466 534 902 59 353 166 807 975 469 930 364 778 242 165 896 621 755 367 2 565 776 802 1000 595 231 159 18 989 450 314 297 663 604 672
829 162 919 226 778 202 572 496 571 328 841 197 480 838 449 506 324 991 388 927 446 122 509 668 206 147 366 990 786 179 714 645 783 204 404 482 6 83 64 233
288 30 887 577 519 857 537 359 904 509 792 226 873 950 890 551 625 528 318 844 442 391 119 468 637 996 888 879 500 27 563 540 251 488 974 776 379 348 876 51
285 283 949 955 373 544 461 45 50 588 956 102 102 700 583 481 909 531 21 296 367 489 190 614 62 130 978 907 858 908 409 427 261 648 409 520 476 291 168 575
9451