40
7
85 770 822 346 330 883 62 157 347 424 84 774 316 834 100 199 209 772 621 765 672 608 754 837 971 163 16 198 311 268 907 244 205 281 531 815 743 218 142 484
487 832 323 647 628 903 9 38 601 194 798 823 762 292 739 364 153 737 253 190 389 903 71 310 157 668 460 432 338 395 414 282 980 918 180 165 910 414 480 442
302 385 945 149 497 80 671 425 167 806 415 452 768 949 28 462 255 120 907 830 850 480 662 364 23 776 808 749 688 71 781 386 524 309 144 443 427 13 170 805
718 744 656 671 180 580 688 644 21 165 769 547 332 217 180 411 163 781 382 677 460 152 124 512 145 32 596 374 392 808 956 911 966 402 225 811 103 972 404 861
680 347 760 333 705 675 367 320 470 56 94 700 768 197 455 761 8 938 894 70 784 25 935 421 591 911 674 888 922 719 856 216 84 822 740 298 811 32 759 392
670 66 465 288 757 457 489 16 547 653 175 463 724 467 303 988 916 441 481 805 159 829 907 632 755 464 877 470 124 253 242 921 967 453 674 246 51 852 963 460
423 839 611 378 710 173 859 436 572 497 690 931 866 399 338 599 350 56 103 432 843 353 444 258 134 964 350 901 220 521 85 151 61 168 496 787 291 663 993 930
71 26 745 271 805 652 305 181 801 232 776 584 48 770 361 527 658 130 258 292 895 416 411 489 19 663 422 57 453 141 154 845 637 47 536 408 943 977 444 274
8862