40
7
845 794 975 538 987 11 382 470 527 780 752 711 944 215 787 672 478 657 867 110 53 232 989 269 782 590 939 48 277 242 395 401 135 145 947 749 570 913 744 167
507 770 822 956 230 535 127 824 101 221 451 842 400 682 688 291 893 66 845 70 446 715 817 290 576 471 32 244 411 778 197 852 864 502 135 494 325 832 229 666
449 126 383 857 301 774 568 742 280 160 464 253 651 122 583 739 10 277 937 483 348 531 140 68 896 988 770 559 662 614 67 217 846 881 219 321 748 856 213 824
420 821 781 587 181 461 60 944 34 919 495 432 433 737 495 469 511 482 644 507 371 531 100 675 868 279 303 941 151 171 512 973 398 679 62 44 314 518 898 488
717 352 419 362 151 868 575 209 919 670 855 163 31 163 709 189 242 466 982 494 739 750 926 313 994 100 604 159 788 980 607 942 136 123 706 583 117 40 266 808
178 323 172 965 775 643 80 269 325 704 261 234 134 657 429 641 735 686 220 481 343 560 9 245 311 365 350 812 382 594 397 547 42 773 568 312 243 54 71 911
262 160 777 393 662 36 600 135 28 473 86 660 360 640 63 139 911 742 929 840 206 261 529 964 532 749 315 703 560 713 998 74 7 887 276 215 657 56 433 199
561 928 207 96 542 477 999 627 102 210 588 164 417 471 722 812 10 982 156 362 173 422 525 742 780 461 916 863 531 865 720 169 327 855 454 181 774 884 306 420
10401