40
7
332 124 374 617 241 651 46 459 88 829 455 794 540 337 357 140 866 62 344 239 292 541 224 620 309 31 136 263 184 62 586 31 630 423 521 184 712 150 119 495
754 44 292 758 372 243 378 608 746 404 139 991 119 32 547 566 940 766 623 690 476 384 741 589 519 883 916 941 102 632 569 980 359 834 782 611 951 396 533 791
376 451 426 6 505 715 508 793 924 729 131 226 342 862 919 126 862 51 131 906 617 557 320 870 943 488 598 431 197 587 910 72 37 735 790 464 29 561 771 475
835 727 709 222 83 942 155 621 592 455 316 896 361 138 89 756 457 13 278 816 124 410 623 672 939 518 959 926 741 748 691 360 854 486 272 813 749 156 509 573
987 15 162 938 240 740 886 696 517 622 272 928 657 911 834 501 26 400 528 181 592 242 211 177 895 281 355 318 603 651 416 199 596 555 163 184 797 846 348 117
471 532 251 496 438 720 958 427 326 74 218 967 733 183 937 976 416 81 933 591 763 461 401 749 331 670 458 122 212 782 175 623 195 306 503 277 57 709 120 172
347 536 476 940 53 359 850 955 57 47 175 706 734 113 503 872 462 181 483 973 883 156 843 818 915 592 14 755 49 587 50 394 978 682 656 733 981 896 915 351
377 302 895 137 761 150 801 956 529 953 880 228 770 17 392 694 375 202 143 218 208 607 867 348 398 496 441 602 308 317 472 431 974 604 418 220 960 597 556 69
9837