40
7
834 483 433 852 292 478 211 680 344 804 547 344 453 759 487 485 900 15 854 372 926 713 394 43 532 399 928 939 307 246 830 12 273 487 975 973 660 314 837 312
682 276 678 873 700 312 658 371 279 813 110 614 57 458 500 418 616 388 815 530 505 595 567 992 877 552 354 616 752 406 123 306 402 782 147 853 242 36 997 288
959 832 314 293 176 211 981 261 996 613 147 412 325 81 301 837 45 69 198 11 934 370 173 456 243 294 934 700 405 612 608 245 228 190 357 118 276 957 584 618
289 79 688 620 535 495 13 279 62 739 281 333 259 529 628 47 314 959 500 341 543 495 96 781 74 556 902 939 528 125 980 885 426 706 973 970 590 540 903 133
549 421 651 453 648 962 876 114 980 865 904 401 918 885 444 788 12 393 405 958 810 913 98 979 654 287 510 316 518 840 673 170 166 480 5 163 228 110 515 178
521 430 127 528 126 712 711 907 663 729 867 847 87 109 563 769 542 994 829 571 712 134 593 516 619 127 665 184 749 373 48 98 295 986 133 755 138 153 80 28
788 587 26 76 827 56 443 814 757 194 277 160 351 260 360 571 68 450 289 252 288 647 31 229 407 197 76 406 89 924 797 951 533 303 662 594 307 892 728 593
446 648 454 518 503 176 457 84 803 484 556 708 504 732 805 544 390 738 383 870 383 523 334 780 485 835 528 378 352 506 590 229 143 4 419 413 342 963 151 987
10074