40
7
708 722 571 181 738 552 266 799 806 488 927 604 388 979 415 692 415 524 302 917 77 670 809 32 903 959 503 20 998 796 172 15 485 669 344 189 965 389 54 605
897 223 12 441 738 224 288 552 241 30 526 1000 911 497 689 388 998 886 129 587 336 820 868 848 184 522 671 290 623 977 60 181 567 94 976 962 889 17 24 660
714 587 29 658 198 506 39 543 95 973 12 565 844 568 198 822 583 475 254 400 261 48 616 615 255 728 252 341 894 812 896 305 762 12 785 386 371 272 300 425
209 539 766 832 995 509 887 290 100 417 640 52 952 166 2 204 938 316 817 375 517 872 169 897 355 799 458 315 438 627 696 275 794 259 89 810 280 157 467 59
530 393 196 266 582 551 693 999 928 208 639 423 82 917 431 698 229 444 180 649 707 169 193 429 269 316 733 545 493 640 44 575 408 901 749 613 663 248 874 932
984 397 815 976 232 263 30 773 793 650 450 315 394 610 646 223 700 305 397 493 124 722 154 494 46 699 37 885 454 246 474 42 258 910 25 338 738 790 871 50
76 920 492 493 474 313 40 348 868 765 919 508 389 801 99 357 233 539 79 989 231 905 344 54 776 141 507 563 145 28 9 853 254 102 614 749 79 927 695 27
260 401 800 405 882 934 27 394 479 491 494 695 433 657 789 857 74 289 266 226 536 915 406 826 189 326 970 22 656 378 650 604 700 728 658 662 429 326 635 962
10716