40
7
338 351 715 809 672 511 188 638 701 809 191 888 360 297 745 35 757 894 933 201 248 636 748 734 184 638 623 464 209 189 689 473 386 751 263 325 708 165 729 307
865 419 622 72 229 335 785 29 45 673 959 632 524 496 865 522 790 867 516 147 46 707 118 212 495 805 958 223 167 249 917 814 418 569 296 741 310 528 917 951
257 321 855 814 828 764 126 942 583 352 979 127 338 308 452 271 319 299 265 1000 36 77 476 409 375 536 226 354 280 786 23 345 510 754 776 988 229 735 540 666
73 701 986 443 718 945 826 903 126 674 357 680 579 904 20 505 638 1 770 382 584 852 686 697 773 834 347 531 799 969 562 457 339 78 105 401 198 352 335 16
897 109 869 757 391 272 512 475 430 823 960 755 120 339 81 46 50 329 981 48 868 799 808 686 444 607 729 854 315 202 309 460 386 666 945 822 115 878 678 177
662 649 278 207 906 522 959 547 517 501 861 777 639 348 271 256 757 999 799 694 322 419 82 673 428 748 63 23 208 464 501 327 931 239 133 555 39 987 108 431
235 194 542 565 536 863 300 134 857 833 795 540 681 505 273 620 299 377 532 249 467 221 862 664 116 984 936 514 71 863 838 85 146 687 153 57 553 686 621 146
129 325 380 128 537 683 144 210 119 686 210 156 76 317 802 740 234 34 831 667 882 737 632 503 509 958 600 841 320 586 389 545 119 769 872 10 925 173 607 376
9381