40
7
158 42 473 287 682 362 559 20 61 317 961 103 595 16 84 689 493 57 478 691 665 294 581 61 94 403 899 578 233 406 688 529 982 533 441 353 843 816 668 96
58 173 340 266 947 519 315 941 406 935 572 76 638 898 263 257 285 177 939 413 355 43 35 127 66 762 208 947 24 117 764 233 80 111 151 969 318 997 115 478
665 113 905 364 222 584 972 521 12 899 32 805 861 986 338 407 925 45 916 782 684 171 623 246 266 195 869 285 38 765 373 429 823 769 4 745 204 688 79 693
266 887 889 161 198 246 757 832 79 462 513 300 653 518 737 742 324 789 607 880 306 160 733 306 267 693 158 679 940 910 329 706 553 267 928 701 826 293 982 949
94 264 631 599 354 704 556 28 444 710 897 33 981 100 945 171 567 547 484 801 194 346 53 164 624 641 914 561 515 549 280 213 774 730 918 306 398 434 996 743
279 91 293 830 425 450 808 589 700 52 468 630 152 890 563 535 2 15 206 565 269 93 159 809 335 168 201 851 327 658 729 15 581 380 895 319 906 319 777 67
642 159 373 407 457 931 95 565 941 157 562 586 163 310 574 887 249 838 618 342 553 91 509 387 113 622 712 558 400 621 819 833 335 523 152 865 561 368 97 81
893 651 36 927 92 642 780 748 505 182 475 42 542 195 974 173 21 157 887 732 610 267 901 103 90 851 211 941 821 735 568 285 659 560 226 878 772 964 366 36
10249