40
7
102 625 15 622 952 27 248 136 230 95 19 490 376 173 689 94 87 545 244 970 980 418 555 56 505 71 283 548 888 76 880 567 974 481 283 460 619 792 752 68
565 244 847 560 660 331 922 282 749 188 161 131 159 184 317 975 122 791 566 131 915 828 527 955 945 500 354 308 451 531 130 447 174 525 21 54 76 95 490 113
47 910 100 267 428 845 593 408 166 200 837 446 171 516 410 947 611 281 50 308 291 374 479 993 144 998 378 576 273 773 567 2 857 156 609 218 274 870 428 650
914 519 61 233 324 423 197 198 181 34 52 520 391 199 39 730 596 122 635 79 840 738 210 879 144 329 362 658 503 400 67 394 794 55 592 152 829 597 482 105
151 654 889 347 222 747 149 759 36 568 400 223 145 181 814 738 286 957 292 891 975 448 806 758 711 95 296 59 237 853 653 412 444 660 539 768 601 230 587 851
302 215 143 386 279 891 669 812 221 285 496 235 66 574 722 692 174 693 334 465 232 741 987 817 4 278 965 563 789 712 808 307 379 153 374 397 581 533 1 953
902 375 395 740 967 271 901 22 2 363 817 733 739 717 937 79 312 497 181 717 188 548 476 726 878 366 420 17 473 230 642 694 713 916 468 952 138 398 113 421
706 443 921 168 600 872 937 332 840 506 779 624 211 250 765 968 949 422 827 215 702 984 343 997 188 712 65 727 841 510 754 742 853 2 686 561 472 975 70 718
12119