40
7
731 201 761 880 981 988 82 947 310 37 706 791 841 492 742 426 958 433 531 91 3 210 436 29 924 926 408 380 889 109 690 351 477 470 44 452 201 294 757 922
471 721 8 631 845 284 895 674 184 832 489 953 956 159 887 180 958 699 471 674 67 140 819 224 157 275 858 532 376 494 179 146 305 348 278 810 284 993 816 494
808 44 507 863 709 746 667 444 778 451 412 380 213 498 584 546 254 76 530 927 363 117 202 368 387 624 572 535 595 876 947 242 99 525 623 776 508 501 923 9
564 784 954 882 143 619 900 43 532 308 322 219 307 17 393 837 14 649 506 442 388 112 240 490 768 522 208 836 448 443 559 977 170 623 295 705 538 310 131 4
434 290 988 348 390 328 48 174 820 322 975 267 508 691 822 708 765 836 548 391 91 707 839 801 340 320 621 25 684 384 983 420 335 758 946 543 535 388 978 707
810 643 265 118 211 232 733 948 262 955 27 452 567 246 248 99 26 279 296 420 520 157 232 164 682 982 790 706 945 829 487 634 74 954 11 115 968 359 236 929
626 107 661 809 97 968 240 601 731 698 64 127 66 579 918 806 22 373 436 364 440 82 112 668 506 700 505 221 948 156 501 226 259 87 453 739 755 418 217 858
148 231 645 192 237 39 991 656 651 946 849 79 802 167 227 871 909 477 838 182 198 297 77 681 635 329 637 674 884 64 662 696 908 799 794 912 783 967 214 174
10761