40
7
168 237 479 912 590 563 956 230 639 222 937 12 810 906 770 376 294 555 594 855 927 904 376 218 456 89 296 40 104 137 876 125 498 605 450 754 369 16 96 642
843 897 802 398 994 677 83 371 162 195 666 978 656 103 58 201 240 382 789 312 671 77 867 785 651 721 159 365 963 77 949 887 707 356 425 664 876 804 266 842
959 382 783 523 676 626 276 774 669 394 773 107 69 255 2 410 976 814 514 512 187 438 273 847 712 323 345 51 872 259 459 820 78 925 322 315 56 237 947 636
169 555 563 142 565 611 637 532 751 778 779 582 965 937 200 681 923 891 743 479 815 361 212 98 166 238 605 71 249 401 82 757 338 48 792 157 497 820 198 998
701 622 222 406 588 88 137 709 910 860 398 135 958 79 53 188 88 760 107 942 752 565 949 476 335 244 187 609 358 612 701 98 63 706 677 87 361 795 467 460
747 480 737 334 925 920 780 630 845 200 142 522 102 703 52 828 709 323 312 559 681 733 487 773 667 304 494 634 482 403 229 505 835 902 360 251 431 271 257 383
181 233 264 549 937 194 290 597 216 426 656 237 264 815 39 831 57 963 277 144 637 605 458 541 584 896 767 168 121 121 468 338 407 826 912 642 844 159 418 515
306 857 23 200 476 660 503 776 189 321 552 648 165 533 528 881 786 95 150 203 201 743 139 764 156 383 454 414 33 243 379 929 28 592 373 958 64 938 846 897
9193