40
7
92 870 865 43 6 377 777 772 363 373 47 965 447 437 568 435 39 780 157 937 871 918 434 892 249 852 20 933 679 319 686 748 95 439 713 441 825 111 143 100
117 900 208 900 163 112 94 329 968 18 866 389 502 852 754 914 558 728 534 298 330 698 845 788 412 245 439 590 117 364 282 345 661 466 639 917 775 719 100 44
915 673 71 406 658 249 374 777 738 511 433 117 493 983 752 33 543 190 5 425 979 417 180 145 698 105 983 169 333 198 146 938 408 218 866 52 569 372 675 506
441 914 916 77 732 585 174 801 531 476 108 954 173 354 956 28 885 220 353 560 147 571 297 784 358 23 297 741 746 882 294 748 975 173 885 33 699 783 3 429
123 990 924 878 28 347 561 290 102 296 846 295 61 948 972 455 133 262 339 907 781 758 504 523 554 534 285 949 69 800 495 76 646 16 962 836 116 971 400 917
550 450 460 789 550 488 168 477 988 922 91 967 526 974 851 230 693 190 132 67 64 704 879 314 610 672 253 960 684 835 83 910 225 158 460 345 721 861 612 715
134 668 979 498 852 905 160 996 442 651 109 965 538 957 158 364 269 726 980 498 399 927 422 264 16 367 584 819 740 341 127 857 59 496 780 754 99 981 692 588
283 520 603 605 887 519 250 924 890 715 679 576 382 715 623 375 833 731 858 264 506 904 530 812 356 442 848 654 721 657 159 602 761 204 653 476 652 748 32 506
11728