40
7
898 527 451 279 888 664 379 425 601 203 702 139 169 483 581 904 212 199 271 425 861 998 864 600 241 160 840 136 520 390 831 230 814 138 742 342 511 359 743 505
628 78 738 886 266 174 170 504 33 445 171 491 349 958 740 133 230 722 165 299 839 596 842 611 450 712 787 885 492 659 787 152 651 929 833 149 977 282 269 799
823 970 660 173 692 668 831 581 660 874 777 872 966 279 433 295 721 702 436 330 659 321 621 341 417 881 278 284 658 442 434 465 922 985 199 932 456 862 955 135
843 557 76 271 919 232 650 523 802 996 432 521 696 44 819 399 119 731 797 678 82 267 654 433 888 500 789 840 100 872 779 586 378 739 740 275 380 596 729 950
53 319 662 19 225 515 353 439 552 166 539 228 191 735 710 925 174 384 676 442 304 666 886 892 916 136 271 924 304 579 559 550 32 591 82 580 981 521 843 831
803 292 487 549 887 603 85 40 744 520 589 466 243 885 298 654 992 129 269 286 894 12 67 664 305 925 925 59 111 47 387 376 324 800 721 647 981 6 257 453
833 241 366 41 466 408 355 305 743 403 843 519 954 313 897 369 855 496 220 487 98 99 511 884 159 901 133 879 531 98 868 335 860 72 765 703 286 70 483 202
843 188 886 712 722 429 848 913 147 977 679 296 522 609 815 336 697 781 226 570 907 649 615 7 714 256 932 828 151 78 456 387 305 718 433 135 814 59 602 26
10634