40
7
857 637 772 64 849 310 462 797 637 264 247 906 505 785 545 642 5 709 427 366 36 871 557 642 284 568 171 612 771 686 515 730 719 224 381 263 414 734 147 227
624 492 414 150 834 481 104 54 835 170 512 880 698 694 734 639 574 755 324 65 778 376 712 301 163 715 16 875 446 630 997 865 779 727 685 13 873 197 433 665
977 403 247 904 231 740 240 33 952 120 160 363 718 771 440 172 914 505 851 331 297 389 667 89 181 69 744 178 619 555 704 405 165 142 363 168 497 327 432 94
72 731 463 522 40 127 366 93 848 177 443 207 156 931 469 588 625 881 232 102 438 516 292 620 345 49 72 4 933 329 451 906 744 681 636 769 643 255 343 811
513 447 831 550 174 567 830 878 817 800 930 138 48 251 893 260 180 332 877 531 900 578 793 907 353 912 487 659 839 453 694 78 110 102 772 260 874 674 1000 410
904 482 208 866 34 935 339 622 380 909 647 584 681 143 306 449 926 916 832 784 124 603 906 84 899 119 867 580 435 892 260 590 614 299 174 452 254 6 156 144
709 830 683 731 325 958 693 165 860 731 44 205 388 289 268 485 835 645 965 91 646 309 357 556 767 981 753 108 162 345 867 759 880 587 849 741 898 348 343 930
138 394 626 69 883 237 401 17 499 92 226 577 685 210 170 829 506 577 445 225 507 44 598 824 276 177 378 34 551 871 629 717 596 896 755 906 24 749 281 620
9120