40
7
376 799 175 171 893 588 466 347 113 177 883 363 564 184 659 141 464 882 716 261 509 871 732 756 181 417 798 883 60 45 757 5 186 914 307 839 580 271 589 946
290 371 408 958 412 307 521 376 784 842 211 154 985 828 96 510 488 371 23 910 274 290 947 563 946 530 402 771 707 392 740 100 593 302 170 217 865 628 75 838
584 609 666 781 89 155 211 872 800 718 908 359 771 210 810 433 798 526 718 62 66 830 863 767 671 136 596 552 452 970 540 513 599 864 469 623 120 126 247 599
277 355 392 542 255 460 253 714 802 583 556 785 723 132 945 42 420 506 971 995 881 529 213 236 100 829 783 819 598 153 721 438 88 154 643 348 137 965 139 479
635 56 37 605 634 529 935 580 322 973 852 471 441 276 886 23 675 31 965 603 401 646 640 291 60 870 325 908 470 433 701 262 649 987 499 886 624 969 386 313
574 226 66 15 415 56 422 953 731 490 47 106 493 589 808 940 893 969 468 885 342 480 293 545 69 993 4 225 176 996 836 89 873 921 412 987 150 270 871 491
482 53 676 807 602 726 447 363 627 678 424 993 624 774 940 434 217 910 904 14 335 462 917 979 62 619 345 616 864 410 778 777 682 99 985 208 280 880 190 716
380 639 203 109 37 103 243 39 55 333 444 188 607 809 520 11 128 596 782 67 31 556 103 412 801 806 976 747 174 669 695 694 983 945 713 322 548 59 773 301
8801