40
7
637 22 828 894 274 30 136 330 7 123 674 917 971 106 721 893 466 14 996 334 385 466 223 690 39 621 651 134 969 150 613 423 578 68 719 8 602 257 925 728
486 644 863 596 194 978 464 552 669 365 599 420 318 924 620 987 721 719 346 574 23 159 800 509 411 911 317 576 251 610 828 827 86 108 82 192 748 614 307 287
846 682 501 311 764 489 387 509 877 153 185 537 667 62 938 460 855 629 404 936 939 306 159 94 755 886 47 473 201 877 515 772 478 645 318 540 224 691 446 705
313 11 141 645 810 301 333 326 85 539 324 338 16 279 188 97 499 427 557 899 339 26 246 424 81 725 839 219 662 561 22 935 764 263 446 105 350 801 509 515
907 147 8 176 899 328 7 967 352 930 79 956 231 444 654 753 395 467 873 280 909 29 376 371 489 932 512 700 58 757 245 181 88 720 176 720 613 93 198 436
510 594 517 982 539 719 508 496 221 310 23 719 564 292 613 637 443 198 385 940 912 312 346 963 929 732 774 204 688 841 625 192 460 369 326 646 583 462 389 439
340 795 787 534 892 310 107 687 585 817 621 732 905 475 358 452 292 182 295 761 870 69 889 107 302 142 50 907 574 806 6 556 757 420 752 233 664 250 629 767
117 510 490 59 747 507 714 668 209 803 202 188 268 59 119 7 991 359 691 198 192 153 554 902 48 939 827 558 318 337 335 43 672 891 804 215 454 304 913 341
8853