40
7
588 546 511 123 196 239 871 654 72 791 563 368 314 332 11 677 376 217 365 373 91 112 928 711 911 618 621 494 421 757 323 786 260 880 742 283 747 635 612 279
913 215 124 673 450 864 498 642 774 346 355 816 154 136 212 164 951 705 664 699 721 70 843 882 168 790 141 686 427 21 537 971 753 480 839 921 620 761 172 90
149 36 667 181 183 206 592 899 212 526 529 645 777 943 848 873 986 405 822 369 597 328 262 217 674 289 636 664 139 497 5 819 358 633 545 787 148 140 567 463
472 491 889 739 774 19 814 244 275 140 627 365 933 70 218 708 338 2 61 866 469 592 773 289 662 496 244 898 892 476 265 769 17 825 353 646 192 399 140 449
441 771 577 119 715 563 92 290 683 769 41 925 951 143 735 57 620 779 985 782 325 534 272 517 852 724 403 157 875 242 239 183 23 322 242 448 780 770 714 848
354 441 463 307 531 159 263 418 698 868 116 798 917 758 524 672 220 835 445 439 472 547 612 710 761 438 321 298 975 168 924 803 739 530 966 525 654 890 97 452
701 922 512 146 489 553 240 478 671 45 78 407 94 878 262 429 155 730 970 593 378 412 939 300 225 419 210 391 538 780 386 750 965 720 688 566 526 980 399 870
114 394 290 514 916 920 982 884 839 263 700 79 665 20 481 431 182 161 151 948 539 54 35 103 372 729 725 979 684 455 665 804 172 5 611 349 424 270 587 780
9638