40
7
610 94 250 936 284 121 769 444 683 848 132 478 414 504 838 415 42 111 68 899 877 919 187 481 714 445 379 58 388 833 893 44 802 395 328 349 497 774 709 288
453 963 466 613 358 751 24 247 626 845 845 375 331 700 76 220 994 621 193 936 421 980 379 877 383 583 359 768 538 464 719 741 909 696 776 184 582 422 545 41
563 494 226 81 365 624 630 128 919 415 823 661 674 42 763 536 114 59 656 329 422 207 863 460 242 882 866 639 62 175 778 158 863 591 362 434 656 725 502 43
641 787 153 366 882 528 317 183 599 818 657 152 550 370 650 240 392 831 734 585 910 240 429 397 348 720 733 99 98 950 321 26 96 634 514 218 566 405 871 349
256 786 643 482 214 712 650 596 612 810 568 345 172 315 827 685 286 219 458 934 378 201 213 711 793 787 913 938 983 632 81 716 489 769 423 251 307 920 281 76
458 35 874 790 996 483 163 346 762 84 231 642 658 420 665 617 60 276 76 561 15 899 670 890 811 421 511 118 850 738 39 85 859 465 745 239 858 841 981 389
56 89 629 924 81 981 10 968 487 276 889 332 867 650 952 38 92 170 520 378 780 564 388 510 656 581 193 720 668 149 902 675 662 412 212 856 283 544 672 507
127 809 954 177 718 838 269 723 122 120 439 536 527 518 61 745 895 148 594 947 491 716 365 979 773 471 357 654 781 180 571 656 435 317 153 603 4 502 349 546
10085