40
7
854 275 468 821 259 361 160 828 291 356 836 406 41 121 525 844 910 910 383 468 496 252 38 469 13 941 467 591 100 836 714 204 969 619 474 643 272 437 298 227
921 54 942 349 23 961 235 295 993 23 345 298 755 411 215 115 883 490 648 201 939 696 661 947 938 999 503 491 360 28 200 88 33 132 745 799 618 912 412 902
239 424 527 146 988 411 12 791 504 782 139 246 877 771 518 690 37 39 336 223 432 610 797 251 615 821 86 286 861 550 165 604 172 854 356 616 17 273 888 401
678 901 237 194 265 49 231 867 476 976 802 500 487 85 87 968 151 908 544 388 944 894 198 302 162 906 596 991 538 69 813 796 424 522 519 903 323 588 759 795
199 771 628 247 239 218 168 878 778 712 462 239 748 117 723 695 620 254 294 896 896 380 324 335 931 686 819 918 586 90 774 147 857 231 750 971 860 160 87 33
572 340 694 970 823 353 127 597 960 432 411 738 334 475 149 577 602 136 127 947 4 83 776 631 627 327 499 36 545 726 328 624 15 438 317 348 665 654 525 86
634 903 153 354 477 361 505 894 708 941 699 578 797 769 795 613 452 441 666 881 557 105 991 193 229 440 661 356 135 39 407 988 272 790 449 597 71 651 912 483
239 912 873 895 427 875 243 521 811 953 322 741 240 644 895 392 233 766 335 370 694 757 213 426 460 543 149 552 985 138 343 792 451 738 308 166 61 444 778 26
10356