40
7
284 384 897 642 641 152 694 170 967 68 265 126 272 425 142 599 891 699 815 663 447 901 706 802 294 413 300 49 275 721 905 603 564 197 497 508 991 209 314 300
676 502 139 549 236 285 542 578 533 9 290 715 842 203 535 22 91 270 452 844 926 398 416 862 932 200 100 546 746 418 593 51 24 934 705 941 687 832 73 642
319 295 703 911 672 639 34 959 914 356 640 175 244 484 409 959 210 970 308 948 426 883 87 844 462 740 181 524 370 337 430 491 620 828 352 693 608 172 196 134
928 725 433 35 965 267 122 782 831 444 843 213 659 899 858 65 431 432 264 941 8 779 880 781 368 849 79 864 56 252 240 621 422 371 864 842 800 105 975 155
777 734 225 903 772 521 962 933 911 47 756 433 263 561 514 548 149 823 325 48 296 115 723 845 825 15 56 11 97 805 819 311 432 279 860 790 653 798 687 813
123 596 387 499 895 445 269 437 756 674 190 104 361 783 214 427 101 217 806 708 439 774 465 482 563 213 469 923 85 513 692 457 757 1 268 649 634 184 997 645
610 901 202 55 370 789 207 272 986 553 526 370 364 158 275 762 404 548 934 169 313 742 630 534 249 547 955 987 361 745 158 379 481 29 576 392 26 850 258 400
209 50 440 288 121 614 33 129 364 694 94 825 899 768 223 265 722 576 58 32 953 749 625 715 332 697 671 102 182 164 247 895 503 954 491 681 684 289 799 20
9079