40
7
462 898 256 836 592 542 930 537 52 326 230 915 421 334 512 593 773 402 292 982 548 287 430 556 384 69 502 909 580 861 729 228 776 235 235 113 724 431 51 992
26 966 338 715 173 999 571 182 679 856 30 839 891 721 646 378 438 887 544 59 973 262 333 734 14 712 951 3 300 530 560 139 707 854 920 295 722 79 820 525
644 938 965 673 944 430 743 519 782 210 41 703 3 552 405 410 753 152 906 621 214 319 654 891 577 545 564 60 497 427 549 343 646 409 528 166 719 689 653 518
417 61 31 744 659 880 55 319 387 377 146 183 926 839 743 230 911 193 482 129 519 191 460 559 492 631 664 94 324 625 757 53 458 410 21 252 183 865 960 56
947 898 574 127 380 594 254 276 616 992 940 998 509 718 871 755 737 297 985 778 497 123 501 134 664 138 746 788 326 1 484 577 296 205 38 229 899 218 588 596
986 28 707 697 363 4 188 609 278 959 985 738 228 372 755 624 964 12 604 192 47 180 592 241 768 970 636 33 873 462 11 27 664 923 651 78 982 747 961 730
782 632 767 282 900 755 445 24 429 267 942 922 264 798 421 982 731 977 967 907 685 825 544 583 299 552 806 987 11 952 217 468 723 609 324 153 286 994 366 393
956 805 334 370 674 557 355 593 773 702 19 651 397 303 485 486 268 657 955 455 545 255 274 551 126 446 617 545 822 653 984 318 275 794 313 447 171 153 464 278
9913