40
7
742 11 115 988 196 807 378 305 698 938 490 696 280 915 188 355 689 344 315 954 988 725 31 550 188 533 491 460 572 666 255 915 870 654 661 195 633 820 819 738
621 912 874 965 127 740 566 278 662 122 543 249 415 959 744 249 330 269 406 708 446 440 957 193 670 992 818 733 804 275 119 187 785 716 198 191 94 767 450 444
132 781 926 128 381 199 169 212 316 929 511 385 443 677 115 460 997 275 737 593 919 879 727 265 210 439 563 216 456 298 69 654 490 85 99 146 594 351 80 887
142 290 167 391 177 514 405 160 399 522 620 583 906 99 416 183 732 315 343 670 752 248 830 982 260 175 410 747 249 924 981 927 635 329 244 918 621 278 864 214
345 411 798 702 942 808 90 917 141 458 466 769 139 37 305 340 30 665 162 577 342 544 113 243 836 547 212 206 136 270 592 556 367 617 499 102 136 112 953 959
417 711 467 856 356 575 468 953 129 897 475 938 551 28 212 858 445 223 824 810 738 365 894 189 691 265 490 688 626 519 47 987 490 953 511 439 982 176 473 796
331 388 771 40 706 520 963 880 79 273 965 343 481 574 7 826 342 161 406 156 739 341 530 286 407 144 135 466 876 277 168 732 617 740 868 834 183 787 4 550
379 628 700 924 352 58 703 480 492 988 989 824 992 756 651 465 272 861 756 759 875 693 94 283 672 415 604 164 852 277 602 584 582 166 889 869 476 884 310 96
11708