40
7
233 617 235 621 673 776 428 869 224 239 482 443 756 292 428 136 901 964 821 778 227 619 551 79 53 356 431 505 85 504 663 130 718 340 949 319 610 958 732 749
998 323 441 703 927 922 315 933 520 977 708 415 424 562 722 764 239 239 481 165 898 789 748 955 505 703 249 467 484 68 653 716 99 1 124 213 625 407 379 521
757 368 626 260 355 276 264 306 6 126 31 617 866 981 11 565 322 738 866 697 151 999 294 703 669 128 19 388 360 774 543 180 807 883 829 326 407 309 738 144
762 957 607 858 458 163 103 834 781 842 338 748 29 960 507 638 887 337 761 241 296 952 433 658 277 761 258 658 192 787 389 556 556 220 700 117 111 217 759 962
845 437 175 512 776 227 100 650 618 609 140 636 613 345 659 76 285 654 201 182 108 756 277 939 636 657 46 729 166 408 627 345 650 108 784 442 512 485 484 861
287 311 219 932 410 791 945 432 734 668 260 953 833 214 134 618 817 510 231 506 112 761 250 609 540 971 654 21 737 487 610 899 43 797 387 473 311 574 289 465
966 529 310 920 61 972 733 526 197 541 339 716 625 544 473 969 871 497 571 185 54 566 837 646 268 947 273 892 339 969 896 265 997 417 291 299 370 801 866 681
492 661 562 748 290 156 368 565 519 925 362 931 115 770 471 549 589 963 380 648 674 40 582 14 629 903 547 646 960 95 945 37 576 731 931 222 63 379 472 132
10321