40
7
147 580 221 405 991 654 967 31 991 140 99 626 866 553 363 616 673 114 373 558 259 903 995 728 577 330 244 471 807 221 223 913 711 502 814 154 79 957 880 49
887 759 159 538 367 857 176 603 286 808 174 863 66 315 68 281 629 388 886 370 335 759 684 295 626 517 948 22 883 637 997 70 35 437 613 603 591 335 612 220
455 610 359 918 726 927 401 874 475 550 336 716 823 563 92 594 200 242 161 971 951 204 599 718 88 296 888 785 470 381 480 820 254 589 602 920 981 270 431 594
382 209 90 497 608 810 420 188 904 958 898 150 838 74 575 811 43 858 619 614 767 286 143 8 369 956 595 322 81 772 626 412 789 185 256 75 535 171 229 153
77 579 91 96 966 327 300 339 905 729 646 713 291 905 81 483 662 727 39 665 840 592 899 812 979 646 806 975 532 713 205 852 581 375 62 847 347 140 912 354
174 743 304 134 546 16 642 652 255 506 224 549 957 70 55 446 561 960 11 419 416 579 82 197 173 958 127 280 919 66 271 450 771 136 990 823 532 98 241 29
919 487 726 734 324 113 929 854 769 891 864 370 578 643 472 916 152 849 321 934 520 996 69 276 931 640 659 892 580 889 680 159 482 205 420 93 642 719 510 791
567 186 715 736 245 857 951 70 959 562 248 421 789 723 832 986 363 656 233 872 73 144 640 641 334 669 261 287 717 110 606 742 845 927 607 10 736 322 56 515
10607