40
7
635 505 856 986 669 821 609 317 199 677 391 459 261 377 85 531 489 166 789 688 180 286 474 249 423 584 989 767 474 183 316 890 292 474 395 330 385 219 562 498
374 868 396 698 729 966 298 423 553 318 60 666 500 176 460 250 209 932 683 800 386 614 213 258 549 550 277 22 643 711 271 400 413 330 646 885 386 441 909 591
560 789 709 479 171 914 803 648 794 413 353 625 179 977 130 857 169 827 317 189 936 200 256 900 210 809 969 381 395 54 264 307 205 253 363 642 46 833 59 939
364 24 732 225 473 319 278 576 843 220 627 285 391 374 108 385 599 892 610 921 874 506 247 226 765 152 483 499 735 733 217 300 672 435 677 341 716 632 701 160
896 339 313 348 555 141 384 727 492 718 228 262 37 89 190 458 683 680 999 147 922 885 117 274 134 910 564 872 65 395 126 965 934 809 197 378 534 265 802 702
986 629 904 122 894 413 941 859 77 102 679 561 874 634 377 505 260 728 134 804 580 199 908 760 841 356 85 69 181 396 768 746 322 743 417 970 232 792 23 315
284 570 924 469 856 301 338 641 904 66 728 129 13 361 412 359 206 227 956 135 430 832 941 375 613 707 83 11 483 325 759 222 536 754 532 339 619 355 234 394
231 78 887 204 755 913 170 783 625 220 329 50 39 838 103 114 95 406 84 290 223 136 168 644 207 254 813 4 213 34 939 769 541 821 997 780 952 784 765 176
8717