40
7
422 920 355 451 995 605 199 648 533 676 553 27 446 463 456 264 523 46 245 24 607 212 885 318 863 175 146 155 243 196 134 137 184 624 155 385 72 129 104 873
664 822 490 720 310 483 942 735 737 908 386 562 165 438 883 623 651 365 227 869 435 556 235 529 237 327 848 135 939 515 416 142 552 931 705 536 223 924 142 666
864 875 872 401 514 215 94 690 216 385 16 744 115 346 685 506 391 742 69 478 917 85 988 385 350 774 66 191 633 25 226 642 857 181 947 617 212 404 291 522
272 449 287 535 272 103 14 151 272 650 83 407 194 386 470 50 15 1000 40 279 102 903 985 400 541 426 844 498 466 892 732 194 969 789 786 348 418 618 164 655
111 915 313 711 754 927 847 841 189 922 390 576 897 549 463 208 329 584 555 13 442 89 786 546 967 593 305 732 960 262 830 704 302 727 265 559 199 315 999 432
412 477 604 582 213 824 497 620 228 637 5 203 370 68 166 992 15 948 213 172 294 866 432 368 891 774 956 231 784 147 398 664 164 883 772 399 127 825 108 473
41 627 969 32 912 136 476 298 972 167 729 259 661 161 907 182 920 602 820 975 808 909 163 767 52 148 223 18 20 48 1 934 457 69 289 860 805 290 381 37
330 489 402 66 317 178 476 357 909 504 721 170 560 902 363 536 846 301 468 697 503 708 169 539 464 234 675 8 560 662 884 737 386 716 544 290 779 207 633 86
9688