40
7
264 504 543 460 598 133 506 236 185 190 3 12 133 41 335 466 512 798 470 758 996 303 394 148 490 184 113 6 380 788 617 742 902 851 973 878 74 876 898 532
795 115 959 946 674 785 262 888 487 899 682 962 547 486 846 608 856 269 914 401 831 859 360 805 71 640 505 496 292 131 138 925 822 988 404 876 846 564 561 483
615 785 573 184 950 171 622 157 283 190 550 901 984 336 926 162 63 842 964 911 443 906 744 838 423 415 535 847 274 2 735 258 143 369 593 978 868 230 960 811
104 173 68 875 920 338 478 425 430 200 894 359 382 43 503 490 915 142 368 755 726 849 870 152 892 756 111 503 388 413 941 511 738 309 524 636 173 417 563 651
450 642 975 584 677 615 594 782 214 689 538 294 228 539 376 838 941 583 764 103 632 996 366 492 41 354 271 174 240 349 897 266 169 236 96 264 777 474 949 389
670 932 627 354 655 480 307 728 986 29 620 650 594 82 217 711 910 211 608 940 420 16 3 170 161 741 875 795 634 309 522 878 450 904 201 636 474 354 937 390
336 840 817 70 842 880 590 243 937 109 807 232 593 136 759 832 854 698 313 135 983 800 277 172 99 559 653 306 157 622 220 768 135 103 770 856 123 718 460 753
925 785 211 437 715 487 144 622 753 876 508 331 406 32 539 883 247 936 358 443 927 376 154 71 242 56 819 747 743 728 729 940 501 183 807 658 862 799 455 79
10757