40
7
902 578 969 703 383 740 715 987 263 806 165 764 761 940 313 72 95 276 970 269 511 912 342 657 453 740 947 427 688 750 112 537 310 172 365 246 421 147 441 452
829 880 648 294 40 956 735 65 745 35 272 515 377 136 554 787 88 229 51 591 194 47 330 383 596 132 580 773 701 954 718 952 964 819 538 510 536 824 446 50
945 61 767 799 28 15 138 33 968 339 201 349 236 39 791 890 841 511 523 594 109 480 391 805 301 542 427 893 942 520 949 633 387 119 964 236 351 63 732 872
138 819 17 852 862 294 628 796 911 595 786 195 529 768 985 626 789 694 424 766 173 496 637 760 214 649 308 172 77 394 326 891 164 45 683 360 482 326 672 577
655 92 343 439 336 748 194 181 767 872 248 669 955 51 584 114 891 68 850 301 751 146 704 264 384 16 959 618 250 693 300 771 408 400 795 37 944 888 327 401
365 244 6 921 587 104 288 724 543 580 375 642 703 560 627 619 740 687 810 285 347 634 997 235 305 60 193 861 30 83 604 14 781 980 849 668 848 592 774 519
107 446 858 526 235 76 282 63 525 317 834 548 431 516 557 396 751 757 876 384 551 556 731 855 311 71 568 614 981 601 73 891 671 196 563 524 663 241 16 795
392 851 77 640 967 870 872 849 169 862 116 53 768 370 497 67 490 981 1 117 865 394 978 219 466 320 502 115 393 857 362 485 733 966 683 36 606 731 264 621
10303