40
7
937 384 699 200 931 930 753 959 272 554 29 376 380 78 124 889 920 172 892 568 480 578 551 970 415 623 955 644 743 359 472 966 484 362 728 489 395 916 155 853
624 40 490 593 793 384 654 654 200 847 709 368 146 308 447 744 754 49 273 179 74 552 359 640 643 475 769 50 700 489 458 399 42 251 766 482 326 103 964 606
279 730 22 321 715 576 298 832 530 333 752 34 334 457 113 83 512 959 62 443 954 597 80 788 901 265 6 361 599 193 123 396 259 127 833 764 535 311 811 918
291 331 886 372 478 302 343 940 867 740 288 314 481 883 270 101 523 498 798 576 714 899 975 766 89 248 235 254 458 20 797 463 333 693 705 576 647 537 590 171
594 605 95 754 169 385 751 163 611 424 103 596 441 700 227 114 79 829 907 21 321 670 818 361 94 857 77 258 885 612 443 897 746 386 587 186 922 734 149 295
848 448 547 789 46 456 713 214 205 816 635 662 207 46 988 602 928 362 795 63 697 491 184 106 794 489 668 253 37 517 699 146 657 467 552 160 596 223 931 549
945 149 973 303 833 736 612 89 892 410 893 955 992 205 76 706 521 551 893 880 921 998 934 733 636 103 740 110 170 609 219 419 68 449 244 266 838 173 601 799
290 138 318 357 291 729 300 131 607 105 869 746 954 745 924 112 919 386 768 444 413 620 464 522 5 738 255 531 104 758 487 712 839 441 327 971 724 521 223 481
10135