40
7
788 63 226 598 177 914 1 206 917 26 941 31 736 618 971 7 179 381 870 85 991 406 83 843 831 689 57 297 136 795 57 699 456 822 855 617 595 642 780 167
16 902 246 152 518 236 74 239 915 218 660 161 14 791 993 489 169 417 136 378 338 980 109 762 716 348 228 393 426 826 455 564 573 914 89 862 784 66 486 85
936 265 34 581 330 424 867 288 110 486 276 113 259 499 276 513 510 612 658 472 402 748 407 406 900 866 211 363 65 549 63 232 112 726 437 969 346 466 628 169
546 590 337 666 109 976 629 472 781 960 465 543 593 940 693 16 703 636 689 294 954 337 999 263 341 450 399 709 143 91 770 252 543 793 881 764 540 176 393 812
104 422 297 321 904 512 324 829 568 258 166 341 33 824 424 67 935 772 535 668 853 396 557 422 673 515 790 437 746 512 319 909 839 414 386 744 943 191 686 13
620 186 506 256 53 561 694 674 201 686 772 390 294 628 873 245 616 634 273 257 899 216 74 861 975 794 259 607 582 383 841 844 136 446 422 448 461 210 583 991
121 967 268 91 196 522 685 827 850 376 228 382 125 59 839 447 40 840 467 776 644 983 343 4 51 577 359 316 365 99 138 486 113 746 552 611 886 296 252 881
565 781 423 444 450 155 787 768 233 134 138 86 843 28 601 706 902 668 302 412 902 704 440 15 614 631 3 798 818 921 254 994 848 284 127 419 562 956 863 558
10569