40
7
974 605 122 551 243 184 224 528 151 740 291 158 527 159 838 602 179 924 394 122 24 494 211 593 999 90 52 911 626 338 961 370 675 977 819 403 292 875 70 763
305 483 575 631 516 820 966 267 87 825 496 930 413 130 749 737 504 989 581 313 350 66 449 281 295 575 720 477 337 723 314 88 531 431 270 775 933 248 143 936
33 404 712 898 919 196 824 102 704 98 602 974 197 642 693 99 906 160 773 840 967 799 395 766 387 860 545 63 418 33 468 102 143 233 522 554 277 95 310 639
251 788 532 676 598 500 73 351 93 302 438 95 357 108 919 454 4 263 238 70 321 840 458 882 118 755 672 640 39 1000 632 516 656 626 248 490 912 664 798 535
612 673 842 890 698 904 608 687 543 59 154 264 395 977 181 434 759 472 185 136 956 431 697 775 935 77 75 890 52 380 686 461 271 16 252 93 485 798 31 943
828 320 427 306 95 931 97 61 366 700 157 992 402 814 592 107 967 770 72 242 67 169 839 714 789 430 769 185 454 107 115 930 98 496 555 414 287 895 57 60
1000 377 311 390 628 570 336 283 577 624 633 839 368 60 780 343 548 155 212 130 521 147 757 321 897 424 494 9 22 972 225 946 361 817 343 91 850 564 935 66
957 545 51 994 628 926 143 673 61 519 589 148 268 102 351 369 590 266 976 565 458 815 219 586 133 605 6 791 278 502 619 142 687 600 239 170 439 428 909 370
9359