40
7
860 638 779 304 965 309 809 406 732 229 536 394 44 646 116 982 656 102 586 840 695 426 347 657 954 67 939 514 427 927 413 293 469 931 462 236 855 53 492 418
664 395 63 734 668 669 98 762 715 876 74 83 212 11 560 316 266 516 309 876 274 350 921 83 180 594 303 820 542 634 222 773 153 713 721 576 558 300 151 368
33 109 152 551 340 375 510 641 451 695 548 600 884 469 306 603 249 819 648 367 229 114 605 140 654 692 272 936 340 911 924 397 829 30 561 392 613 236 134 759
68 470 811 824 344 875 977 231 400 30 874 639 12 109 695 425 587 642 786 831 914 69 545 819 202 777 825 409 621 235 910 40 147 937 49 545 550 477 841 410
869 120 895 90 533 738 781 722 851 35 54 609 889 866 413 241 806 968 166 721 442 642 292 461 903 289 716 971 316 556 581 433 924 146 689 681 844 252 21 738
729 341 695 808 772 339 494 234 893 546 55 869 112 108 774 432 84 528 366 627 456 984 931 494 295 847 28 757 963 82 64 3 790 625 829 53 179 502 982 499
402 409 766 151 176 223 181 551 832 686 229 880 898 457 119 829 28 131 440 744 664 926 712 56 997 265 427 179 274 423 677 560 305 517 688 926 720 78 580 508
854 370 674 692 374 705 650 448 460 582 649 276 992 111 157 663 638 406 302 2 285 31 223 630 151 302 350 793 406 490 356 571 246 136 424 436 688 430 139 872
8982