40
7
104 741 522 512 52 611 937 1 541 237 782 371 566 372 854 291 735 255 519 398 707 616 738 918 375 3 570 654 848 926 546 548 410 696 535 562 996 327 79 816
488 580 401 152 385 381 81 444 857 161 941 946 166 224 555 108 294 986 95 980 703 645 253 75 567 249 633 901 645 335 80 885 868 755 854 505 987 522 422 53
459 377 218 771 943 552 312 142 867 476 677 704 225 963 398 975 147 770 328 197 867 265 926 761 766 580 116 116 839 223 730 170 863 117 740 408 377 200 587 543
741 525 362 408 323 49 791 102 882 321 674 847 830 576 817 289 863 840 498 929 752 929 366 82 16 104 323 247 162 215 293 732 860 580 947 902 93 860 269 239
570 960 935 744 413 589 526 808 44 88 230 391 823 1 349 819 383 290 774 307 193 60 441 984 884 926 268 999 106 109 851 675 540 80 273 98 84 57 442 863
405 352 501 324 169 863 159 67 298 273 349 185 45 845 91 171 927 555 810 428 604 516 911 101 436 465 4 424 764 138 46 100 689 489 705 487 5 739 848 318
21 941 954 560 362 78 877 388 294 566 648 602 313 780 889 613 962 979 504 506 789 917 487 688 104 597 22 253 393 338 644 815 222 214 155 100 558 395 266 135
522 466 780 939 31 192 876 121 570 381 917 488 958 374 769 834 418 271 635 268 730 571 675 575 174 257 837 235 193 703 324 403 538 939 356 390 347 166 71 828
10061