40
7
379 405 349 355 986 216 853 159 676 158 374 980 918 724 655 824 236 289 787 401 557 598 122 643 49 120 259 861 365 7 404 708 79 65 589 833 539 621 986 396
252 941 746 987 988 133 151 463 869 717 892 685 704 344 254 379 737 743 70 16 728 507 332 872 138 999 428 545 302 387 528 639 585 863 513 550 249 632 382 137
928 42 653 120 328 849 489 443 193 171 517 213 129 660 286 536 570 800 84 563 232 435 531 463 140 547 593 966 38 436 456 551 135 71 424 120 53 319 151 81
426 185 34 869 806 278 13 230 590 733 391 36 959 607 759 134 117 240 701 949 402 570 621 837 7 789 384 227 553 654 89 495 499 812 846 298 316 38 76 922
287 934 828 655 504 327 865 651 15 178 261 740 236 689 115 514 407 613 858 251 751 767 444 122 744 430 857 406 883 758 517 476 329 847 799 43 819 715 222 853
10 114 684 349 779 554 121 239 221 589 277 609 843 522 62 810 880 268 616 137 41 231 311 605 550 640 877 914 689 382 710 576 985 594 21 582 512 281 184 237
939 226 296 566 575 117 853 695 607 771 933 416 520 203 283 460 676 963 396 438 278 393 608 713 720 785 373 331 73 699 397 143 344 825 56 985 632 454 73 746
483 94 511 218 596 295 785 23 239 414 466 282 234 560 679 20 259 380 453 997 182 204 530 217 658 14 151 962 532 361 943 894 377 666 227 475 387 615 644 25
8526