40
7
992 555 346 732 856 409 950 861 310 178 839 802 523 786 642 497 770 499 126 978 967 965 997 149 531 623 33 197 606 501 475 241 715 711 74 843 429 650 825 348
850 979 455 394 935 785 95 867 223 518 213 908 314 87 7 359 652 618 221 561 808 225 505 573 746 188 748 586 279 421 73 737 129 984 139 425 728 630 695 644
566 897 31 663 565 128 318 458 752 349 962 294 837 589 244 820 476 337 774 213 133 156 584 857 837 91 929 65 513 739 236 464 110 478 612 361 610 666 858 223
482 69 734 170 577 454 249 55 565 763 443 306 495 391 477 518 845 678 241 717 653 288 650 650 231 196 578 303 138 425 931 492 518 600 999 450 169 850 619 696
343 473 412 838 687 811 250 999 653 344 875 857 525 464 714 421 370 835 320 224 730 985 872 225 376 118 995 474 850 307 540 518 133 246 350 661 411 806 65 60
747 329 680 592 149 236 495 366 471 36 219 691 482 973 714 655 88 741 1000 120 632 228 301 886 186 270 70 896 368 122 987 945 946 650 424 294 864 954 282 539
93 697 280 639 491 116 213 887 726 40 125 131 809 336 854 890 713 63 721 605 173 517 338 534 442 630 240 41 534 482 332 988 684 839 523 184 243 754 397 445
268 400 379 44 196 555 653 272 223 390 804 513 476 946 947 369 527 880 639 717 49 346 419 552 603 338 414 999 862 82 860 661 741 84 306 329 789 419 759 267
10039