40
7
410 121 137 63 775 796 216 442 337 772 271 800 786 972 586 192 928 566 508 46 670 630 597 322 965 127 153 232 464 37 631 841 970 811 235 420 42 629 650 344
168 794 472 404 72 781 501 376 520 875 423 388 848 540 209 83 787 567 946 368 582 673 87 632 442 486 998 957 443 389 450 150 363 989 253 182 433 488 150 932
336 316 360 272 692 379 435 756 76 904 219 308 970 796 983 327 834 58 2 150 345 247 998 798 185 881 464 521 921 272 361 461 579 685 754 773 122 867 399 154
259 292 611 628 930 85 242 182 781 937 910 155 253 358 754 641 232 743 691 777 557 995 815 453 38 800 200 485 399 207 812 878 533 478 807 445 448 881 997 818
564 70 77 748 952 575 803 235 574 772 318 150 34 437 326 656 887 670 884 889 559 609 726 709 677 975 881 902 55 470 857 234 367 1000 744 700 671 984 894 953
361 260 849 216 285 91 95 101 129 653 741 578 27 88 923 264 725 395 895 149 951 165 539 248 399 163 408 187 443 239 880 98 67 890 511 289 104 898 666 341
715 973 416 214 672 893 681 306 234 551 388 609 206 290 335 248 95 402 349 825 865 894 648 992 821 949 295 666 48 529 403 236 791 273 19 695 297 567 156 304
851 225 963 216 48 301 770 597 26 851 51 436 576 793 479 704 514 73 746 98 373 142 151 884 60 801 295 94 751 800 5 839 424 545 562 499 888 63 343 755
9296