40
7
512 452 34 915 100 150 612 154 117 704 134 652 111 844 890 703 267 422 259 406 607 234 34 532 456 94 268 640 380 911 335 322 450 145 13 486 121 588 54 126
425 569 163 836 124 696 958 955 63 433 816 252 256 838 443 672 484 997 230 344 456 181 658 870 901 726 745 400 933 560 929 300 188 775 898 456 383 440 253 295
43 471 662 276 677 417 48 882 564 6 201 408 174 220 80 528 454 368 424 723 906 426 275 598 189 586 169 359 831 81 930 140 360 412 549 854 322 612 742 715
465 17 804 136 460 816 381 729 307 116 584 699 544 13 831 22 774 846 725 646 895 283 253 193 385 740 334 260 356 213 492 321 500 613 239 488 423 976 402 589
603 734 184 106 39 32 255 941 618 704 612 996 729 844 662 521 934 805 598 95 591 445 981 215 129 711 293 726 687 889 781 506 830 492 874 504 65 777 201 419
760 118 172 85 457 355 582 84 810 129 873 524 875 563 16 22 327 6 310 501 550 878 382 453 152 17 285 627 617 229 735 201 682 284 22 245 528 877 875 490
617 994 127 545 210 575 292 547 279 388 610 822 291 466 34 421 964 918 607 493 579 555 784 294 366 616 857 838 760 211 954 153 207 686 926 775 7 312 99 980
767 158 716 374 622 556 975 802 190 552 292 759 651 172 165 377 86 695 869 389 402 822 604 877 901 148 688 423 337 463 989 626 386 943 660 31 393 937 157 809
10882