40
7
658 304 237 616 595 798 89 108 124 157 808 256 364 571 560 409 359 490 98 121 478 908 817 701 364 763 202 295 702 489 506 815 299 364 953 79 26 376 941 635
244 393 181 566 400 118 956 361 801 590 135 940 716 762 133 157 779 595 792 906 517 321 299 594 364 30 411 547 333 944 895 89 372 444 72 915 365 156 613 307
38 685 372 321 10 257 713 871 909 4 373 125 936 206 762 723 856 959 52 379 958 600 459 816 382 324 62 161 66 696 491 27 109 109 926 759 882 214 962 213
808 830 63 25 369 767 649 727 556 241 432 565 12 983 277 672 229 818 781 733 713 19 385 763 909 336 90 51 435 955 569 458 650 558 276 931 681 869 389 547
549 871 845 247 75 216 261 753 27 577 513 186 239 455 146 359 516 724 676 796 426 39 840 572 129 140 727 54 66 783 567 252 10 2 453 907 65 862 210 770
518 840 747 675 784 422 529 118 675 877 892 784 273 941 898 103 798 419 165 73 946 55 188 714 856 50 874 897 300 163 575 137 714 446 867 82 373 95 35 602
263 281 400 854 297 119 516 346 678 727 12 781 632 207 982 23 422 500 892 273 462 373 601 910 122 10 512 446 459 987 179 570 820 671 63 789 689 438 780 187
659 688 408 716 688 284 252 871 384 664 102 354 526 260 36 980 420 712 911 8 616 111 559 303 838 419 401 495 218 216 130 916 511 264 666 311 938 417 869 801
9961