40
7
776 723 520 835 817 948 431 598 120 114 756 407 94 557 301 556 776 878 506 757 590 171 141 699 147 589 275 625 744 735 821 550 196 902 74 596 543 918 50 374
208 719 5 629 509 629 125 700 539 375 290 846 96 395 408 972 461 606 653 467 426 40 177 806 399 753 944 434 398 243 423 592 498 254 82 734 722 650 5 335
590 706 181 391 621 607 778 441 322 241 85 826 592 23 642 336 88 567 697 417 333 621 835 664 989 550 784 358 155 443 316 509 981 289 477 556 79 832 448 989
35 949 750 558 379 524 583 469 329 543 400 41 30 632 5 234 287 75 257 948 773 813 131 941 784 19 648 470 660 247 419 105 720 944 612 333 313 934 980 299
794 992 822 651 514 318 761 778 101 996 647 223 521 48 833 689 523 548 205 46 757 612 740 859 917 159 333 760 166 16 652 709 70 831 893 814 135 387 980 204
316 939 644 681 80 734 218 471 996 903 338 452 381 490 261 179 204 664 694 668 224 448 913 860 703 978 333 299 589 437 753 129 823 719 841 651 670 837 716 212
313 813 174 202 347 709 550 109 485 695 299 584 779 679 108 387 769 725 629 537 914 292 816 766 296 619 569 700 239 584 472 857 413 124 547 859 987 29 148 572
874 269 60 193 386 855 341 641 490 976 434 661 307 446 441 100 821 391 636 386 449 554 907 13 424 914 920 799 12 219 399 874 975 764 726 27 457 908 105 878
10516