40
7
407 865 783 372 450 167 878 473 497 898 97 112 653 814 328 321 730 140 911 573 102 802 222 734 499 491 462 737 826 907 323 815 821 36 449 283 702 90 672 223
515 819 514 160 802 445 665 716 158 92 558 462 791 533 792 935 455 918 882 240 488 1000 665 561 848 571 384 707 48 774 958 404 290 839 450 529 795 605 695 57
345 667 699 449 951 278 781 229 986 513 999 873 435 563 248 79 744 868 678 392 913 144 335 8 401 923 81 499 149 388 185 416 779 598 740 467 40 975 232 560
209 424 330 783 552 536 15 642 293 846 656 394 533 721 711 262 188 847 239 970 665 804 571 128 1 376 274 200 929 660 53 699 723 148 93 492 596 370 384 305
33 331 734 709 650 977 634 642 975 443 583 398 862 579 578 918 254 204 180 633 732 114 952 51 413 612 902 223 443 70 88 546 400 952 36 237 944 208 889 48
113 930 496 571 199 3 439 322 714 632 378 353 567 430 81 754 723 791 662 696 692 958 476 481 628 993 659 436 696 668 406 326 671 287 883 690 457 211 723 79
883 489 97 658 213 412 827 455 488 121 473 457 137 879 661 99 899 540 333 23 846 799 329 156 389 608 762 161 462 284 106 145 207 772 114 433 47 200 5 149
685 341 844 514 433 818 863 906 193 628 597 793 17 574 217 943 354 608 731 791 949 505 130 725 271 604 898 324 652 399 873 174 694 784 71 442 132 651 329 730
11094