40
7
670 380 918 257 669 954 924 617 369 671 469 724 206 448 211 291 278 204 270 52 202 350 128 307 920 357 589 378 873 613 602 678 108 884 479 776 397 788 894 292
752 553 882 897 116 315 555 481 103 322 2 169 245 546 686 47 449 163 619 833 869 216 290 940 650 244 204 335 455 508 550 664 669 289 352 734 412 64 228 853
187 247 614 799 186 564 108 875 172 753 414 209 789 390 923 311 245 577 287 431 735 872 736 3 271 991 521 756 331 924 708 251 652 697 336 759 171 860 418 85
432 774 259 831 988 726 816 487 694 305 923 881 280 359 691 122 8 754 988 775 446 286 180 321 189 741 59 254 996 247 15 281 661 491 446 413 689 494 339 381
228 476 90 264 280 283 294 92 180 860 769 147 3 328 400 313 117 722 838 65 809 996 181 865 48 989 569 72 138 223 929 241 994 780 521 593 815 176 70 128
65 545 630 326 331 83 41 670 538 326 151 838 251 380 23 268 599 175 267 386 198 504 370 450 138 265 117 611 432 954 489 853 15 656 970 396 148 569 897 300
327 363 209 833 74 66 969 669 8 905 910 662 749 518 602 784 368 863 214 776 408 387 813 331 792 187 942 637 60 488 199 509 416 425 994 910 715 551 358 931
121 183 133 328 334 326 780 196 627 960 837 824 322 301 940 462 350 588 840 513 857 868 704 555 442 463 843 458 191 358 240 496 658 467 180 985 926 359 253 441
10355