40
7
446 336 121 708 385 276 952 139 458 840 313 921 964 559 506 470 567 530 224 568 757 279 659 102 441 951 13 125 157 365 839 375 360 256 565 900 41 843 926 231
21 837 148 674 808 555 852 469 53 726 674 46 177 636 570 20 127 671 991 638 913 554 171 263 501 725 395 310 190 598 42 388 334 401 81 983 910 637 405 380
671 105 638 945 583 799 943 484 66 138 306 456 236 83 548 453 560 892 341 56 102 93 846 402 287 77 355 392 650 267 371 972 614 672 248 593 520 932 812 272
764 566 417 460 930 69 389 582 900 607 935 540 658 423 402 852 431 935 415 39 701 970 545 597 976 491 847 706 140 324 13 975 659 676 916 657 580 296 101 397
384 722 304 592 830 172 235 816 755 626 729 650 337 785 859 474 475 47 266 367 329 472 202 794 500 239 931 246 308 660 195 958 807 452 135 886 296 315 348 145
304 310 749 366 575 934 416 570 573 133 963 706 638 92 187 765 142 335 225 992 692 139 70 384 604 826 223 382 729 970 354 371 527 488 412 164 493 284 957 534
539 742 451 939 216 387 784 548 849 260 140 857 563 57 9 494 634 299 653 524 152 202 632 97 502 145 717 670 345 31 344 969 171 855 899 517 366 58 665 516
972 442 338 463 928 609 604 382 541 379 198 760 704 107 116 528 368 901 640 278 373 566 292 541 506 932 624 362 120 263 284 477 125 744 563 26 705 625 398 356
9570