40
7
940 68 918 991 388 205 494 228 120 967 51 363 194 502 299 794 933 565 344 40 831 690 429 36 596 722 657 486 796 203 474 400 344 751 80 162 793 21 52 692
887 851 783 688 437 934 587 713 444 278 53 541 414 410 374 459 171 395 708 201 840 736 983 707 781 352 516 539 489 317 321 908 690 279 327 689 688 62 766 708
997 804 908 521 967 376 219 473 992 622 168 475 503 314 878 499 903 514 576 456 732 334 359 356 999 915 874 241 312 462 219 105 790 967 459 167 609 693 71 81
809 949 49 684 146 116 836 117 921 363 217 41 248 775 6 49 414 546 185 616 601 375 992 712 986 459 205 946 982 965 150 518 176 28 159 199 924 105 975 207
187 434 307 363 518 821 64 891 415 840 192 378 636 419 645 886 330 884 400 822 11 765 742 215 487 753 231 828 641 831 991 899 59 348 489 590 969 204 63 843
692 626 476 765 649 597 921 502 401 226 280 309 518 812 157 950 800 119 941 633 441 615 665 80 599 261 566 508 536 746 997 161 734 907 693 184 790 93 279 766
857 364 206 640 199 190 817 534 612 953 573 496 251 422 897 707 710 955 978 321 46 149 689 776 49 334 464 781 209 581 381 213 231 454 591 425 885 826 480 82
86 906 666 744 655 829 422 978 172 945 631 117 214 403 105 939 906 599 39 99 255 477 466 688 946 40 318 14 204 803 812 260 477 473 566 687 691 211 739 419
10001