40
7
210 296 467 320 208 111 684 155 256 926 325 621 888 195 851 388 286 373 38 549 430 178 5 476 768 885 578 863 814 655 696 594 772 72 279 350 169 618 802 761
199 903 390 886 573 64 40 930 812 554 840 40 45 240 58 732 806 870 363 505 24 652 572 115 987 381 829 189 312 923 583 914 936 795 420 390 219 538 508 281
717 979 327 560 27 74 692 758 672 86 913 167 34 7 714 50 882 132 667 548 138 787 384 622 708 71 776 787 377 807 670 116 808 766 611 631 236 494 383 40
213 328 871 143 713 212 630 450 245 929 916 448 519 207 458 1000 845 632 866 77 513 436 449 195 750 992 269 668 980 437 994 6 877 832 168 899 817 700 609 605
327 132 200 885 991 744 475 963 222 599 998 411 325 821 988 273 233 615 886 309 534 899 910 593 880 725 580 570 165 335 289 199 437 587 255 161 180 153 272 400
105 563 198 782 31 691 608 282 727 298 149 867 849 599 484 665 819 435 934 383 335 274 577 912 400 999 345 867 637 996 914 213 903 128 389 117 351 767 450 997
998 410 880 342 43 547 133 90 590 646 906 958 799 495 812 362 348 569 547 627 284 249 459 195 490 397 650 280 336 305 665 776 161 842 340 275 748 531 861 307
679 731 855 524 932 502 909 936 207 56 492 920 266 726 650 358 246 61 415 675 306 288 97 970 286 428 527 665 722 244 280 657 155 140 667 504 968 807 100 801
10376