40
7
901 548 459 556 951 867 561 858 194 196 877 632 152 283 62 449 997 791 882 373 77 67 328 37 881 886 73 982 105 707 149 370 765 829 398 344 886 665 76 537
938 661 835 35 272 863 188 796 64 452 501 82 438 194 333 359 675 918 279 302 606 226 113 116 969 788 169 84 538 244 364 240 352 797 859 226 671 47 391 183
71 251 896 344 619 422 163 169 606 591 83 24 493 390 464 628 142 116 809 389 785 137 636 957 459 995 808 879 522 471 174 651 912 919 799 221 608 955 721 346
863 492 910 576 82 605 50 54 887 548 389 730 145 620 83 795 986 955 598 195 354 290 976 85 497 767 857 523 61 581 67 165 107 181 872 116 121 738 547 110
600 314 281 641 569 898 502 478 603 263 310 170 598 59 223 581 983 368 5 806 496 211 900 286 470 631 458 189 95 794 447 780 843 657 393 883 225 598 659 748
381 614 835 124 25 492 770 784 895 972 902 295 644 672 549 772 654 21 548 487 203 379 502 266 111 992 894 620 579 517 305 278 75 409 496 29 945 198 63 979
468 743 806 726 347 476 181 330 819 199 405 792 706 161 258 676 207 8 52 227 675 973 504 107 234 684 228 852 469 936 96 303 793 532 573 784 233 83 118 927
472 870 143 429 315 731 545 656 194 597 941 709 630 797 466 506 284 857 94 76 796 486 192 11 133 472 553 329 190 499 515 322 747 346 413 351 979 380 406 948
9690