40
7
961 789 39 413 443 481 402 48 954 59 501 806 107 318 300 847 303 865 902 28 312 79 315 216 427 380 226 261 212 565 300 915 34 771 635 469 776 400 822 812
117 423 450 581 683 469 575 36 663 304 6 538 801 871 14 995 345 268 814 246 713 81 788 447 182 770 849 318 669 646 399 774 132 214 561 270 915 925 871 389
574 976 494 7 114 369 342 882 253 180 866 471 1000 694 444 818 34 247 874 736 160 232 239 467 65 335 921 487 537 34 955 297 708 104 379 708 712 910 323 935
859 281 418 245 802 244 944 830 117 313 491 793 706 721 374 736 216 765 114 365 792 889 174 412 738 593 482 839 442 589 240 495 212 791 990 136 215 158 426 306
366 417 867 406 854 372 846 805 775 523 253 27 632 81 554 655 79 231 857 20 562 509 435 91 227 213 771 716 560 916 541 897 908 472 582 22 96 931 601 521
622 368 56 906 364 302 98 352 770 804 242 886 446 197 857 718 13 390 139 542 873 433 401 784 110 40 276 332 240 391 378 438 353 268 831 880 54 983 331 806
855 388 388 979 677 924 190 475 213 821 838 272 609 58 178 494 303 968 598 178 435 545 200 179 864 444 417 324 810 899 870 751 321 149 671 264 597 882 323 38
551 523 783 444 621 782 707 601 328 947 226 428 211 271 657 309 540 661 642 933 252 679 121 416 745 117 862 446 334 670 117 84 125 116 619 514 36 276 918 713
9663