40
7
395 433 406 630 263 508 209 292 318 720 488 81 245 987 630 673 667 387 243 237 81 927 708 705 364 792 713 35 855 883 677 958 983 443 533 680 826 715 121 788
303 777 357 461 448 773 662 897 670 584 77 800 839 268 835 538 264 524 35 217 193 603 33 255 869 334 586 665 549 6 994 182 377 823 815 347 630 231 683 827
378 488 407 125 126 154 885 300 559 680 782 11 927 739 612 483 541 609 721 80 593 402 489 965 174 225 641 538 874 43 514 848 479 810 625 633 722 328 594 663
475 458 177 219 982 460 520 262 667 342 411 486 97 840 932 991 148 745 354 200 888 833 779 738 419 248 439 402 851 722 712 76 816 254 546 468 635 877 355 724
424 747 985 579 19 51 870 698 769 636 129 196 331 253 760 969 768 410 442 927 82 987 34 868 193 254 895 303 714 295 799 776 457 94 48 872 391 496 175 270
627 669 826 516 991 399 853 677 946 136 9 115 154 284 686 655 150 876 649 877 724 164 989 795 793 712 667 64 655 492 299 220 595 372 307 654 851 985 842 959
721 980 273 963 639 935 540 254 93 114 614 436 601 998 822 700 323 815 416 905 321 771 388 760 720 407 582 447 871 274 744 558 679 634 785 367 836 70 686 776
832 746 187 454 597 781 341 911 6 767 833 261 350 739 524 116 913 75 421 799 959 531 336 956 295 453 573 894 831 148 96 610 810 994 647 307 173 454 458 812
10995