40
7
21 351 154 38 329 430 886 141 289 907 261 89 187 726 187 153 828 995 239 687 302 643 291 368 421 941 162 668 368 503 622 116 241 612 761 344 897 555 113 301
88 353 380 218 387 774 441 19 944 300 218 686 895 274 801 723 374 257 255 75 355 232 857 656 665 2 567 606 978 87 221 684 695 971 89 479 731 908 245 240
818 587 983 768 804 152 513 463 875 649 482 422 524 482 837 493 712 961 513 162 44 72 738 417 261 204 312 877 743 801 654 957 48 596 57 296 770 830 240 650
645 475 652 651 921 102 274 752 989 96 878 119 45 49 654 182 817 483 365 227 581 215 870 7 843 958 771 853 245 915 336 991 7 163 665 533 646 248 509 421
90 332 759 509 755 37 961 485 88 621 106 871 556 995 691 933 276 940 244 575 258 803 219 169 524 767 628 967 437 570 219 968 500 84 519 865 731 456 541 439
559 830 35 304 38 546 606 819 991 571 913 769 323 54 651 408 795 830 10 106 889 11 956 990 263 65 168 675 40 306 880 505 743 582 921 514 356 167 313 275
424 996 859 430 868 745 661 141 935 326 974 992 749 151 786 779 240 39 765 957 95 288 595 902 687 625 197 70 634 47 998 792 126 717 73 367 432 370 281 31
491 465 904 986 703 950 272 308 104 657 413 208 47 654 333 16 326 118 771 552 308 75 198 848 805 649 686 408 57 565 529 427 716 478 622 942 471 144 205 974
9693