40
7
66 495 104 878 581 731 563 841 575 185 319 617 149 725 766 809 455 875 482 658 921 425 35 377 185 622 353 268 60 341 116 192 181 366 635 227 232 429 676 580
941 562 858 946 524 113 233 125 287 733 564 298 850 472 837 56 53 545 693 480 16 938 305 706 250 386 401 112 273 596 216 600 704 276 761 445 950 858 332 544
957 187 503 199 888 260 603 924 608 469 609 81 725 533 890 874 588 102 12 436 632 685 891 931 401 673 165 73 842 400 485 51 550 44 60 589 745 15 428 644
285 74 360 14 583 848 521 117 195 477 880 607 244 328 710 364 770 662 589 246 713 108 530 241 951 516 702 698 764 610 93 385 7 213 994 748 999 589 769 358
906 527 972 966 925 148 94 209 43 513 158 77 864 914 82 504 775 381 829 513 376 267 327 825 786 474 172 163 746 916 593 633 205 858 836 603 287 828 594 631
669 739 412 923 49 153 292 157 593 511 633 384 916 308 304 655 338 911 367 124 842 526 236 598 941 419 999 806 977 389 88 656 494 918 191 608 127 898 846 266
123 77 971 55 517 330 998 193 410 989 396 917 62 659 499 93 962 736 800 635 141 342 939 116 840 589 705 228 244 649 894 779 579 232 829 743 283 1 435 797
549 627 887 842 958 449 437 540 901 61 237 784 506 427 534 120 751 569 216 29 56 937 568 210 813 218 645 781 228 245 96 140 964 575 904 478 700 217 677 706
10291