40
7
343 28 820 890 297 43 452 184 903 393 433 347 239 15 678 203 835 559 584 733 822 246 289 68 880 764 598 806 661 819 748 620 824 440 268 352 401 808 259 192
234 124 835 500 65 410 229 939 607 30 865 516 16 931 345 53 158 115 17 808 801 119 963 58 324 809 585 587 224 915 239 943 663 441 173 904 150 897 934 304
209 752 459 11 622 20 258 178 590 584 122 878 592 731 621 462 472 711 520 303 932 272 555 593 122 790 608 97 722 606 504 363 421 417 935 419 85 365 581 479
656 48 73 884 733 76 953 67 190 699 698 424 437 270 270 518 108 491 771 483 913 156 976 38 215 120 506 531 401 149 938 735 420 312 600 931 288 748 950 329
134 975 406 336 620 31 466 650 52 558 929 264 657 310 832 221 204 939 706 466 742 557 635 768 623 244 57 66 930 123 671 620 889 226 211 780 989 394 561 781
448 134 4 154 446 735 764 257 362 592 798 987 439 201 663 250 870 163 213 838 825 934 646 429 454 867 527 352 773 453 413 606 886 336 68 176 412 397 912 262
177 332 254 296 764 849 745 360 807 703 774 578 681 161 970 255 305 843 469 840 265 614 791 370 352 168 636 702 15 958 188 867 588 475 720 722 5 581 182 956
12 167 98 253 803 822 217 752 678 299 910 999 600 227 953 68 677 578 367 332 152 675 582 542 11 202 251 906 821 561 452 174 229 483 274 635 250 923 560 153
9324