40
7
18 2 322 121 33 436 11 956 502 762 418 116 599 940 908 200 494 994 763 774 347 285 91 142 331 247 804 271 369 512 42 160 461 127 228 835 435 333 583 25
522 642 600 350 873 895 787 827 507 968 313 526 621 136 630 865 662 808 972 62 551 335 232 848 712 222 146 988 919 204 981 494 500 477 372 56 905 121 372 839
804 940 111 424 577 856 367 143 362 670 241 626 464 351 737 10 591 77 902 483 696 119 205 945 799 515 638 72 248 334 228 743 412 97 38 814 50 345 664 265
921 454 283 904 726 656 378 458 606 98 34 66 419 561 844 102 892 995 988 651 866 249 251 840 633 995 584 739 900 732 931 598 853 567 487 465 917 427 422 62
533 179 212 45 812 486 937 335 46 815 861 789 722 407 550 823 919 332 818 951 491 743 505 141 517 292 85 629 702 766 914 393 617 308 960 34 492 510 195 467
134 833 205 103 756 301 962 880 218 895 484 693 723 284 1000 339 700 6 503 943 807 880 341 89 699 474 6 116 634 683 321 645 909 471 273 829 75 62 904 228
604 731 351 626 630 139 734 132 211 409 293 997 432 640 99 48 360 833 15 358 691 847 64 74 680 558 267 240 127 435 163 57 782 321 506 967 89 846 554 195
176 635 293 698 155 753 808 633 499 80 268 63 796 523 901 967 993 65 636 351 301 972 35 16 893 6 61 435 838 684 991 725 245 238 668 238 906 944 45 672
10103