40
7
269 630 558 961 14 113 267 939 408 536 381 482 86 35 677 943 599 282 885 973 171 881 874 679 818 697 838 762 489 795 142 270 922 980 287 762 706 520 369 868
268 625 789 176 20 991 443 833 988 580 225 527 106 282 300 460 842 803 626 656 345 1000 345 87 503 940 915 685 497 288 657 592 613 334 663 663 643 3 835 410
635 795 362 802 226 437 844 541 986 539 296 513 739 982 517 731 949 41 396 208 681 800 586 58 286 446 980 564 712 294 968 745 559 521 954 818 659 855 795 48
984 361 433 705 680 590 265 42 839 270 355 184 169 923 922 898 968 288 499 11 103 108 52 639 291 289 541 519 841 938 866 595 173 832 613 229 169 435 742 258
171 707 851 685 336 407 716 876 995 308 642 409 495 870 900 820 937 558 523 898 483 629 982 370 530 813 442 323 682 527 344 877 82 597 455 34 290 372 573 218
889 782 551 681 495 719 936 996 772 961 664 275 363 396 858 149 8 853 219 948 645 577 852 316 702 850 793 312 1000 920 25 691 489 971 769 630 916 54 171 525
488 43 213 347 265 220 398 335 375 661 101 466 373 691 349 888 766 275 156 775 645 412 866 862 524 439 681 712 657 669 74 501 103 62 294 659 224 993 932 920
292 977 616 7 180 392 906 14 618 956 779 869 331 919 715 859 774 844 467 746 645 62 551 733 380 954 992 610 87 40 870 178 24 353 570 279 568 438 304 644
10772