40
7
581 341 880 228 191 426 539 305 875 552 509 679 192 15 460 831 875 347 604 530 134 773 268 333 884 314 585 539 174 89 490 783 950 532 823 352 963 182 446 35
766 518 70 931 810 159 317 638 17 174 842 813 897 654 107 740 881 639 188 967 779 153 262 381 502 790 745 506 949 112 141 959 74 453 505 790 745 794 357 29
886 176 31 691 652 121 776 820 950 551 47 741 637 910 992 577 618 351 399 199 397 587 933 418 59 487 261 504 831 544 851 416 765 27 616 450 852 664 290 638
239 199 658 246 625 152 37 853 250 366 630 478 609 585 374 127 469 763 246 347 416 991 455 793 102 289 990 838 161 608 226 675 825 667 843 157 746 929 614 662
766 333 988 85 634 379 982 51 857 265 986 924 535 769 631 355 999 176 791 613 613 74 118 73 436 260 66 903 188 870 360 265 52 445 819 774 647 193 440 553
189 249 607 806 47 334 497 995 717 13 328 818 938 552 851 101 412 649 697 722 298 652 886 190 373 979 273 581 505 979 686 399 574 963 742 198 506 713 171 646
581 842 803 766 968 196 955 272 242 26 675 713 610 806 172 825 401 571 822 16 732 210 788 500 417 522 113 145 239 170 179 76 863 782 910 150 192 421 937 98
354 578 862 918 622 335 931 515 516 650 309 906 553 667 885 972 403 87 194 679 636 346 848 783 457 963 189 672 73 569 154 836 228 445 790 973 791 147 417 360
11307