40
7
108 916 903 273 536 419 491 295 348 985 385 98 316 172 737 544 824 12 994 528 83 355 554 309 407 737 297 747 746 310 269 943 302 869 933 912 916 946 155 520
303 676 283 466 892 895 379 397 304 895 280 50 119 776 356 709 373 963 352 351 179 632 408 590 50 210 647 619 88 561 797 423 236 261 749 7 290 885 890 562
509 52 152 293 698 542 587 789 990 204 158 515 968 928 990 187 590 384 692 311 372 224 24 339 966 33 600 384 933 108 382 797 780 901 825 127 962 751 971 277
342 593 699 479 610 56 687 919 587 580 496 54 146 850 648 626 859 496 55 5 776 24 813 739 802 173 25 992 498 120 15 839 225 821 497 737 440 24 165 835
546 778 615 775 832 489 82 703 812 362 252 788 476 14 263 142 489 808 595 672 232 335 698 98 364 411 373 287 210 267 496 237 273 137 207 146 452 705 978 647
17 545 846 295 867 265 239 789 171 200 510 605 923 885 82 617 704 160 631 541 618 108 334 549 240 311 665 615 485 647 638 212 390 780 852 972 602 761 209 221
572 861 97 98 783 731 161 497 722 732 743 348 874 164 610 437 503 17 224 682 618 626 413 493 761 582 754 667 742 179 691 123 521 815 17 530 24 326 461 64
532 948 242 529 93 346 864 82 650 452 642 141 981 745 437 753 597 571 743 351 562 937 626 83 965 199 682 818 793 724 254 720 923 970 138 22 368 389 579 93
10772