40
7
388 680 600 247 615 433 154 33 552 377 86 309 330 96 314 448 754 640 585 369 338 70 931 372 396 90 906 572 204 663 574 529 459 377 508 358 532 591 734 490
469 901 164 787 911 618 907 69 776 532 62 602 543 70 247 506 648 449 986 462 134 367 966 437 259 165 68 365 631 622 568 260 571 691 27 840 912 981 772 803
398 921 480 783 104 372 739 690 287 105 606 154 404 377 641 803 257 193 234 678 47 442 700 528 979 209 37 528 681 654 398 879 701 229 922 18 869 233 969 660
536 322 637 945 331 449 661 751 695 195 21 602 354 122 728 29 946 854 869 223 848 535 780 135 683 860 181 362 62 50 375 329 99 287 891 320 211 415 428 508
784 272 897 303 870 714 610 530 482 567 683 500 409 229 970 449 10 741 125 507 844 22 417 289 771 607 188 912 472 350 246 1 567 980 284 826 592 300 463 739
798 839 413 759 107 311 717 295 974 627 691 869 254 708 660 634 427 875 89 618 187 210 781 808 968 95 38 764 226 739 100 573 904 919 185 929 389 774 750 713
839 304 135 620 589 567 864 384 837 577 5 620 163 398 187 553 694 228 546 404 778 981 314 271 290 890 761 586 797 384 432 299 103 130 483 386 447 386 882 902
305 687 21 338 949 37 736 880 368 973 651 484 771 614 685 548 314 933 694 705 558 643 214 896 405 885 548 125 688 323 840 402 665 206 885 586 787 545 242 723
11430