40
7
189 23 953 78 548 43 380 800 987 611 982 740 462 326 475 236 933 795 670 92 988 225 156 819 31 324 211 765 382 638 553 960 360 133 226 759 318 552 79 856
147 572 661 522 532 68 242 916 281 999 976 437 204 447 318 816 318 188 349 834 311 288 769 543 950 497 878 966 359 322 322 759 424 668 822 526 228 914 951 635
282 815 601 762 145 726 471 746 860 64 962 14 508 498 721 590 273 154 540 403 821 697 339 384 442 519 280 745 600 214 929 327 81 281 760 239 45 570 483 230
674 132 771 595 600 683 340 159 422 25 46 829 842 857 76 181 640 455 443 789 621 51 504 214 652 294 523 248 362 636 330 42 845 989 245 160 867 975 885 391
957 661 456 744 881 835 493 340 470 973 762 326 64 237 152 650 280 864 39 474 538 18 46 169 577 670 19 16 725 488 656 947 229 545 520 961 132 694 448 687
298 940 153 495 921 295 728 438 755 639 225 954 377 269 336 487 981 867 550 406 687 959 896 788 537 439 358 127 710 97 981 592 593 475 477 666 516 656 158 662
595 857 298 98 918 19 315 445 329 400 640 934 515 727 341 583 972 597 523 281 691 515 262 799 631 524 191 502 570 923 699 468 377 340 475 991 602 676 352 378
519 470 672 954 696 303 237 742 988 687 285 784 405 946 917 254 153 169 134 924 373 352 933 780 780 46 122 808 430 791 596 513 978 835 144 735 317 18 85 55
10465