40
7
807 491 541 127 682 131 604 323 875 711 528 21 379 851 504 100 470 867 20 345 529 236 570 305 127 145 330 832 576 158 993 135 359 758 506 193 671 966 697 62
823 271 493 84 221 203 500 483 560 65 37 387 219 536 831 675 213 285 381 597 79 872 271 998 496 774 325 530 487 115 608 900 925 940 678 330 55 813 583 792
503 529 948 566 177 217 53 728 505 913 81 961 778 257 453 207 253 406 959 397 155 440 245 48 253 267 68 919 872 957 429 463 144 429 708 123 659 331 170 922
25 402 685 635 346 661 52 785 852 924 397 669 400 297 536 529 5 283 733 207 918 734 397 558 861 359 293 281 33 403 979 84 703 217 363 848 171 525 726 395
730 193 413 9 886 108 350 753 187 197 493 918 346 570 853 276 1000 104 42 50 269 945 787 201 979 821 594 972 921 971 976 400 153 976 664 387 701 80 829 589
674 350 704 952 340 832 953 175 84 852 590 749 306 786 318 863 149 127 909 634 820 462 650 427 684 752 702 537 778 880 916 89 304 727 317 924 449 238 91 382
822 274 732 987 810 900 488 802 223 209 585 885 806 214 479 883 936 125 925 885 986 886 947 468 473 206 365 742 747 982 787 500 621 474 299 766 285 945 881 89
756 594 880 237 740 909 775 675 801 733 391 696 922 495 981 378 201 314 34 684 549 414 843 919 415 831 451 429 799 211 329 671 569 788 114 524 25 74 723 861
11368