40
7
529 42 34 888 600 443 37 533 97 994 571 148 560 310 907 520 957 23 763 329 695 146 699 273 331 357 149 102 68 570 718 175 708 761 332 419 978 69 648 670
602 685 930 552 194 30 633 183 224 697 352 246 347 510 417 594 676 47 135 952 217 934 371 615 432 100 397 501 116 779 662 492 142 885 136 656 512 906 83 396
550 581 528 271 467 53 787 813 13 170 735 381 384 109 807 282 504 991 323 96 418 91 29 964 509 761 689 383 150 421 225 179 998 787 238 577 606 54 641 227
583 247 34 675 595 450 345 701 383 270 665 989 12 91 513 487 730 545 100 195 624 910 872 413 199 654 348 70 967 946 579 245 152 478 655 583 190 521 491 729
619 699 82 31 679 707 711 363 555 444 418 184 976 987 320 374 869 315 90 136 361 316 767 357 596 526 205 627 386 390 755 619 475 152 358 667 501 996 923 38
633 271 750 662 481 553 953 787 669 898 478 990 288 133 707 397 659 367 285 693 427 463 625 454 683 300 950 420 79 743 799 118 790 255 737 154 821 952 834 224
597 247 611 746 26 264 451 532 200 524 501 867 426 633 6 633 289 784 307 349 958 735 554 617 835 489 758 796 690 49 829 608 634 825 526 725 68 531 108 128
380 782 183 808 31 261 224 445 916 288 305 645 702 29 889 924 530 902 832 65 261 114 199 782 635 206 148 263 759 108 674 571 603 127 64 686 171 146 19 850
8764