40
7
898 647 409 88 380 305 103 128 967 249 871 670 154 701 505 588 962 743 552 909 708 766 25 709 462 518 792 891 92 709 673 456 274 79 411 950 830 135 33 680
42 158 736 454 455 846 797 403 590 107 583 116 455 244 281 784 129 314 949 114 563 763 748 474 684 97 325 529 952 671 214 735 598 208 259 921 710 684 426 516
848 302 405 504 802 985 85 42 155 267 425 587 693 688 704 171 991 861 213 67 792 694 527 23 4 509 790 432 411 584 503 76 544 228 62 81 43 139 314 300
14 801 438 244 307 508 570 940 173 75 240 101 194 822 273 871 617 958 985 140 595 247 637 850 407 201 983 583 795 427 187 979 46 289 490 418 404 139 518 177
979 572 88 599 428 663 121 106 850 654 986 848 549 345 681 652 293 615 531 129 520 368 548 701 151 201 815 217 312 822 59 391 431 754 824 514 629 593 619 812
433 801 321 343 714 606 982 380 41 644 377 196 768 793 773 803 82 497 673 434 448 581 616 5 160 92 839 687 142 815 385 811 839 537 922 728 692 137 297 595
295 986 420 11 736 903 780 503 871 342 12 633 46 116 641 176 516 886 735 29 847 374 456 24 818 71 317 424 646 768 91 170 713 398 924 464 115 893 838 474
947 139 967 284 108 518 384 160 284 394 948 127 525 786 834 890 806 752 60 645 974 516 509 791 779 485 862 925 295 986 846 731 909 939 46 613 471 938 585 272
12015