40
7
518 237 205 156 177 528 634 770 309 158 256 257 748 538 156 843 27 163 832 981 405 892 68 870 517 510 873 764 964 421 353 404 832 358 93 651 781 298 230 810
640 722 330 144 334 964 763 876 15 259 18 948 200 918 547 55 973 266 592 17 207 826 202 26 496 57 744 27 274 446 445 13 280 954 65 520 678 646 943 421
646 171 801 52 28 613 886 758 788 154 754 143 774 593 351 862 399 890 83 507 32 154 983 909 444 705 803 692 222 646 118 493 402 172 779 806 881 172 400 685
941 785 207 313 27 607 788 148 68 345 321 582 359 444 664 725 176 231 104 632 165 898 800 716 81 608 158 900 626 319 796 487 510 569 34 303 823 46 633 856
817 225 666 68 485 630 660 520 825 784 37 867 566 435 686 785 694 881 441 105 878 36 317 544 10 688 585 934 20 179 338 232 139 249 500 837 758 49 748 276
121 959 579 860 823 591 361 742 106 508 67 836 566 327 145 126 32 767 886 627 65 474 634 557 108 179 729 383 7 817 802 279 54 38 947 611 339 921 80 965
598 754 684 519 754 794 234 904 992 362 249 578 501 804 773 5 110 847 347 878 327 112 849 912 882 65 412 337 666 551 305 23 822 702 409 975 711 422 609 473
895 902 864 693 589 223 879 668 379 686 439 555 644 255 104 692 679 606 412 120 148 538 625 756 57 446 509 210 579 494 995 177 531 231 209 647 905 64 631 506
10271