40
7
897 383 869 549 478 180 143 558 857 615 816 768 403 845 617 596 27 443 149 581 569 536 380 46 13 312 447 549 343 472 77 831 611 411 447 982 250 324 93 826
287 192 485 810 439 744 641 470 507 932 75 823 88 148 853 309 115 259 771 563 984 568 693 640 53 333 604 427 407 119 138 254 501 584 897 75 425 700 113 719
523 402 356 938 792 335 899 260 596 95 84 741 430 625 880 206 253 20 964 836 169 842 143 811 56 529 579 355 179 713 436 988 692 604 384 604 111 716 605 599
127 967 885 355 181 161 573 924 612 17 785 944 680 568 514 453 375 694 541 15 12 304 418 729 843 793 418 624 851 337 900 981 539 962 557 944 621 620 860 898
53 269 87 175 521 754 122 628 179 844 920 476 854 283 470 278 579 46 211 869 908 588 497 573 513 504 557 96 851 12 290 607 701 882 114 317 721 924 879 107
2 163 761 772 131 276 746 312 17 657 377 840 935 695 220 504 389 589 653 997 992 973 370 10 151 582 115 746 877 917 867 664 408 476 527 848 49 892 872 362
539 688 648 409 954 328 291 296 775 460 546 307 652 562 188 994 760 269 487 650 314 776 216 741 879 13 258 658 474 821 209 960 450 62 831 85 15 978 243 206
703 997 197 424 341 490 689 466 765 123 121 705 269 670 836 578 713 359 579 909 140 345 34 424 558 325 864 616 319 737 698 467 567 250 863 323 837 70 784 500
10328