40
7
429 12 240 319 767 785 846 237 277 632 122 383 632 526 46 906 474 299 391 551 685 613 513 97 720 684 301 51 986 678 482 792 235 655 279 888 376 490 114 631
529 64 729 697 247 118 429 674 108 956 741 679 641 908 224 360 384 560 515 481 70 389 691 469 570 229 899 721 234 970 763 173 770 635 466 26 172 97 94 695
996 773 350 525 484 138 769 461 77 780 14 6 362 917 271 589 712 870 591 26 960 510 89 723 631 773 772 21 749 343 920 66 949 653 904 273 110 281 128 836
922 640 522 544 424 469 22 388 121 655 535 166 75 498 221 214 150 105 822 906 297 483 39 924 316 298 352 236 484 319 619 84 999 722 846 919 271 897 334 460
388 856 300 879 556 636 313 935 837 45 406 890 834 112 180 610 609 104 992 911 557 911 820 595 548 597 363 483 919 311 474 398 641 325 819 172 841 174 202 668
514 454 601 396 491 728 157 578 270 687 162 743 161 446 396 316 587 982 655 714 56 943 100 374 313 106 7 192 887 537 854 203 622 428 508 728 882 595 341 347
578 629 847 642 33 393 322 556 164 229 215 127 407 210 366 104 853 248 339 851 22 145 539 265 513 659 745 625 789 937 664 454 214 768 101 885 514 772 709 507
256 265 264 856 530 367 635 199 327 788 648 613 698 341 413 717 867 899 540 565 335 330 823 425 585 693 390 649 377 5 783 26 606 925 969 878 747 995 955 516
11400