40
7
438 142 561 432 11 490 318 886 923 779 998 672 786 151 900 246 204 902 118 320 912 869 453 115 406 419 369 650 528 467 178 790 796 13 510 913 286 645 19 597
359 724 239 150 864 512 181 775 298 832 325 389 97 122 32 935 302 513 527 977 307 906 21 396 685 626 783 593 635 498 463 751 445 980 220 781 184 860 184 632
766 754 347 35 721 102 530 941 218 815 879 722 503 516 614 251 565 236 345 931 645 229 83 676 501 959 280 755 809 344 210 605 167 29 875 369 425 211 317 995
604 909 938 669 677 554 358 257 886 264 639 604 357 546 528 276 445 26 595 579 658 306 764 794 78 58 640 52 609 197 833 277 189 595 230 567 922 835 570 533
463 206 565 490 77 996 963 410 991 593 812 365 82 702 315 468 130 629 991 237 572 409 838 151 794 895 433 839 624 312 898 824 181 266 931 363 309 403 663 320
482 470 938 697 932 775 192 843 988 61 48 5 522 194 373 537 319 303 216 261 389 437 964 253 851 303 532 780 825 842 370 407 416 67 787 807 13 158 449 746
412 551 796 858 398 361 19 519 245 797 459 331 546 311 508 275 725 226 377 610 850 386 416 851 175 58 615 681 636 904 508 752 664 156 699 11 630 317 584 144
625 130 992 379 565 499 694 479 639 760 160 672 240 144 648 755 886 905 224 969 59 48 205 716 195 436 959 982 904 275 461 270 799 693 522 242 228 445 149 971
10462