40
7
39 735 875 422 88 41 910 830 458 736 972 424 756 352 924 620 382 657 741 55 774 993 945 65 518 873 721 911 196 785 38 613 858 83 660 437 585 229 342 184
553 852 390 869 455 765 133 947 544 985 765 297 816 144 484 408 241 136 587 54 563 240 28 152 247 60 555 94 824 491 479 655 434 894 336 32 418 312 583 649
685 601 304 291 513 720 419 905 116 554 911 270 456 590 166 89 996 57 343 361 384 807 721 961 263 736 779 452 411 560 292 219 994 366 514 402 680 349 638 176
133 10 138 288 954 889 882 180 751 495 447 55 12 516 402 548 416 389 185 73 709 357 859 825 919 740 661 372 997 527 624 733 154 899 24 827 490 76 475 596
58 977 6 852 90 166 231 990 908 471 694 320 148 537 506 435 423 245 105 891 974 752 574 237 902 781 287 190 195 648 841 312 724 815 806 378 396 161 520 873
517 431 668 475 895 61 968 841 732 538 168 746 713 996 487 94 462 549 423 229 840 249 881 534 231 665 294 75 706 717 865 196 240 881 864 12 336 833 260 851
380 61 858 48 905 481 23 373 765 562 958 620 263 291 901 546 253 114 105 182 224 65 108 365 650 119 346 757 940 648 134 788 139 744 721 251 592 793 453 309
234 453 636 699 281 841 244 701 299 264 356 507 591 618 226 514 836 832 586 888 787 320 180 404 304 876 613 519 755 689 154 539 331 44 438 789 786 652 24 753
10282