40
7
785 421 396 507 269 960 845 724 7 693 421 659 647 296 712 468 712 521 113 960 273 61 712 156 557 541 217 573 494 736 517 444 279 148 347 538 847 72 202 246
944 768 50 733 694 741 3 436 341 714 896 968 935 647 445 723 82 818 479 726 300 5 242 733 926 957 899 162 469 394 270 732 316 832 301 538 681 497 492 691
452 502 486 182 13 785 863 220 304 168 588 559 175 813 169 546 347 348 898 532 402 127 1000 652 825 443 289 542 725 454 988 947 830 22 440 689 26 362 216 590
65 602 854 547 843 957 471 723 321 90 50 946 270 577 179 137 780 540 4 224 190 706 227 99 941 33 488 65 97 749 965 29 944 710 453 400 322 532 779 203
738 147 677 739 551 248 603 319 219 120 733 348 755 447 432 53 60 570 404 711 637 758 305 619 844 811 169 966 824 47 336 575 633 452 734 658 929 676 652 56
519 853 866 898 721 106 178 203 565 105 240 978 609 145 542 638 210 928 395 53 835 147 831 207 473 51 537 497 218 360 200 990 251 183 464 267 600 769 994 508
379 456 438 913 108 431 291 246 901 715 460 940 709 511 293 87 370 851 305 75 13 10 319 278 888 706 1000 175 954 377 875 539 578 610 909 719 691 888 409 698
931 623 111 646 540 646 972 778 87 405 887 433 411 882 288 427 96 213 935 62 225 894 193 145 850 146 280 201 107 971 874 357 774 592 112 787 713 447 684 951
10338