40
7
313 907 408 792 42 674 234 850 598 71 94 92 742 670 971 408 195 934 626 787 257 866 574 82 939 978 4 739 274 710 946 300 756 866 79 561 178 173 715 627
5 78 431 881 861 563 523 253 877 241 342 296 556 607 219 987 304 912 468 873 767 603 259 218 472 88 768 644 151 215 103 788 472 685 752 213 335 241 692 487
797 201 971 214 259 927 140 386 53 88 160 575 1 382 510 249 162 426 3 812 90 528 566 58 735 520 682 921 836 731 633 237 363 758 158 298 753 706 668 518
944 765 18 219 613 54 941 308 817 270 215 368 538 888 724 8 382 730 391 171 976 431 555 996 480 945 855 47 235 300 332 372 13 336 621 688 922 805 831 489
355 416 630 50 690 443 360 988 600 46 563 482 624 216 364 341 840 345 227 932 992 260 9 971 132 803 899 536 341 370 673 615 10 680 162 359 113 428 264 234
668 588 737 735 661 408 591 955 898 521 860 845 596 467 836 648 720 392 647 456 113 665 434 976 237 519 340 133 925 309 893 299 713 69 789 995 198 584 938 294
115 758 699 778 161 959 117 57 611 896 142 603 336 640 255 231 308 854 513 469 750 884 345 660 744 721 559 524 565 496 788 503 498 180 111 107 918 127 365 570
527 238 180 353 427 504 387 674 561 732 778 362 94 864 437 565 455 637 513 970 457 423 561 594 72 682 586 900 694 843 398 447 234 488 924 573 32 67 921 971
10563