40
7
350 842 512 916 172 203 512 902 561 240 648 379 64 739 966 210 980 684 115 761 143 713 955 395 558 873 513 245 632 295 920 864 283 145 972 494 703 666 516 841
569 806 488 715 36 347 792 536 172 319 665 721 86 336 425 981 465 282 712 528 213 413 259 132 436 443 953 128 487 847 936 924 147 440 942 943 850 183 201 558
825 326 929 188 471 690 278 166 610 532 507 366 860 364 960 837 931 822 28 173 9 688 473 512 352 36 175 995 625 342 581 465 851 395 392 667 259 562 882 725
724 852 341 797 576 889 126 726 612 751 302 943 204 798 533 492 189 38 18 571 242 397 108 513 427 982 514 845 175 754 915 251 39 299 614 736 252 231 717 2
962 351 713 51 467 359 163 205 581 987 642 590 254 922 670 664 381 892 990 983 334 835 272 459 520 499 247 526 5 28 748 112 369 235 128 940 735 140 737 860
638 95 442 800 348 307 729 95 501 698 231 964 517 206 417 851 761 196 898 558 355 166 200 641 141 215 547 859 536 434 231 224 974 378 843 652 315 722 807 974
621 881 700 683 339 173 298 105 181 528 370 850 798 859 216 930 753 784 336 492 597 42 158 793 599 929 792 312 563 6 390 859 721 877 305 948 256 184 574 780
579 584 805 40 575 206 290 390 55 977 15 54 55 869 339 241 855 822 332 934 278 426 745 969 222 204 429 672 392 711 691 767 385 366 884 783 20 960 52 562
9768