40
7
184 290 312 983 371 749 187 393 931 195 869 730 500 575 485 347 560 777 305 366 927 590 629 467 198 526 743 960 857 436 332 902 372 801 849 65 573 927 742 411
535 102 958 21 592 390 384 518 639 242 700 376 514 300 494 957 600 706 283 937 442 329 859 721 456 87 208 562 579 754 952 244 895 354 18 45 741 270 337 345
782 595 229 385 945 961 612 513 725 201 271 619 261 763 425 657 24 426 370 102 534 364 424 220 361 636 254 616 303 777 728 828 942 254 950 412 834 752 452 337
30 84 814 236 376 963 792 477 179 36 119 298 862 754 983 227 616 319 876 732 945 377 623 154 162 542 235 854 506 316 123 322 660 597 613 543 720 153 169 952
274 909 767 800 735 808 503 418 81 837 199 387 205 137 927 47 916 509 909 157 996 569 549 658 835 714 483 732 764 411 444 189 267 719 362 202 623 421 434 414
866 223 650 141 356 988 29 911 309 484 299 117 215 145 263 42 810 316 581 861 21 422 687 839 196 389 883 441 643 346 579 738 907 462 164 244 245 294 225 136
223 618 435 674 966 769 1000 601 261 543 30 565 306 330 524 44 276 463 815 39 40 371 781 963 776 164 856 978 442 949 419 573 254 850 840 884 374 695 809 676
545 598 138 663 393 659 486 71 225 32 527 378 467 478 228 416 719 657 128 995 381 412 248 220 567 215 433 176 739 867 933 499 762 984 384 932 451 731 347 956
10020