40
7
911 425 832 493 667 967 645 751 488 904 3 494 880 256 261 889 153 164 700 480 33 662 628 745 569 249 155 386 457 99 662 932 257 970 331 571 47 926 406 881
788 683 244 714 20 771 43 156 518 238 317 45 326 765 306 299 66 442 938 666 868 27 555 786 822 287 205 35 13 315 409 510 427 822 216 819 522 785 750 314
987 106 343 89 564 930 440 964 199 699 927 48 783 462 300 794 464 152 641 58 23 98 939 507 342 616 897 990 677 266 314 661 553 961 26 966 192 232 183 273
748 145 432 615 13 910 117 493 157 78 692 800 367 547 392 568 496 186 341 462 93 630 221 887 672 780 473 380 866 1000 294 255 372 221 693 726 391 695 588 636
490 480 689 679 488 103 955 163 825 722 631 718 861 801 198 819 934 610 434 618 616 622 866 674 327 529 914 697 488 391 918 191 65 671 788 290 913 91 228 515
587 131 926 485 723 73 665 437 107 556 925 680 865 345 422 467 540 889 564 533 445 586 785 640 709 732 946 853 288 394 335 49 861 128 761 907 186 444 770 796
792 187 207 956 687 717 825 488 284 277 564 172 323 748 999 611 505 944 188 881 221 24 369 816 644 89 693 470 683 38 228 5 441 359 200 12 371 249 250 33
788 889 180 755 841 185 632 563 343 926 424 643 830 582 519 807 816 382 44 399 910 745 164 464 255 146 458 175 987 373 304 815 524 734 603 892 659 229 339 147
10736