40
7
368 61 352 684 913 166 885 766 585 752 78 976 293 765 175 234 882 777 225 368 10 832 664 961 704 751 462 300 129 854 726 656 203 135 653 267 115 289 282 470
458 974 405 763 129 812 379 907 177 85 67 276 567 423 618 426 655 529 628 438 748 326 556 489 495 522 277 604 202 901 743 388 417 230 314 526 274 52 837 388
139 239 744 68 988 800 522 594 466 240 146 836 186 254 813 31 613 387 192 994 153 991 38 332 785 299 502 449 492 450 349 366 181 374 345 786 250 863 890 321
489 448 720 38 24 953 743 32 696 929 689 561 460 7 796 712 734 263 607 50 511 751 40 899 338 690 618 328 421 390 523 815 153 179 919 384 110 664 6 757
693 265 886 450 74 446 667 312 102 476 83 691 559 220 14 833 341 816 440 224 360 84 988 826 787 62 229 179 152 563 297 361 258 30 813 717 439 343 641 502
412 29 979 449 706 296 14 444 481 399 11 607 948 542 237 359 986 676 70 1 651 487 745 230 983 868 347 824 66 56 524 13 403 283 199 556 793 99 951 531
807 839 491 133 452 588 869 354 490 217 318 604 66 756 90 678 910 580 441 192 393 72 786 210 41 422 812 575 685 773 502 95 809 825 925 305 825 988 263 282
971 178 828 692 499 801 299 951 760 37 767 1000 969 27 563 769 273 1000 993 691 211 665 3 316 203 130 307 638 123 357 720 290 798 622 20 85 846 651 610 976
10820