40
7
607 558 425 517 747 666 780 312 489 640 673 455 68 192 624 424 137 241 403 318 648 59 889 451 161 187 237 232 504 280 184 136 621 818 867 427 979 842 197 428
29 924 666 655 559 985 699 260 881 271 996 683 915 402 591 20 838 87 680 338 338 63 610 781 639 867 339 559 989 637 549 510 141 375 468 843 277 681 779 214
814 613 836 373 323 65 14 519 160 127 590 586 23 900 386 575 526 763 827 528 334 813 145 504 206 159 977 320 851 198 793 112 906 148 42 592 345 409 331 139
235 895 447 283 54 474 293 807 448 831 61 793 832 143 940 376 510 979 479 823 351 282 97 404 989 108 582 93 334 119 470 822 609 929 460 662 849 166 3 685
142 960 715 41 24 904 491 187 432 278 959 290 168 929 463 980 971 852 702 214 763 310 448 187 712 484 395 807 789 60 138 371 599 844 579 851 783 85 386 848
584 512 497 138 948 651 397 207 956 344 766 54 164 442 531 123 394 529 39 224 525 574 895 28 638 250 130 569 725 895 819 662 450 870 553 219 562 59 642 571
99 59 254 460 604 568 27 49 383 409 673 200 601 198 539 403 420 745 60 755 37 958 744 813 4 885 985 128 258 38 968 906 593 678 964 39 399 583 686 247
872 371 177 37 941 697 946 925 881 521 714 329 134 902 906 917 734 682 706 66 951 622 827 834 103 446 258 955 504 273 275 98 217 245 5 717 131 90 316 310
10318