40
7
656 475 585 960 412 344 524 746 938 449 610 162 713 817 822 759 219 843 686 108 796 636 833 269 642 502 495 857 653 740 600 654 288 445 276 633 22 751 491 522
170 971 457 581 393 345 127 76 845 537 736 836 531 943 277 568 814 886 837 475 991 866 178 596 837 517 135 201 920 862 982 61 750 191 225 647 526 449 785 809
275 606 357 30 21 312 551 457 410 329 700 870 179 478 224 740 16 607 536 724 603 427 261 683 931 660 460 395 506 340 287 652 320 480 578 392 918 326 22 76
207 92 463 844 549 134 744 634 339 743 227 334 850 914 478 471 47 296 692 465 726 29 754 871 237 693 885 852 922 763 954 540 580 689 363 384 211 876 169 241
698 885 342 179 330 636 23 612 81 840 972 240 752 334 844 642 115 799 575 611 784 767 907 832 351 448 582 606 24 124 642 152 210 968 949 435 444 524 432 782
215 333 909 282 860 527 340 672 465 776 659 566 54 672 855 183 460 233 782 156 122 959 217 302 326 655 969 605 194 236 43 9 64 852 658 261 114 847 19 960
608 616 120 920 556 735 791 487 574 345 731 45 763 492 283 13 505 588 618 298 574 383 446 427 284 16 244 118 879 27 945 770 479 656 200 759 289 802 952 14
826 686 196 253 390 52 860 784 987 106 108 283 577 344 53 648 112 306 304 629 67 103 424 750 601 292 841 494 974 570 584 31 712 551 747 12 372 329 58 527
8772