40
7
759 201 453 720 986 300 693 52 255 164 201 275 817 11 354 273 890 407 402 865 766 67 711 440 405 630 915 704 197 175 172 844 829 256 557 977 21 949 948 893
990 849 434 115 895 617 857 684 403 576 602 33 83 175 549 73 663 347 361 915 159 626 35 487 814 61 970 958 815 733 291 869 710 460 550 172 222 666 556 35
23 273 275 486 255 246 548 286 205 117 924 523 176 708 654 143 821 636 415 975 524 345 310 377 324 986 411 498 213 305 156 284 535 368 57 194 800 586 597 209
447 668 613 195 508 205 800 5 517 772 572 809 143 69 704 170 312 819 145 761 28 354 337 739 589 781 31 967 817 281 798 724 53 316 724 925 397 54 801 361
466 261 708 875 250 452 69 361 540 47 185 510 323 659 442 115 85 613 395 965 747 177 963 311 682 501 189 649 570 888 232 406 253 953 291 52 450 939 583 394
341 822 698 504 925 384 590 598 220 383 264 634 808 558 17 141 674 466 212 878 874 864 512 748 493 567 134 794 433 762 489 134 59 183 104 392 619 115 774 247
894 987 865 287 34 706 833 121 958 50 797 52 120 515 687 639 149 73 615 631 858 636 430 688 553 886 35 672 223 26 861 882 314 335 50 29 10 810 833 336
565 809 947 233 157 107 990 515 966 143 610 989 249 550 328 249 348 589 983 424 891 201 937 887 396 412 441 41 384 949 30 778 441 436 527 98 405 572 964 779
10660