40
7
640 1000 672 690 132 444 941 941 277 397 758 16 944 672 375 888 629 886 491 921 47 418 534 631 805 13 229 493 314 80 982 123 316 267 150 511 857 578 922 177
293 817 238 69 227 345 845 844 378 973 909 929 961 889 658 646 572 117 583 713 508 171 143 748 233 167 194 824 467 456 353 316 177 751 640 877 186 299 467 762
157 150 867 119 20 429 99 127 141 792 315 568 473 538 522 652 972 996 485 938 472 960 937 902 635 346 850 396 609 295 867 60 480 605 13 930 946 926 629 154
292 70 766 910 535 510 541 439 248 119 120 377 545 983 27 14 409 326 200 86 74 944 888 239 336 878 916 932 724 827 638 960 703 827 154 522 938 794 749 498
988 671 299 687 41 152 347 387 385 408 398 490 148 493 91 156 207 78 911 965 297 882 10 334 495 514 718 229 345 891 987 972 681 592 975 688 120 444 95 583
731 161 691 355 583 494 625 162 731 493 581 436 205 642 803 787 436 271 74 330 230 848 213 418 595 63 146 21 506 461 350 649 582 655 318 845 316 622 911 522
607 5 391 273 113 800 437 409 933 999 369 777 782 903 792 927 126 255 719 652 990 847 235 653 711 162 746 480 340 277 415 628 236 956 657 767 29 15 337 905
105 493 361 422 600 888 702 689 709 92 887 506 70 74 136 989 255 735 993 651 908 615 16 21 347 631 103 729 3 558 315 643 625 4 350 732 721 595 422 857
9776