40
7
320 387 839 9 132 331 74 66 546 640 898 373 933 301 542 830 311 108 983 694 848 109 992 192 215 858 953 878 390 636 36 989 851 792 974 329 246 527 350 129
798 413 567 371 439 882 287 423 369 42 7 514 160 946 139 820 304 82 700 946 4 808 519 727 719 327 381 520 804 97 408 842 638 845 991 532 481 279 974 747
371 21 919 819 757 242 130 243 263 840 869 628 775 161 899 95 919 304 959 93 910 218 235 770 342 977 796 575 482 153 374 885 277 508 355 821 417 334 666 385
321 850 638 114 846 583 394 123 956 112 386 101 163 214 473 941 98 68 291 4 900 642 583 735 459 171 22 814 378 714 925 660 90 979 825 532 999 238 571 342
137 940 457 834 940 889 71 926 852 472 92 557 259 759 5 817 424 689 573 679 417 801 410 862 870 961 55 377 233 859 296 117 523 176 887 854 778 341 769 292
328 984 834 878 121 722 356 652 305 210 736 442 866 312 393 99 427 967 535 664 580 14 608 750 975 725 857 434 99 914 614 121 578 955 97 376 242 832 143 767
733 137 944 521 725 440 851 219 969 245 398 510 245 722 357 635 947 402 532 905 51 582 129 721 365 11 207 516 177 671 296 546 170 647 475 984 130 814 491 370
490 766 68 418 694 674 18 430 911 127 148 844 556 124 391 442 851 269 942 929 722 122 897 201 180 705 962 398 290 645 873 896 566 610 765 552 685 923 220 617
10961