40
7
118 315 233 910 529 812 880 430 41 898 136 358 607 893 381 300 778 920 723 791 683 758 194 736 504 7 858 73 568 164 556 387 849 366 712 172 493 738 334 704
867 210 113 778 75 419 407 802 385 709 238 488 802 968 170 22 699 981 108 238 661 522 92 641 769 430 586 907 156 166 858 740 723 408 182 314 53 150 500 318
751 599 882 648 388 125 962 971 730 402 148 723 988 308 624 234 60 769 239 191 411 404 758 216 390 727 360 973 374 752 431 451 120 754 71 367 470 42 882 905
276 559 25 381 542 738 576 784 532 645 312 488 267 816 345 555 748 706 1000 31 601 541 529 616 17 54 968 701 543 567 138 828 661 629 314 881 966 169 917 490
34 184 634 327 967 342 404 510 411 209 918 4 77 882 395 462 68 897 41 4 462 969 832 165 34 649 661 87 807 599 652 589 275 691 135 169 213 406 443 8
616 47 928 570 591 939 630 940 491 550 351 161 596 125 299 184 979 456 43 725 34 290 7 1 152 686 508 703 690 863 971 895 366 411 358 215 731 905 591 509
231 854 285 531 615 152 751 150 428 689 345 101 903 870 698 473 116 561 749 177 809 711 690 206 317 883 233 542 844 719 64 664 544 527 595 816 423 477 569 508
204 787 330 602 876 257 905 226 471 521 300 776 703 77 766 710 483 917 256 112 822 237 299 634 918 227 782 335 598 811 343 990 90 520 436 510 830 951 299 728
10820