40
7
716 799 738 489 962 468 234 170 150 44 424 851 545 614 412 97 549 251 159 600 171 106 575 478 65 495 893 57 904 125 150 338 54 730 548 885 462 240 346 594
52 54 157 709 186 846 603 294 216 448 145 439 863 124 87 897 657 923 344 826 707 806 361 748 865 262 510 362 789 670 796 984 806 459 215 946 617 799 876 574
131 13 709 712 948 94 366 227 796 321 256 366 131 498 600 448 227 113 805 452 472 12 231 424 741 584 758 894 328 994 268 994 432 980 583 373 128 985 885 824
799 716 749 677 198 296 372 558 826 331 688 643 860 925 114 637 289 623 492 91 238 664 226 304 812 664 570 471 733 115 630 900 67 693 674 249 178 635 41 676
509 926 833 229 71 467 111 299 648 980 20 792 605 248 936 299 25 915 697 234 418 206 377 101 886 994 278 975 458 418 436 991 263 169 456 275 427 279 569 313
893 324 601 851 914 191 873 347 602 932 342 945 299 299 276 535 418 86 83 572 13 161 376 545 132 928 165 791 608 536 398 208 863 614 221 401 214 6 549 560
707 629 278 486 272 511 803 729 920 130 744 897 957 76 461 67 139 586 831 285 581 922 411 870 800 706 406 773 162 573 30 942 946 177 269 614 851 752 971 537
892 804 38 677 729 502 264 821 741 347 686 486 2 828 873 232 15 986 373 910 871 16 170 141 871 330 946 970 979 262 548 567 159 528 788 446 340 957 221 271
10794