40
7
314 829 512 528 263 847 869 202 501 254 106 542 40 121 538 741 305 347 829 998 365 293 333 84 821 121 663 185 21 92 773 463 355 458 273 411 898 371 661 703
502 54 565 235 205 158 746 191 396 816 825 952 411 842 690 285 643 486 628 235 593 488 933 987 781 211 276 940 716 150 383 67 225 158 21 553 155 313 499 75
660 348 56 570 777 777 290 169 553 696 150 651 312 543 297 33 539 993 413 774 349 373 517 711 179 983 502 474 917 899 429 153 414 971 549 830 886 67 590 695
643 10 682 65 158 162 752 139 137 278 375 341 957 901 307 891 553 99 157 508 544 695 30 755 392 794 531 752 510 969 896 936 922 861 205 478 268 682 725 746
994 228 715 323 628 19 826 835 239 235 695 932 39 219 53 893 276 460 883 588 478 312 466 78 835 784 461 615 240 767 618 650 646 31 696 634 325 620 867 594
432 798 689 13 78 103 398 961 642 308 163 616 2 838 318 168 165 696 103 631 258 808 491 397 578 860 752 247 303 811 506 38 405 235 193 657 456 511 460 1000
309 774 254 580 209 656 640 857 478 54 689 800 39 765 609 158 747 697 417 759 115 699 497 811 146 275 448 473 955 109 931 877 554 387 890 880 377 34 978 613
274 777 317 915 719 657 987 272 170 799 445 363 538 783 522 150 399 754 686 489 913 900 508 381 231 280 143 279 355 420 734 718 657 151 300 708 138 106 739 31
9854