40
7
53 751 337 475 949 119 177 278 760 910 237 977 131 341 888 502 334 258 50 991 241 762 256 679 39 555 968 344 798 5 869 343 62 822 701 202 976 102 512 897
460 602 756 704 418 38 123 401 611 584 962 309 855 575 384 398 376 606 683 129 809 10 401 658 184 107 626 605 717 140 760 576 932 868 167 899 785 830 821 272
632 735 729 547 885 140 147 599 332 241 167 674 906 642 815 967 6 819 388 822 412 581 234 945 334 563 352 535 782 59 859 635 143 982 29 938 167 546 186 572
525 771 803 631 169 507 165 390 844 656 371 16 797 901 125 941 89 523 257 331 466 154 68 998 189 320 627 540 658 815 339 85 394 628 975 356 269 939 778 151
453 147 830 86 410 689 512 617 272 440 842 973 970 402 72 674 647 995 490 861 966 11 398 153 287 266 609 354 545 497 855 126 484 182 371 329 598 617 72 745
591 661 92 470 355 554 604 904 671 78 766 289 12 999 454 356 998 52 107 180 909 677 455 349 903 102 711 870 988 148 139 870 755 153 651 488 735 254 91 320
238 465 870 444 987 32 996 739 740 167 966 489 642 876 521 580 957 752 235 422 102 726 748 329 406 63 511 146 289 863 927 648 155 412 331 263 757 518 29 106
888 31 229 623 618 17 148 414 955 25 792 16 867 569 668 362 131 368 121 731 459 303 777 595 887 415 501 431 261 737 323 367 993 304 526 516 693 69 548 683
9481