40
7
718 502 532 214 689 726 663 37 642 188 731 863 66 152 43 370 409 919 96 120 960 237 653 883 562 160 525 585 768 226 402 797 799 118 91 173 993 173 304 699
66 433 9 25 602 179 596 365 174 147 689 989 630 308 309 520 86 71 515 490 805 771 191 920 720 371 848 446 945 718 670 507 927 113 411 562 754 878 784 531
425 658 510 660 798 734 26 688 119 156 870 694 372 298 135 298 688 42 842 351 678 326 589 229 636 833 966 839 574 140 382 124 195 414 536 735 939 588 434 505
8 325 326 943 681 839 68 457 263 841 948 676 740 542 183 30 610 587 830 733 684 969 524 54 322 512 100 221 349 839 842 178 222 614 812 601 451 142 648 650
947 32 887 778 384 694 387 84 502 250 968 752 91 864 102 178 814 859 907 924 727 213 725 928 1000 362 779 715 701 544 407 759 937 560 697 8 550 177 142 975
957 99 703 164 97 428 803 631 448 257 803 223 28 535 280 702 348 724 798 26 27 785 609 222 632 422 533 94 581 787 638 555 170 892 758 305 706 261 276 252
53 709 921 458 710 759 874 168 486 243 894 770 456 572 173 407 496 341 906 341 891 528 236 33 775 167 58 256 61 221 238 771 434 299 437 107 569 729 126 352
364 390 484 317 555 922 905 497 220 80 355 466 881 438 694 973 225 778 849 260 76 87 657 652 971 319 618 699 426 917 684 658 42 213 361 565 368 452 736 181
10168