40
7
165 772 571 591 177 819 615 341 52 523 480 111 406 384 5 873 71 569 197 937 541 413 320 502 732 153 526 274 185 258 618 244 143 571 723 398 474 372 205 158
20 1 341 391 827 358 15 777 73 315 631 904 393 139 999 108 961 718 730 835 950 779 778 822 813 574 194 916 211 821 874 334 827 237 347 883 876 408 150 998
387 203 925 347 498 314 367 445 197 34 16 983 683 900 596 330 868 561 91 436 807 753 520 49 489 483 787 461 281 192 486 716 193 953 321 610 286 753 336 987
332 816 631 803 226 497 303 523 165 306 906 355 580 947 310 551 476 425 554 264 698 604 270 44 218 71 228 401 913 461 988 202 129 1 880 608 839 524 967 282
657 195 732 674 518 627 179 702 995 545 561 15 656 15 810 817 632 44 403 183 401 991 715 957 733 923 639 48 713 872 199 43 550 781 929 288 90 301 849 996
48 558 569 5 761 995 815 402 88 880 221 546 839 970 806 732 421 564 946 204 74 181 834 316 994 781 564 514 363 558 956 716 172 301 367 613 181 979 699 123
241 156 422 130 738 681 428 687 95 508 58 226 827 204 808 763 535 422 507 582 343 164 739 167 46 334 393 795 352 28 972 887 882 337 345 130 905 85 213 53
731 130 250 759 304 208 338 410 929 345 820 929 350 453 621 666 736 333 71 587 695 887 645 15 538 928 698 577 325 609 812 733 63 842 832 865 547 609 181 954
11163