40
7
662 916 594 657 657 646 983 550 632 667 773 501 981 410 284 964 144 655 9 330 779 105 38 620 542 709 445 576 964 905 834 491 107 757 739 208 506 591 841 196
473 906 419 914 704 874 390 240 306 424 138 600 298 509 321 238 661 27 569 776 182 513 508 458 866 287 342 669 237 653 879 649 203 498 187 945 834 774 585 286
309 299 48 698 918 507 920 136 311 891 713 451 294 195 33 90 43 194 860 67 517 760 165 640 780 544 677 18 460 106 283 53 446 875 992 224 877 505 809 846
690 813 726 433 991 84 447 64 380 321 289 634 55 559 741 763 102 187 109 247 170 351 436 658 657 653 457 480 222 328 875 212 1 706 364 561 458 146 688 458
8 872 613 927 740 932 70 950 293 76 754 269 759 379 568 279 642 222 474 152 423 120 475 235 850 106 844 492 325 25 197 411 1 131 377 85 203 748 49 150
409 631 977 289 31 73 838 769 803 63 596 376 798 811 692 971 815 581 331 429 727 826 182 503 964 240 400 192 302 372 8 775 574 313 292 344 677 690 145 360
862 555 949 580 142 835 412 731 973 658 396 830 22 712 444 499 427 577 430 650 601 650 118 384 717 16 303 552 453 533 672 677 191 914 192 118 565 269 720 989
283 163 990 266 183 455 640 699 332 24 866 937 816 803 978 663 31 62 438 641 419 579 857 265 8 918 765 932 662 176 695 111 61 639 893 795 921 258 254 155
10317