40
7
577 226 413 883 629 841 661 17 535 691 937 626 523 190 970 325 413 530 700 805 792 221 246 664 632 397 317 511 852 479 244 968 858 717 421 565 37 20 283 242
318 310 464 747 661 868 218 216 830 651 91 180 299 96 698 683 121 988 997 519 502 435 870 132 856 582 855 916 617 385 378 785 447 703 990 48 937 506 869 321
183 358 700 33 607 963 271 984 940 97 460 584 538 740 523 863 865 815 794 274 922 332 21 635 965 332 727 362 479 276 687 734 124 869 802 985 321 391 929 309
622 848 187 93 614 656 746 384 142 176 350 3 939 172 608 494 212 472 116 302 548 105 367 747 111 717 734 306 528 580 26 688 517 674 610 745 634 751 650 786
618 21 979 559 115 297 262 93 664 357 102 505 886 650 600 43 315 193 22 508 113 455 175 864 730 300 690 597 236 73 2 515 985 856 102 374 976 337 291 388
727 507 992 939 944 531 896 797 112 249 626 229 444 731 933 307 526 598 341 926 502 601 258 11 988 534 70 197 486 981 189 48 286 80 62 461 328 678 458 141
99 27 198 779 867 819 662 980 559 956 694 28 282 848 140 779 227 579 834 214 687 499 424 253 322 286 392 63 657 379 235 926 599 410 733 438 614 331 594 590
510 393 612 354 141 420 986 275 99 466 148 848 502 990 884 946 393 174 250 992 582 795 339 57 706 918 690 476 197 932 835 459 568 331 862 913 690 866 956 704
11630