40
7
133 361 220 597 999 947 278 788 165 187 209 436 312 753 979 592 787 209 570 564 527 281 48 943 166 688 239 788 773 812 348 312 880 873 342 611 22 979 351 146
362 945 951 993 366 223 612 922 23 986 668 616 779 656 680 281 655 166 888 865 612 113 944 4 666 248 320 891 373 963 479 493 561 678 268 87 926 53 427 419
52 969 474 623 642 578 142 326 642 183 239 247 714 501 606 525 542 493 139 522 146 512 433 84 441 888 184 263 726 759 621 180 29 450 111 837 825 909 135 153
148 615 942 154 854 922 882 698 380 681 187 395 618 73 743 322 689 188 309 721 896 846 982 327 98 179 223 7 382 644 395 192 578 303 500 461 437 446 943 410
754 190 400 482 467 331 402 92 446 763 383 748 360 633 340 562 842 761 387 486 830 986 103 396 665 57 565 367 910 950 245 777 996 513 33 941 634 549 659 343
517 902 810 83 187 4 138 277 624 898 824 437 282 916 938 247 404 124 734 279 142 46 710 763 118 802 271 224 227 992 622 104 829 660 14 432 582 678 165 474
401 739 101 583 902 17 958 324 661 942 244 429 72 221 156 318 147 957 674 394 7 709 872 575 691 794 677 940 520 537 156 695 134 186 794 13 959 469 13 10
811 391 748 851 609 953 104 572 593 854 661 183 390 884 76 487 793 511 124 530 599 248 911 720 992 13 615 926 190 886 739 498 580 108 869 521 995 518 896 911
11930