40
7
959 790 830 127 95 886 893 213 298 514 367 136 920 550 14 486 60 655 247 51 47 757 443 153 678 175 233 337 595 290 334 443 648 590 902 729 661 668 307 49
596 847 120 764 192 606 691 518 831 553 223 22 187 107 48 698 706 782 276 845 668 562 518 989 291 23 155 602 572 413 867 649 32 923 821 303 152 244 970 160
346 597 544 227 849 432 369 229 910 742 575 427 519 78 605 279 666 380 83 461 804 222 626 186 191 103 114 511 475 137 44 601 783 787 194 660 256 281 505 564
265 33 279 198 106 81 506 393 558 679 211 626 850 899 650 590 35 492 73 234 385 491 309 983 496 969 867 478 770 313 919 889 589 330 208 899 199 232 780 600
322 112 72 24 184 420 104 806 230 368 7 641 190 920 829 541 608 129 348 784 764 786 462 25 990 773 250 374 699 959 224 457 152 191 677 51 227 362 978 754
997 888 5 557 336 416 784 361 892 923 551 509 603 929 74 286 262 918 527 578 731 402 850 583 278 834 96 241 13 824 290 72 730 295 317 52 466 654 239 472
638 782 108 311 511 266 820 129 89 207 815 657 799 767 200 942 414 391 906 567 67 953 610 315 393 306 149 522 891 504 131 683 200 257 885 580 712 352 732 658
662 194 748 388 729 160 325 223 840 356 916 619 122 191 639 904 431 494 283 870 738 163 169 948 385 152 159 897 355 548 639 454 259 341 484 947 371 4 851 460
9709