40
7
35 464 105 493 778 662 317 869 21 564 304 324 151 160 484 215 922 761 269 898 321 761 363 815 393 402 970 59 576 618 810 828 753 764 585 730 809 298 110 6
483 241 558 26 663 210 965 974 490 74 348 363 645 898 141 719 169 402 265 783 889 652 425 444 116 108 476 518 692 274 871 895 935 563 433 378 703 761 641 391
182 65 136 728 628 932 248 75 329 451 189 836 577 126 524 412 338 909 407 179 510 98 363 313 213 228 206 488 483 764 676 434 912 20 614 244 966 97 316 667
534 34 690 141 851 802 268 844 365 100 410 978 222 405 40 454 683 668 908 325 926 871 283 977 871 974 272 739 681 934 899 943 264 765 668 569 240 861 9 1000
764 56 909 281 132 303 78 465 673 586 261 628 410 646 177 961 395 46 347 55 354 112 834 896 195 416 154 489 519 226 683 188 247 228 617 998 608 131 1 612
593 965 400 634 881 884 131 873 528 744 591 919 63 178 103 589 253 980 558 740 330 64 953 980 473 479 341 876 316 93 725 963 698 565 397 790 953 522 329 38
255 962 696 688 353 968 108 214 985 580 66 936 102 375 131 518 149 259 709 455 88 230 52 198 266 316 137 267 907 481 632 740 16 668 118 829 930 751 559 874
459 447 545 759 334 19 898 644 385 140 479 479 200 718 694 729 614 390 441 515 637 881 258 668 400 109 830 968 982 32 162 937 137 241 229 415 612 491 241 376
9748