40
7
713 756 109 272 359 323 143 874 712 439 32 167 376 218 436 138 319 286 73 815 460 370 202 505 312 918 970 363 765 956 779 18 760 335 558 87 801 822 432 22
4 37 656 925 183 330 32 940 710 841 952 85 993 70 143 980 342 372 425 847 797 630 953 573 688 458 387 813 342 843 881 746 72 626 107 579 131 548 215 553
31 638 177 354 903 724 78 897 840 202 155 568 889 905 641 8 246 473 337 317 198 392 176 770 727 912 378 871 7 277 838 81 744 134 220 310 964 396 80 438
960 622 143 92 809 618 900 868 247 677 37 518 590 649 730 224 545 685 722 639 420 162 751 50 814 337 455 765 736 615 369 965 364 549 658 876 50 232 645 830
656 582 608 233 518 614 926 863 20 445 143 842 971 157 707 590 427 499 564 593 578 417 164 827 314 199 602 532 513 890 1000 304 507 554 965 414 323 675 911 809
211 588 554 119 831 761 903 910 817 859 182 173 179 151 196 593 868 9 153 973 374 972 49 623 267 24 318 439 393 224 172 390 161 194 35 645 789 293 460 404
376 939 756 253 375 908 252 700 481 34 915 348 219 367 480 98 887 830 58 582 273 359 681 718 667 826 698 424 469 204 20 676 239 816 697 695 606 238 914 134
714 638 404 794 965 783 288 45 161 439 442 131 321 276 804 355 99 36 455 505 400 912 785 740 24 581 473 675 634 728 884 167 405 544 807 753 281 793 235 787
10132