40
7
22 616 887 280 772 648 446 280 849 334 600 485 838 292 630 156 128 685 336 706 128 836 466 617 791 170 763 857 819 142 660 889 650 585 800 97 98 349 696 697
372 749 531 815 664 732 784 916 570 296 905 397 93 753 964 992 794 772 915 243 949 511 462 629 466 876 645 358 540 909 259 570 579 604 249 1000 879 113 775 363
915 297 476 730 208 844 848 767 751 533 635 37 593 857 962 364 861 954 769 342 121 449 272 429 715 142 730 623 115 573 791 182 501 568 873 122 853 971 167 951
918 401 550 451 285 284 419 684 411 134 895 718 812 534 268 953 217 139 648 672 559 179 740 943 28 965 692 139 824 208 752 56 787 297 795 243 697 995 710 88
443 366 473 944 263 999 154 242 739 277 626 350 288 599 548 497 748 853 813 733 932 703 355 309 250 90 91 770 970 344 866 30 16 110 110 836 906 163 402 987
190 297 330 247 507 854 314 587 169 869 250 588 530 154 670 785 986 326 470 188 382 132 305 762 725 230 956 315 971 668 740 827 740 144 427 121 43 714 663 161
117 349 103 386 564 493 263 128 711 841 926 287 858 851 739 516 616 166 854 989 476 700 271 269 1 560 9 338 257 66 669 578 822 803 644 178 306 387 667 294
874 130 899 609 166 521 27 56 923 828 900 122 960 488 881 838 656 854 181 761 303 833 416 116 961 826 536 184 957 394 321 586 180 488 785 411 465 566 142 265
10705