40
7
770 726 368 12 799 918 150 422 297 827 381 666 921 369 758 715 193 169 940 74 62 840 342 310 483 319 36 351 608 244 412 189 208 671 148 190 687 581 553 843
402 960 916 929 458 199 589 477 574 245 816 543 614 569 569 15 189 245 894 362 749 283 786 997 326 976 803 265 183 614 173 427 346 405 919 256 237 730 425 452
369 739 35 168 24 466 232 785 122 652 203 662 532 392 542 725 832 357 196 468 898 249 773 266 703 248 255 794 18 771 283 728 827 729 286 939 973 48 746 109
623 449 935 475 994 691 692 219 209 903 994 271 876 17 282 911 461 44 165 44 472 109 387 22 837 474 429 63 938 662 821 109 614 433 108 896 335 476 401 13
587 27 285 242 994 512 835 576 990 585 785 226 692 894 203 301 244 251 799 343 348 472 616 209 567 115 29 38 227 359 244 787 688 893 666 366 118 228 395 329
294 804 755 27 663 248 845 391 806 112 908 553 268 957 71 129 727 273 346 934 692 317 406 410 492 573 855 633 239 436 100 378 876 640 328 845 551 474 958 774
74 902 734 383 894 145 864 176 556 540 403 425 681 953 199 283 303 508 181 202 449 725 644 978 187 588 902 88 461 929 281 628 152 932 650 947 609 877 244 715
24 27 988 723 532 163 486 155 370 503 736 734 274 897 799 536 108 609 16 773 93 194 911 789 841 166 958 949 209 346 850 107 134 698 72 996 975 414 707 418
10140