40
7
48 494 42 498 254 69 107 522 416 970 850 310 740 290 553 610 942 514 747 905 893 889 128 600 106 532 420 206 57 687 178 763 350 36 629 427 167 426 907 243
174 441 594 30 635 206 687 544 821 407 155 903 657 627 63 918 843 503 271 451 57 985 92 746 389 97 264 403 517 573 891 971 215 484 724 833 118 129 893 172
751 729 889 134 550 569 489 529 765 598 77 698 785 193 820 497 999 837 526 918 118 700 803 918 481 289 596 292 364 507 692 190 736 983 967 30 263 805 9 431
106 93 584 785 644 303 206 568 840 925 10 337 468 994 763 551 163 223 598 972 598 616 989 495 303 623 574 532 787 791 494 57 244 875 106 536 908 576 473 326
935 61 852 786 609 906 308 877 988 797 970 401 515 497 920 619 170 451 60 746 525 317 470 457 820 251 45 639 34 729 486 254 906 552 595 977 669 858 912 793
590 566 59 840 287 453 900 672 296 914 540 599 402 106 143 492 768 599 699 969 935 107 251 283 406 689 679 90 343 654 192 776 59 334 13 639 786 661 769 193
675 366 557 869 365 453 457 121 346 490 887 599 706 527 108 562 16 70 865 995 255 709 249 615 634 717 845 772 529 167 599 154 234 890 630 243 925 405 750 338
218 491 759 65 518 821 566 908 506 462 184 552 210 186 685 39 239 394 612 12 144 840 877 614 117 369 88 31 611 284 995 201 246 187 936 242 664 286 831 67
8529