40
7
965 106 327 836 890 728 474 979 296 162 748 74 221 194 938 955 663 137 471 209 239 119 678 572 448 438 822 13 99 525 463 786 892 87 822 20 989 262 9 64
100 432 443 894 378 450 577 964 741 801 508 549 118 65 575 459 956 972 361 78 916 580 596 960 572 921 379 580 66 945 804 717 453 885 167 129 847 592 899 380
18 816 666 763 505 425 956 490 764 826 120 924 133 987 305 418 848 304 27 226 784 585 117 85 279 330 15 464 606 107 424 391 366 961 306 465 47 146 892 116
932 309 105 438 106 63 552 959 349 146 8 706 797 400 937 538 807 785 549 404 346 710 904 286 583 760 293 92 753 815 413 505 181 76 767 36 116 909 377 98
291 806 850 328 915 114 812 722 681 580 640 429 487 708 547 294 515 313 176 795 521 462 113 4 944 181 131 38 749 798 126 876 363 620 326 806 435 692 780 725
736 508 826 487 303 932 476 873 533 78 281 718 993 866 395 253 839 732 416 613 899 248 142 841 975 205 884 425 198 768 186 163 81 71 301 42 820 771 475 906
629 659 255 376 381 272 722 709 220 859 351 299 599 550 120 356 72 181 305 732 134 499 157 408 128 706 372 59 620 286 136 335 581 763 690 901 125 697 132 578
776 797 130 596 890 600 722 100 431 77 778 154 313 305 430 400 170 133 215 791 86 307 544 597 521 53 755 466 209 867 879 700 611 763 678 549 678 6 85 964
9563