40
7
86 359 573 389 215 816 89 206 817 317 656 18 819 426 184 646 16 359 524 99 356 595 369 960 304 516 620 171 485 172 735 122 961 973 567 380 59 223 861 362
453 188 642 427 739 318 515 705 205 377 615 67 199 837 972 110 30 573 588 831 8 596 857 872 38 584 717 720 77 862 100 429 97 139 100 303 20 498 711 217
133 816 790 779 400 427 225 605 255 623 940 573 612 330 709 558 323 995 545 252 648 133 456 367 482 528 10 977 261 21 1000 421 803 790 427 263 414 807 559 408
884 402 292 666 258 758 57 191 647 276 457 920 73 219 696 872 374 481 19 544 87 550 2 622 680 695 82 860 975 449 558 593 70 31 95 879 949 569 583 788
882 375 103 830 439 963 494 443 837 346 412 352 249 277 233 599 888 972 70 279 475 999 628 708 433 231 526 143 789 706 211 155 249 121 326 209 873 32 94 384
614 659 971 205 303 135 248 286 881 787 744 643 231 101 802 954 162 264 282 979 987 302 193 32 282 80 99 868 301 718 17 885 182 701 150 454 311 728 944 291
998 585 127 210 491 641 383 621 914 197 553 233 569 716 228 378 513 666 264 196 262 633 878 342 901 650 133 786 163 431 731 583 584 66 227 434 43 191 244 687
390 116 817 281 679 72 684 182 247 788 244 375 52 6 377 426 607 8 61 166 167 497 394 265 174 402 826 641 11 322 702 577 651 792 152 455 733 799 485 617
8120