40
7
432 590 47 736 119 799 561 903 821 497 675 24 471 99 755 290 641 721 713 165 619 997 580 552 891 787 90 193 493 834 756 357 583 515 766 132 603 718 893 862
330 325 383 785 539 308 254 531 630 35 507 343 985 388 201 676 952 275 418 952 677 975 546 261 437 519 840 600 606 634 164 624 193 84 118 711 659 578 8 128
797 157 759 455 847 489 181 581 631 189 745 811 239 437 400 210 713 302 602 198 194 69 154 864 347 278 869 641 405 849 566 917 335 374 854 191 262 81 520 229
690 436 675 785 803 481 155 914 371 614 910 43 289 402 777 41 830 700 672 353 49 219 145 607 86 222 177 145 508 19 922 211 489 868 634 857 321 233 145 553
235 397 827 235 354 638 304 934 679 821 291 305 932 685 643 557 1 713 530 11 360 782 214 145 153 821 896 679 117 376 593 438 537 860 405 576 9 158 929 30
943 554 850 663 331 121 540 167 62 832 302 534 986 923 771 184 47 323 635 859 56 127 184 76 342 84 10 773 257 717 243 957 636 939 771 728 449 2 994 877
300 892 197 71 297 371 885 965 769 599 355 241 748 833 727 467 986 733 467 990 697 83 470 994 812 730 926 576 391 251 357 661 931 928 140 954 932 14 850 343
603 623 807 166 374 135 106 207 549 337 24 996 327 827 5 412 35 338 913 879 960 999 228 342 477 752 872 368 660 257 733 145 734 846 367 235 464 485 902 600
10045