40
7
444 53 746 632 997 69 311 270 885 552 647 428 659 816 890 346 886 475 902 562 225 61 195 496 682 955 140 638 802 739 914 616 847 193 446 808 84 642 565 242
15 351 409 204 920 552 182 236 543 72 558 127 611 336 410 544 156 90 736 491 542 234 716 82 675 629 951 888 527 887 855 414 909 165 520 499 233 132 70 307
277 543 269 166 10 842 647 849 557 708 358 854 404 191 938 67 427 66 248 930 620 684 716 38 447 179 881 295 530 285 496 6 149 125 279 747 882 816 4 281
130 196 415 320 415 912 462 824 92 625 846 778 196 732 834 189 731 423 714 283 287 509 88 368 707 743 436 846 845 160 306 518 541 22 221 463 915 944 992 367
327 982 225 652 703 534 544 414 465 733 329 342 680 587 597 83 196 246 346 151 926 966 465 655 172 455 287 977 347 547 292 882 863 108 10 49 307 327 423 134
630 18 788 725 478 158 87 167 723 762 785 388 516 75 693 854 377 760 47 605 205 438 839 172 545 575 197 771 524 8 29 198 538 427 807 549 243 585 152 636
137 77 506 654 224 603 209 904 929 301 888 219 317 988 217 901 892 695 548 589 560 309 254 382 511 173 80 864 405 787 455 187 306 593 488 248 624 662 129 630
403 288 635 486 568 87 391 886 350 860 554 236 613 141 447 746 455 459 11 924 179 721 369 244 353 443 841 491 444 91 195 711 235 681 246 955 917 845 130 590
9611