40
7
864 352 344 367 776 258 368 46 319 638 607 297 222 825 989 919 801 58 851 549 194 368 993 521 218 951 450 355 660 387 985 338 626 180 922 645 865 88 393 10
277 666 488 350 978 821 479 360 912 785 779 723 70 440 424 630 815 425 969 930 826 777 126 229 432 172 286 132 654 540 311 988 206 207 353 92 30 924 739 627
836 2 489 702 208 702 919 250 29 542 385 715 746 236 840 404 605 999 132 779 16 275 369 531 710 926 760 126 697 63 684 822 388 854 984 810 533 395 186 838
498 161 721 876 223 807 626 687 106 138 976 566 976 802 549 155 179 454 595 353 171 962 681 320 264 640 492 478 526 485 789 962 67 782 464 168 17 896 110 377
625 973 329 626 602 439 113 705 469 810 665 293 306 53 870 106 597 711 558 139 908 307 654 668 146 280 409 663 552 291 438 230 116 107 116 922 559 327 686 667
671 487 60 56 750 65 451 266 586 444 862 96 648 310 288 308 448 313 576 265 217 741 128 264 664 893 62 948 616 670 898 161 397 316 584 926 452 814 666 243
108 480 374 417 251 139 471 261 830 710 145 811 199 648 823 976 923 675 189 801 927 817 264 232 504 77 268 531 669 500 132 494 509 519 32 62 374 250 513 193
26 311 253 794 923 94 689 897 186 76 169 704 545 921 70 706 500 271 544 850 843 231 103 397 119 718 504 624 677 60 76 86 782 277 734 885 98 228 348 622
8971