40
7
230 925 268 103 965 933 419 877 519 195 174 901 255 42 334 71 763 117 786 757 680 62 118 662 456 500 185 815 561 847 256 722 153 384 802 275 500 379 605 34
968 779 303 742 340 550 595 311 952 15 792 534 944 813 572 801 725 922 420 321 808 433 427 945 493 485 272 333 266 110 346 76 548 312 16 868 356 380 978 42
109 396 46 371 721 496 525 433 652 831 34 220 502 300 393 931 432 783 895 401 910 719 477 51 247 993 873 641 437 872 542 635 248 81 967 748 488 757 126 37
315 174 278 980 412 943 271 714 784 243 202 120 785 655 536 950 257 160 532 744 360 993 607 55 384 973 429 888 558 987 999 836 174 561 106 237 636 552 864 757
468 245 489 416 956 305 618 731 141 476 854 330 899 130 209 54 158 429 827 583 399 72 366 804 119 558 404 430 548 463 627 751 123 632 296 287 528 113 305 455
425 4 974 219 740 354 436 869 939 339 574 849 129 590 785 881 270 86 177 786 828 779 998 519 4 903 649 756 25 498 888 13 57 942 619 364 748 295 555 297
870 750 112 260 278 19 601 198 440 57 895 849 877 135 988 864 187 947 635 503 104 474 100 699 411 716 486 903 302 507 574 239 691 765 374 422 85 770 307 389
28 847 239 157 726 511 810 676 308 912 684 417 894 370 271 964 717 757 349 361 795 851 100 832 676 809 464 951 797 262 679 137 224 366 153 458 570 149 639 101
10506