40
7
580 545 728 387 407 280 964 190 956 39 809 801 703 838 557 58 753 10 301 529 993 910 176 21 771 156 292 11 766 693 637 881 855 461 17 723 945 335 836 54
889 247 132 775 560 513 672 40 314 841 750 3 110 342 961 920 593 425 393 416 285 121 91 935 871 146 806 847 43 682 340 728 434 87 973 50 575 428 267 730
257 229 257 656 55 582 202 950 424 642 526 96 219 956 414 605 304 511 117 932 300 95 891 129 207 596 962 828 305 139 625 140 205 825 340 263 77 346 597 831
792 984 572 281 801 57 761 834 752 359 63 705 111 564 764 850 178 753 638 15 167 915 411 615 47 117 133 149 392 177 36 3 914 841 92 393 92 481 204 358
996 138 174 112 775 783 444 495 656 548 301 880 937 612 915 573 746 122 202 277 594 212 636 626 377 290 691 561 958 774 187 40 771 427 367 700 686 812 64 257
70 477 698 433 927 896 765 663 233 680 455 970 467 549 82 767 673 791 384 425 874 842 606 588 569 631 33 279 661 990 15 87 189 255 999 882 473 559 910 909
52 596 325 718 205 640 450 392 541 212 610 223 77 639 305 403 506 231 629 348 465 536 753 14 75 156 753 166 493 751 93 416 18 502 435 876 21 344 249 649
950 5 972 388 627 822 494 227 509 922 335 676 707 267 81 305 127 917 959 568 446 170 113 538 357 524 963 713 326 444 666 445 843 238 278 572 209 79 315 442
9770