40
7
7 854 578 730 562 233 30 953 977 161 755 44 62 253 201 334 302 16 688 512 1 961 948 966 415 684 32 191 301 625 739 828 172 982 782 140 317 930 604 638
201 256 204 776 445 596 618 746 602 700 832 673 980 109 393 200 282 857 714 975 600 867 526 463 821 866 494 446 241 628 797 626 362 436 767 90 44 976 178 301
526 213 2 992 363 271 991 655 432 84 912 8 195 91 658 17 277 389 171 686 686 925 304 830 988 909 531 948 539 447 741 341 390 818 307 26 594 924 908 119
503 444 228 956 878 303 802 595 706 931 255 665 176 683 164 319 475 246 297 835 988 913 292 67 699 799 806 181 936 588 553 670 602 530 219 723 403 539 438 252
578 691 935 663 138 194 559 753 981 974 415 422 957 213 217 217 620 835 264 45 354 806 602 975 677 702 802 427 190 722 269 607 633 274 758 665 785 820 319 414
602 765 277 917 116 309 589 205 192 955 224 505 518 589 401 722 16 362 879 518 215 886 267 396 180 61 301 460 457 371 726 511 534 711 916 92 753 555 419 225
707 891 844 564 764 948 165 38 488 165 806 320 194 444 353 976 480 575 513 568 877 515 632 284 400 695 680 77 544 39 667 228 932 110 8 341 51 706 660 356
728 270 827 515 452 775 580 310 851 679 314 708 639 761 250 448 343 307 254 349 704 678 390 904 247 898 512 831 484 23 674 203 471 571 814 667 948 86 704 105
10637