40
7
72 873 962 401 55 265 270 619 441 170 441 732 288 912 708 116 524 943 843 148 355 729 466 586 541 491 977 573 416 344 73 35 666 190 712 133 821 127 473 430
424 653 430 534 821 677 812 984 321 634 802 19 195 397 308 326 436 268 932 588 622 279 285 2 259 623 595 332 819 304 658 586 662 210 777 387 46 215 547 214
966 613 420 741 325 133 865 867 580 99 120 122 450 956 462 829 341 791 297 821 141 670 15 351 95 127 833 561 186 883 928 851 617 530 608 691 377 204 189 940
111 143 107 429 515 996 563 497 470 201 697 475 42 782 221 903 518 601 294 475 348 354 115 149 281 195 926 238 851 103 255 796 385 491 843 215 749 124 738 977
431 56 174 477 140 747 869 629 803 132 307 343 704 509 331 997 629 355 889 635 294 848 579 151 78 465 991 329 792 333 239 589 147 559 176 284 253 924 356 877
947 322 813 283 618 355 793 100 541 155 248 175 114 333 953 488 948 779 201 63 668 716 297 878 325 113 11 152 343 134 78 15 361 905 137 532 839 400 593 961
387 310 740 793 1000 966 648 530 591 793 265 789 918 973 626 347 853 720 371 821 998 46 164 459 642 578 920 996 23 150 675 168 624 673 615 777 755 870 639 504
50 429 570 412 228 221 301 162 406 28 747 969 173 5 638 180 848 997 680 901 304 158 353 945 320 61 679 954 665 493 245 821 375 756 884 77 117 1000 611 270
9517