40
7
272 971 145 545 870 859 179 291 152 754 940 225 671 389 764 558 227 330 531 643 101 727 440 880 342 745 522 565 820 350 571 579 353 264 237 185 748 564 837 81
420 625 305 415 456 353 224 761 486 711 846 984 777 423 163 697 983 396 527 819 398 118 734 21 490 923 693 883 893 531 824 93 877 731 979 46 581 226 463 529
155 979 266 17 554 653 688 922 800 279 266 137 530 752 281 808 791 819 228 453 229 948 503 707 26 407 241 78 865 205 766 122 964 282 120 972 631 563 772 70
734 778 946 21 583 715 639 528 521 500 251 931 378 233 151 203 537 343 659 448 962 199 46 175 914 885 874 753 784 525 842 112 682 30 548 135 668 437 450 580
434 876 352 966 444 898 391 810 800 746 592 776 684 572 742 978 728 382 397 109 96 681 905 634 117 607 523 216 317 366 944 426 207 526 561 475 82 817 793 47
538 10 203 903 976 545 753 370 991 276 1 808 848 945 937 287 553 562 641 909 620 342 314 971 776 375 631 967 756 901 663 155 600 570 126 809 89 447 277 959
328 499 621 160 35 93 579 815 850 701 999 526 153 568 807 280 349 917 621 32 488 845 396 97 26 499 985 282 831 328 353 787 633 701 649 199 510 764 81 252
70 935 208 86 416 734 458 254 651 740 363 663 408 707 111 194 200 932 299 112 536 122 91 639 20 859 405 284 14 776 707 553 646 325 115 53 699 221 440 544
8295