40
7
14 573 85 314 124 956 932 778 187 890 239 608 646 709 936 12 575 451 899 634 680 232 229 674 133 690 125 842 442 676 882 32 742 930 695 418 436 684 230 390
980 958 204 720 607 792 510 387 976 892 219 592 59 453 556 157 531 450 758 944 559 158 815 970 600 52 268 296 453 50 689 407 773 212 224 926 795 367 788 639
176 258 284 90 137 916 295 85 24 369 318 659 979 424 147 831 710 484 922 972 568 65 42 495 299 731 981 366 833 635 335 675 314 119 312 851 846 931 981 821
66 131 946 689 450 583 125 218 29 267 700 629 773 706 280 512 945 203 397 186 880 359 844 972 389 685 249 73 698 353 976 926 736 702 702 995 932 332 266 925
337 100 352 723 681 693 111 96 633 772 331 259 806 909 400 323 235 632 373 660 318 504 303 237 920 927 935 104 311 837 919 148 542 545 500 698 249 338 195 433
713 8 914 595 818 113 305 49 926 889 10 930 72 627 21 355 311 538 482 16 963 708 993 79 118 637 326 668 709 453 926 39 495 898 617 394 668 18 843 68
798 180 845 515 423 636 104 420 451 702 238 852 383 958 498 865 781 500 347 338 481 504 337 445 293 188 828 214 917 337 890 501 965 700 314 678 63 633 432 357
397 410 565 92 318 617 629 2 786 890 251 176 932 52 476 635 534 56 10 856 893 751 970 452 434 297 43 267 773 182 555 25 951 348 44 421 873 387 600 66
9008