40
7
228 903 136 276 84 838 789 238 941 344 388 55 628 38 330 596 65 739 857 883 158 616 346 373 18 101 434 23 878 960 583 122 36 498 368 150 186 649 209 82
299 887 405 734 977 571 264 554 10 142 652 42 379 664 112 997 652 865 384 537 528 76 130 392 367 999 559 954 426 867 553 644 501 323 759 99 856 405 247 580
593 712 350 243 820 873 221 632 227 845 973 352 44 142 91 838 841 539 639 721 767 759 82 325 61 807 276 549 662 225 93 605 577 403 995 501 375 9 582 560
673 650 264 252 131 339 182 311 294 510 255 242 693 282 293 924 473 939 898 881 811 666 895 875 926 156 702 324 248 27 6 11 572 435 689 724 788 701 874 910
453 46 678 291 806 510 456 973 196 960 10 372 924 637 651 448 191 682 656 475 67 129 908 387 325 419 411 582 40 366 677 971 252 928 499 586 38 935 878 259
252 876 956 445 858 684 19 702 386 198 4 406 916 959 948 660 828 880 63 38 707 980 968 124 477 943 384 380 468 626 111 426 715 258 139 322 371 203 829 781
791 368 608 558 213 707 2 281 200 678 627 658 920 759 609 827 862 952 590 504 625 74 932 825 335 812 593 188 704 718 930 889 487 179 579 677 263 277 403 638
281 422 535 801 200 697 338 412 521 742 500 179 9 208 946 568 311 877 420 65 252 628 333 892 976 63 116 903 665 467 436 564 908 788 767 663 702 464 213 742
10287