40
7
496 908 976 786 224 103 913 763 937 825 124 327 269 469 627 67 548 659 767 679 375 619 585 29 436 772 938 593 7 990 518 700 567 49 737 981 373 462 811 122
758 828 110 63 1 54 194 463 371 639 682 50 886 386 577 330 786 893 721 953 513 616 720 155 386 65 129 878 259 62 97 388 323 526 566 204 901 614 386 558
611 967 564 761 284 758 715 132 309 350 992 964 115 230 494 998 858 529 617 430 215 417 813 572 704 131 351 513 166 366 380 49 380 849 196 229 675 719 850 457
401 198 323 483 603 533 53 681 452 545 221 758 414 334 165 283 693 620 186 555 458 859 348 928 771 193 377 937 848 274 26 831 855 402 30 77 121 8 1 884
870 86 194 492 13 628 757 809 224 835 67 462 445 252 668 684 53 855 886 416 267 173 463 160 106 563 948 245 614 430 299 172 843 595 138 259 509 357 164 290
859 884 376 81 141 795 49 50 270 258 452 702 382 565 798 594 11 941 950 716 350 170 427 557 696 9 517 775 930 122 461 893 866 648 484 975 612 850 290 68
547 199 832 583 279 815 296 513 768 465 266 682 497 612 326 916 1 988 434 826 891 871 234 137 12 241 549 578 469 684 645 980 848 514 300 579 995 30 921 528
451 964 155 466 480 213 138 851 63 902 143 58 80 929 419 467 811 530 345 355 33 427 609 61 487 812 828 771 179 751 555 864 876 262 4 596 807 992 637 484
9928