40
7
564 767 733 572 522 535 103 943 690 420 73 247 366 214 569 967 798 55 745 799 957 793 553 231 145 97 697 679 727 544 137 711 766 784 304 174 999 290 108 346
492 185 947 200 601 412 285 749 700 603 197 625 427 108 591 64 65 824 250 682 848 27 796 970 120 645 60 858 145 364 767 830 272 721 863 987 508 679 147 358
695 304 937 675 271 485 432 587 743 635 645 55 914 67 167 916 238 764 635 84 653 825 517 285 213 297 203 776 96 423 290 952 626 777 263 648 330 975 607 861
569 370 634 723 668 354 362 53 691 702 967 664 961 859 78 608 947 966 358 733 399 178 190 952 977 215 9 249 479 259 678 769 359 337 745 541 188 661 271 1
10 78 463 319 124 119 196 229 851 291 398 839 703 94 491 852 956 992 363 121 430 428 582 111 419 569 568 834 897 231 698 821 154 494 401 19 115 787 973 528
420 569 426 850 622 197 536 311 455 177 612 528 728 336 665 849 274 768 138 804 708 754 751 489 570 547 375 129 192 673 672 556 731 887 789 381 937 1000 513 151
434 211 633 539 956 911 416 891 695 452 156 781 24 638 615 121 233 571 681 161 92 156 90 732 459 596 415 895 984 459 244 341 187 286 655 219 545 681 754 538
134 26 646 118 921 364 219 443 278 21 473 793 868 646 544 126 688 890 533 538 457 653 197 416 53 619 663 61 298 578 260 71 691 205 852 858 125 90 252 981
8825