40
7
123 38 966 277 147 547 1000 900 894 266 253 384 690 787 905 563 254 414 976 626 833 411 669 540 812 825 298 448 866 382 579 953 900 609 457 325 165 254 428 408
949 339 85 753 699 676 940 331 75 57 704 499 950 76 482 188 168 963 289 161 684 134 968 563 178 296 995 138 730 42 652 811 244 404 352 881 931 837 794 957
62 276 618 249 220 918 825 709 281 714 626 893 585 626 648 118 704 297 623 496 813 694 426 448 219 250 571 704 731 676 157 379 366 214 193 937 767 769 419 768
664 462 759 413 646 833 142 546 89 815 607 428 689 8 680 751 906 779 445 462 510 363 225 97 752 269 593 247 958 562 843 107 28 661 260 379 535 336 952 947
47 951 647 786 325 152 253 290 568 821 410 481 137 811 559 781 540 552 231 40 243 783 632 186 45 735 764 876 870 20 153 850 934 358 943 660 64 40 273 713
826 523 959 426 2 410 565 317 166 398 595 856 361 961 214 58 395 674 322 382 163 161 878 560 909 284 577 713 525 509 430 645 935 377 898 334 904 697 644 665
763 419 578 804 542 236 398 604 486 587 142 490 115 576 586 476 484 153 708 477 933 664 31 124 119 162 692 728 670 911 90 343 353 871 283 667 179 484 389 1000
898 481 59 936 592 290 745 10 301 509 438 145 954 420 529 514 358 706 207 502 301 400 877 219 125 788 156 555 328 903 383 229 580 686 697 440 576 410 873 483
9802