40
7
809 213 857 62 358 405 678 720 808 549 664 345 339 426 734 883 248 479 662 727 10 731 408 340 500 109 690 261 821 883 439 391 387 149 303 521 644 733 532 6
892 452 662 696 713 160 807 946 143 31 186 277 761 544 623 381 141 283 746 94 626 609 131 805 148 829 317 874 172 88 232 158 801 88 817 117 843 115 229 23
520 185 502 237 114 14 933 826 930 793 49 998 112 893 221 697 588 929 724 849 40 932 343 520 422 701 931 226 154 928 921 814 745 999 531 245 929 77 921 714
317 952 294 337 316 462 342 546 400 462 240 373 428 883 643 761 323 505 293 467 21 375 909 551 662 337 89 183 830 223 340 137 168 343 895 744 407 536 22 295
193 56 395 245 386 235 786 174 830 94 275 966 530 195 197 782 636 134 347 899 759 788 452 930 769 870 37 883 712 502 571 497 778 786 597 103 639 418 502 229
893 93 344 366 728 298 692 642 920 444 771 426 820 716 568 486 307 81 368 200 126 340 422 246 621 934 466 374 49 863 824 2 358 784 651 537 14 89 33 426
655 532 974 331 768 559 978 1 499 271 270 99 287 510 9 306 703 818 649 127 699 200 833 837 744 181 629 255 162 123 114 539 324 897 863 661 561 109 799 44
721 658 54 627 541 621 442 49 261 346 198 348 100 590 791 269 813 65 620 5 309 637 553 882 911 812 731 355 330 474 95 889 642 737 968 4 191 307 857 203
9503