40
7
214 772 789 140 840 740 39 67 334 547 619 491 392 77 391 44 137 437 132 371 189 962 439 940 128 111 339 35 72 366 987 158 123 355 333 514 126 847 619 60
72 733 239 83 58 804 963 546 440 799 892 922 753 802 816 57 651 325 403 516 362 108 15 879 354 544 773 325 782 446 912 931 107 290 910 269 476 121 243 708
830 954 545 581 373 619 123 600 948 682 898 937 95 337 123 692 210 859 199 650 399 393 852 651 7 462 90 956 214 1 313 500 728 120 674 279 363 855 651 915
209 542 294 634 589 713 297 264 11 32 960 940 418 977 735 582 841 884 811 950 525 325 985 210 695 338 413 54 277 948 705 236 82 562 384 795 59 892 23 882
186 362 825 809 706 703 351 154 913 346 465 191 183 665 811 421 396 454 757 304 928 902 856 655 711 906 320 675 204 158 393 368 521 478 788 849 480 776 573 755
596 146 195 625 85 78 542 286 847 450 301 740 995 843 495 6 193 504 960 601 50 528 483 881 178 750 234 280 309 929 252 463 583 852 78 132 908 776 946 443
369 908 151 502 673 876 47 900 737 27 838 723 362 765 467 614 104 67 152 448 645 877 577 202 571 462 714 428 463 874 620 309 390 671 276 178 130 945 815 699
806 791 337 945 436 138 662 96 717 683 645 523 764 448 414 646 594 19 483 630 647 235 516 922 297 899 318 645 828 707 619 964 519 497 688 390 266 596 479 235
11022