40
7
473 538 931 775 808 586 193 470 724 375 287 35 173 264 852 617 16 752 610 688 480 266 126 332 690 523 345 993 362 144 362 98 311 649 663 331 22 317 80 630
971 11 593 906 686 52 562 565 13 776 4 255 433 561 114 686 809 859 478 977 39 638 823 602 17 271 89 142 489 399 486 461 976 852 287 417 824 782 190 265
820 412 551 36 622 935 990 337 308 444 108 68 804 499 292 305 212 708 888 590 279 570 999 173 675 445 514 138 28 287 919 234 984 150 656 240 555 874 111 665
586 745 44 368 560 786 757 331 313 502 605 204 874 209 392 209 584 760 898 172 322 804 33 387 548 65 405 77 771 904 161 17 791 57 775 979 913 568 397 583
506 26 50 494 960 14 401 751 230 751 463 303 579 289 815 718 341 673 82 222 281 38 498 302 204 999 691 183 223 301 318 997 951 225 230 745 236 647 619 640
492 700 337 790 650 948 501 985 496 732 768 603 502 854 833 612 485 191 931 615 800 735 130 158 83 66 278 648 243 637 94 432 541 140 359 254 23 148 205 371
391 676 580 137 608 161 32 272 954 11 196 457 994 630 522 683 904 16 477 18 961 888 347 714 22 347 525 426 402 218 561 736 111 708 14 545 544 728 931 861
258 985 918 508 26 654 69 63 196 850 109 116 694 164 339 562 432 596 634 375 482 85 927 310 600 90 626 365 822 98 34 879 202 841 631 256 118 557 300 236
8504