40
7
413 240 590 563 240 147 277 368 919 855 511 196 27 627 93 910 596 670 213 7 74 601 356 101 250 333 301 742 486 661 629 506 522 826 138 93 990 938 421 862
134 205 44 891 32 996 373 136 115 953 435 874 461 884 425 819 439 995 318 996 989 727 763 623 964 726 806 168 695 11 70 714 71 574 848 975 535 21 634 124
47 447 550 99 506 797 327 1 793 380 832 320 780 673 600 395 817 581 117 280 67 814 347 803 224 767 486 10 408 933 319 638 191 103 5 161 340 782 101 353
284 972 507 598 465 290 361 608 948 372 345 710 520 990 726 85 654 829 866 689 439 55 208 453 227 737 429 527 112 359 768 190 200 610 425 776 476 334 235 564
224 928 54 246 827 293 446 683 970 664 608 436 737 604 271 525 500 19 716 91 172 559 822 278 676 567 204 362 642 653 80 343 76 92 323 675 52 271 390 217
541 679 632 371 137 650 380 19 447 839 716 861 590 953 260 39 911 431 697 949 892 172 332 269 902 331 628 707 749 605 117 660 724 936 564 452 14 451 925 19
145 975 607 529 751 797 185 960 810 972 325 85 806 947 368 255 409 535 75 118 818 915 440 391 853 994 986 261 852 802 418 253 644 747 667 697 918 696 951 791
515 492 211 328 310 845 338 961 4 639 945 503 63 573 367 577 879 713 806 228 227 213 332 902 395 80 890 194 994 812 640 727 9 613 162 562 145 758 139 562
9827