40
7
968 260 183 385 241 997 527 181 877 61 75 643 480 754 28 995 607 671 733 727 42 717 937 939 52 131 92 54 970 699 208 386 60 145 135 335 553 401 723 798
116 542 819 663 756 626 818 852 131 114 283 487 298 513 676 339 791 326 567 922 984 65 843 127 516 569 307 945 700 954 575 810 579 124 311 613 807 329 895 130
781 557 70 357 697 290 761 137 293 961 296 106 345 525 144 524 76 287 436 8 510 667 346 637 489 962 320 120 261 7 401 301 906 717 389 22 565 6 698 712
823 882 437 817 937 965 433 114 503 862 820 54 630 845 521 751 614 96 592 775 710 743 503 880 392 501 585 61 885 189 726 8 630 453 570 67 412 335 398 319
295 247 102 104 124 466 422 820 254 236 338 888 235 547 86 526 36 668 66 871 483 508 749 355 381 220 328 796 365 711 864 256 411 607 92 381 247 678 175 123
436 634 724 64 421 341 790 796 565 33 454 133 896 383 50 514 543 504 169 698 342 494 112 645 340 199 210 835 481 190 393 709 343 379 117 146 356 155 225 797
924 719 190 927 646 774 307 137 537 549 722 40 841 794 434 270 85 385 130 137 928 802 698 172 430 730 283 976 155 444 28 149 500 198 380 311 219 138 421 824
850 693 888 824 865 898 282 560 848 763 219 738 663 522 951 194 907 917 807 978 826 161 428 741 559 616 762 433 198 724 333 98 573 201 22 774 142 431 787 991
12084