40
7
436 408 105 926 711 909 972 641 602 130 494 872 674 440 297 210 359 737 100 649 45 756 18 235 254 704 522 304 477 57 430 272 90 942 964 237 162 45 759 181
500 605 918 233 161 325 303 686 59 803 429 118 134 554 976 976 943 803 525 552 446 514 958 775 16 228 894 42 545 427 500 378 20 481 622 755 96 257 503 226
842 578 857 310 798 73 547 142 702 536 868 241 862 333 6 213 867 460 589 546 752 252 256 289 876 302 970 739 314 911 148 189 633 570 453 937 651 307 70 716
744 291 12 406 156 667 893 845 456 980 596 255 411 766 225 527 43 384 923 653 239 577 777 722 618 50 920 570 268 656 505 470 130 976 654 755 660 362 809 116
145 317 487 441 146 684 632 236 518 50 628 556 467 27 634 888 139 527 964 891 807 803 98 991 865 326 279 148 318 69 31 153 536 100 417 323 848 295 910 814
360 578 621 874 639 557 459 915 74 948 411 95 17 116 478 79 927 639 803 548 889 445 311 247 485 560 26 618 897 831 276 978 290 673 322 814 138 11 318 790
238 47 50 914 770 743 248 368 380 656 395 908 990 653 117 368 567 245 944 87 590 385 634 431 972 467 379 928 778 561 180 920 484 187 387 271 773 29 774 180
206 317 626 696 962 974 305 792 182 200 783 241 885 532 659 875 404 942 258 727 452 356 260 745 423 441 592 322 408 479 532 621 74 669 27 562 854 440 520 14
10179