40
7
339 806 686 297 432 400 8 180 634 570 955 618 883 734 107 13 858 207 182 776 989 14 904 970 444 253 773 865 982 750 646 510 533 903 994 124 231 55 422 762
743 909 155 290 604 838 863 504 918 702 878 640 102 414 996 385 339 674 13 456 689 367 524 410 358 377 775 62 519 323 413 264 382 938 950 357 442 684 258 639
821 895 922 925 881 809 302 938 515 666 88 729 324 66 4 301 392 957 262 57 876 139 587 357 613 555 902 863 511 898 503 966 957 482 429 646 739 96 880 150
183 757 877 324 438 592 973 284 400 866 8 36 960 326 510 165 585 789 561 771 84 271 425 600 930 182 672 923 488 66 923 272 819 84 746 656 752 759 73 315
694 653 640 901 338 703 817 420 33 355 925 512 184 548 707 105 512 782 615 388 759 80 530 792 896 201 152 435 291 53 825 866 97 13 371 807 875 197 912 300
343 324 931 55 169 256 5 691 390 81 343 993 865 431 732 885 262 965 376 595 828 833 574 530 452 467 796 364 573 115 706 571 243 281 125 302 755 225 745 712
149 655 936 639 482 275 819 241 85 917 968 863 977 565 251 571 893 118 111 589 748 106 349 2 41 934 62 75 665 150 890 27 194 515 458 780 742 280 781 543
446 82 232 811 204 413 877 450 421 831 140 282 92 595 704 125 912 151 436 617 938 72 167 888 516 803 848 707 270 875 459 660 901 810 689 914 679 166 764 637
10792