40
7
963 684 296 598 255 171 379 733 949 290 606 535 219 691 370 208 144 863 122 839 861 155 749 124 637 74 383 722 579 886 749 713 453 291 190 258 141 36 387 218
622 663 727 179 270 315 361 691 53 248 464 332 184 871 9 981 137 490 867 250 957 560 550 284 161 475 319 142 264 646 398 537 441 124 741 521 459 223 903 955
299 432 105 398 485 151 779 724 414 904 714 702 204 14 593 843 223 341 137 863 147 495 518 722 757 623 737 538 496 671 776 982 511 298 580 807 721 4 109 282
900 835 985 801 315 575 624 393 703 398 825 754 237 255 124 182 428 454 186 77 260 843 318 874 529 797 353 834 95 349 449 59 88 836 469 433 796 423 97 710
92 107 508 67 407 248 972 175 460 460 565 139 78 393 631 78 927 11 83 819 875 373 966 818 798 159 571 692 781 522 189 928 652 493 649 866 479 589 699 915
844 215 147 291 394 670 987 234 365 178 228 300 580 182 650 311 965 198 429 945 83 982 203 962 739 347 162 744 812 736 64 488 322 450 820 908 939 384 201 639
506 350 569 709 845 5 659 897 640 312 980 315 65 422 204 601 865 345 476 355 208 232 823 163 104 439 9 273 910 801 164 633 964 898 282 698 921 613 693 983
362 91 630 301 387 757 918 778 748 925 199 278 304 132 516 326 845 920 832 37 124 498 159 401 44 185 574 347 745 934 695 840 534 805 500 278 801 849 974 784
10679