40
7
580 489 169 749 907 530 372 265 11 581 136 667 213 490 702 48 899 171 599 754 361 514 91 851 200 472 155 52 202 649 378 895 109 288 634 575 652 181 362 126
849 357 328 202 38 401 306 702 489 481 378 687 741 642 186 289 234 666 923 796 963 657 532 51 134 569 110 546 667 861 481 293 116 875 462 464 744 135 796 7
579 822 592 104 95 20 919 54 800 266 836 334 73 128 372 230 951 356 76 615 538 10 878 763 61 948 434 203 280 534 454 447 935 169 467 302 873 524 181 877
489 124 407 743 702 60 691 329 834 790 436 304 958 963 873 636 844 562 771 302 319 755 887 577 361 507 825 808 214 717 608 42 967 299 881 304 14 504 592 714
138 202 669 17 748 172 958 841 983 427 982 323 33 873 302 889 912 268 955 955 983 565 411 450 974 566 548 832 83 141 268 133 591 323 289 53 737 768 692 297
363 708 907 23 981 985 89 587 162 167 927 757 886 790 898 19 871 685 124 739 749 996 151 69 610 952 886 970 210 713 660 229 569 626 688 663 821 654 309 419
682 323 379 663 156 204 520 115 855 359 151 770 133 168 846 133 948 822 605 155 464 947 400 908 823 150 898 799 967 125 87 482 556 424 833 576 55 38 78 605
483 25 37 353 395 844 970 16 275 376 383 242 74 600 162 337 97 846 473 775 500 309 644 682 471 986 777 464 504 517 844 300 184 950 448 446 335 113 68 83
8694