40
7
543 102 27 528 734 172 206 423 804 843 632 803 740 413 458 556 863 613 881 515 893 326 682 102 942 274 341 784 9 786 250 546 175 922 257 965 522 34 674 823
318 839 560 822 339 921 383 148 309 319 906 875 951 822 188 351 358 1000 238 40 591 857 560 730 860 327 375 406 510 560 284 967 284 393 96 753 184 710 313 397
448 119 133 339 454 652 949 954 885 274 439 800 998 490 350 29 403 348 348 555 83 836 751 809 247 527 925 436 166 130 714 654 330 123 542 382 530 377 896 143
903 348 434 28 485 807 40 114 843 566 39 361 465 719 252 285 765 309 59 170 909 917 312 663 144 837 100 728 844 482 916 208 519 608 974 814 975 559 592 487
52 91 336 783 607 598 76 823 26 890 856 434 174 51 569 658 218 623 22 936 273 27 277 925 750 858 470 312 360 659 907 251 506 768 341 331 14 248 292 750
504 58 556 957 674 246 638 898 692 164 219 211 38 947 998 368 753 950 829 64 302 404 866 980 845 660 739 530 913 899 382 47 336 666 626 899 885 74 597 777
719 72 550 854 6 569 802 467 883 728 402 409 985 863 78 109 111 554 397 690 167 581 556 384 947 710 693 148 224 831 712 360 296 931 305 286 319 400 709 439
751 645 184 433 996 994 28 52 369 281 935 88 421 928 203 865 977 638 320 575 328 937 439 446 163 977 573 851 127 890 167 559 53 819 816 348 621 769 844 801
11106