40
7
855 110 434 836 906 158 568 567 920 8 204 854 87 435 804 557 897 450 92 978 827 679 388 962 312 972 942 322 585 461 325 720 605 970 479 506 671 655 784 474
894 57 711 647 560 188 296 221 679 318 777 21 373 483 183 414 626 63 998 539 724 553 379 261 433 152 665 739 885 22 389 779 63 152 691 737 297 830 757 417
25 807 139 271 565 628 690 526 709 892 482 368 892 451 64 188 81 114 779 120 932 427 528 764 71 826 512 971 830 390 45 588 189 970 538 573 811 109 931 219
730 580 872 472 91 684 628 672 340 143 775 768 321 565 601 635 697 319 715 792 519 82 12 616 668 892 532 558 981 256 886 687 650 783 32 412 445 740 852 533
736 168 586 642 346 241 657 561 772 656 782 980 128 162 353 272 347 52 159 612 92 806 249 676 912 599 681 501 687 92 868 944 949 383 141 698 15 31 788 334
814 497 245 969 804 756 67 115 708 991 903 765 18 549 803 358 99 179 375 612 240 998 578 883 29 979 787 164 92 358 365 142 402 290 132 833 115 557 10 949
586 897 704 493 700 231 786 350 73 803 762 132 57 154 209 574 878 752 764 523 418 548 582 123 159 426 728 61 319 667 455 189 912 178 732 908 712 546 426 743
10 247 467 70 935 460 294 921 745 289 783 919 385 778 958 613 323 385 742 582 419 910 591 217 401 598 626 327 695 995 204 195 790 362 407 183 713 786 738 607
10835