40
7
175 729 30 530 602 411 199 103 93 443 668 585 201 955 429 452 940 530 220 950 978 912 273 153 719 906 988 63 383 203 827 278 548 3 203 374 741 366 45 91
821 762 632 695 352 474 29 874 178 111 394 390 588 75 90 158 667 714 335 36 597 703 983 40 606 613 348 979 422 167 558 534 826 394 774 76 795 186 572 658
249 173 315 244 802 418 470 233 83 552 884 767 646 161 836 682 469 528 90 315 940 604 661 458 114 7 350 210 531 961 292 199 44 44 739 25 259 310 717 976
99 584 548 978 837 368 727 418 737 83 113 781 621 631 699 285 517 592 812 445 46 20 394 849 246 272 744 665 609 268 637 582 928 278 370 433 323 274 638 389
809 137 532 272 377 845 782 515 644 960 965 201 429 603 796 967 348 242 282 230 284 295 488 179 40 786 875 271 605 671 688 786 699 302 432 764 506 582 536 927
945 818 669 543 678 930 812 55 710 76 487 296 108 829 683 829 792 88 388 393 97 596 27 941 315 423 285 811 738 481 838 936 928 797 92 358 35 402 18 688
896 953 930 790 810 741 993 252 939 710 158 400 847 871 529 597 726 152 950 750 354 878 265 887 132 214 211 333 902 948 640 686 780 32 320 866 457 436 688 402
677 47 527 237 314 253 36 435 390 59 699 402 246 434 227 632 529 999 238 846 904 139 66 810 543 580 691 593 71 913 365 438 255 143 478 419 451 543 700 242
8786