40
7
979 351 894 381 737 652 446 346 888 946 360 659 799 590 153 174 274 909 259 933 542 872 306 160 266 130 845 980 116 292 228 440 284 857 652 46 718 437 17 35
970 626 629 635 353 414 601 806 606 612 193 539 835 149 535 139 177 946 202 626 415 227 856 650 274 621 113 457 936 919 570 118 84 216 490 653 114 510 577 11
602 993 291 678 172 72 749 731 690 603 887 539 450 778 106 422 37 737 102 233 438 635 94 140 832 609 866 764 716 823 973 97 67 722 139 723 821 766 886 972
185 677 222 240 668 331 722 445 893 298 15 781 936 241 256 802 177 876 282 203 777 608 688 899 295 644 828 680 157 854 722 480 96 814 339 746 185 220 50 554
573 898 475 413 267 430 108 640 882 324 935 840 272 93 843 544 648 557 97 758 783 181 52 869 661 136 791 735 291 811 783 837 953 449 508 404 156 984 962 791
112 799 33 153 899 887 832 595 940 242 896 999 63 210 184 682 850 868 274 359 99 272 189 16 505 681 180 913 861 609 693 958 67 780 410 963 415 150 822 55
399 948 811 418 722 563 523 531 484 712 633 786 421 406 297 216 80 179 284 266 502 210 896 914 647 145 65 255 483 152 146 881 576 163 638 91 843 796 522 30
607 567 163 888 899 771 752 515 61 319 145 503 83 504 169 879 439 906 316 289 858 661 253 468 200 557 999 898 474 347 105 874 964 143 203 696 456 8 521 742
10101