40
7
807 917 263 780 230 480 685 401 82 65 818 465 14 231 225 654 954 813 915 548 693 359 523 102 139 299 963 867 31 438 456 790 886 571 172 994 354 930 899 663
883 457 535 426 569 779 542 93 191 659 762 999 341 622 499 532 645 817 312 716 750 899 935 700 243 934 838 117 806 109 741 460 903 202 144 885 181 139 579 338
123 280 401 445 178 843 640 370 492 635 225 940 737 534 432 683 384 38 908 550 950 313 666 257 727 423 861 875 521 513 823 621 94 55 716 160 639 129 859 415
675 358 179 774 318 670 401 103 473 288 742 146 795 863 8 42 411 539 906 941 18 200 957 987 750 522 516 177 238 550 933 223 105 557 885 306 95 122 54 22
329 339 670 766 219 708 688 193 124 687 674 996 992 183 769 635 257 717 789 162 437 899 619 190 924 838 327 630 160 350 854 884 111 588 712 556 487 719 168 998
289 510 264 391 355 978 981 761 175 398 17 597 493 637 598 458 31 757 780 767 537 887 672 965 879 456 523 702 137 867 201 264 818 635 156 396 575 433 554 652
372 482 154 412 263 908 751 903 223 831 959 667 343 689 213 704 369 306 191 349 797 952 938 96 288 847 25 850 9 875 111 772 862 921 421 980 263 182 346 841
461 748 355 922 429 666 205 216 197 212 427 697 435 435 186 320 648 558 1000 789 806 313 735 179 437 74 939 759 922 847 572 187 481 339 213 159 815 587 595 270
10068