40
7
562 698 959 382 177 790 296 119 276 898 592 442 596 530 362 50 290 217 176 317 899 907 77 781 285 346 817 909 975 824 365 380 452 947 401 726 256 762 8 854
175 681 269 959 949 37 824 664 42 789 65 712 415 981 221 182 123 399 37 366 317 208 307 132 870 771 231 336 7 286 777 983 470 269 707 98 821 198 225 820
328 766 452 259 999 376 842 628 682 608 816 175 421 921 926 683 49 346 798 868 499 117 857 98 878 607 664 133 192 356 644 944 99 46 712 128 881 532 319 367
34 557 533 849 698 757 964 419 398 290 357 76 989 74 692 679 163 489 101 229 493 373 899 590 378 614 690 126 23 641 186 380 393 524 649 355 301 384 930 558
378 239 103 258 480 242 744 836 205 317 203 488 381 523 928 124 428 616 992 868 673 981 174 293 46 733 622 215 897 924 175 64 229 465 682 374 858 453 946 987
485 932 940 459 442 706 623 923 568 267 739 294 465 183 606 205 555 187 220 239 925 343 357 803 619 572 563 415 838 745 832 731 423 985 193 721 562 949 691 100
459 328 905 576 367 329 612 705 405 457 914 964 603 58 455 19 634 512 132 973 765 658 112 37 130 640 529 309 312 185 721 438 863 192 886 462 918 529 822 584
916 27 624 301 39 738 533 885 852 851 487 510 160 646 353 857 468 811 419 725 535 857 819 256 319 606 252 643 894 807 112 477 69 203 707 391 594 495 784 616
10819