40
7
62 62 794 186 477 870 556 132 206 634 710 816 170 126 826 734 944 536 138 19 33 286 142 495 403 371 591 265 59 455 151 424 867 139 382 6 25 67 659 688
21 680 874 297 890 686 237 281 979 823 994 561 878 798 564 806 41 193 145 454 699 954 496 710 415 452 889 919 265 226 340 122 671 918 334 637 134 70 894 760
22 78 648 69 832 681 527 325 24 15 955 746 519 318 239 293 364 520 563 811 193 501 703 411 549 846 145 970 529 974 814 69 524 395 900 366 480 461 437 833
577 1 767 841 926 390 596 522 6 937 274 760 766 467 34 145 661 684 717 273 754 917 966 729 937 390 959 713 72 971 15 135 937 875 111 262 201 3 116 416
712 484 958 124 679 83 11 474 859 264 328 410 921 480 892 449 355 714 185 917 262 474 719 397 430 943 270 864 147 799 483 386 829 294 827 569 707 809 470 600
744 959 969 98 806 343 881 747 7 987 600 138 774 870 472 666 155 370 736 61 570 930 482 503 248 463 2 509 943 383 666 561 734 573 943 969 709 657 878 715
17 32 859 877 450 248 45 260 977 867 562 687 677 751 805 543 186 318 333 689 844 351 427 305 440 122 815 405 518 988 570 861 2 321 935 419 1000 383 614 858
378 776 484 998 946 854 983 106 564 297 627 157 887 95 172 126 447 798 910 400 298 705 280 885 977 88 409 948 523 410 31 757 568 372 724 64 382 444 940 982
10896