40
7
680 278 392 265 452 209 530 741 543 994 905 416 478 906 684 579 196 126 140 629 152 737 174 633 794 36 585 619 239 605 650 640 642 565 175 842 294 516 532 200
376 685 137 480 396 505 529 168 820 918 567 981 690 761 239 784 287 988 72 769 222 115 175 844 809 573 94 918 244 378 638 88 321 749 530 18 310 804 922 642
211 559 941 897 51 895 829 819 868 258 715 842 637 60 35 746 138 289 465 539 721 515 226 90 906 102 312 47 908 567 960 28 862 705 534 610 86 665 673 769
129 577 669 593 788 317 683 221 943 30 308 726 635 924 9 567 574 588 656 427 740 679 854 993 252 978 950 195 116 424 386 184 303 550 206 758 291 862 960 782
860 27 418 916 82 75 438 512 852 217 753 676 600 341 248 63 440 147 958 350 142 375 39 654 437 661 437 708 664 238 741 379 65 812 900 33 360 620 695 455
710 159 376 136 134 892 927 724 821 954 440 847 852 562 970 611 181 711 195 882 717 949 236 574 179 196 767 388 94 447 570 886 380 191 591 582 710 242 351 68
865 628 522 10 521 84 499 564 990 365 350 558 783 60 301 885 458 410 233 755 656 879 690 302 718 792 374 237 285 427 398 710 714 931 303 885 666 586 966 674
340 792 651 50 969 518 799 587 973 314 461 615 56 394 597 985 633 339 981 894 922 87 333 442 374 186 921 381 746 768 599 429 610 213 722 119 374 341 301 337
10577