40
7
862 558 92 832 91 539 366 938 400 453 150 48 75 197 776 11 385 421 235 587 725 266 136 611 872 322 484 164 612 303 845 833 855 314 49 817 516 600 654 199
80 90 388 330 933 154 497 277 620 151 168 663 813 40 325 383 108 371 59 996 391 692 206 135 340 498 200 739 747 300 232 10 950 49 612 845 174 279 144 280
974 969 152 70 487 296 151 754 546 922 83 460 818 644 859 357 625 370 43 546 465 270 7 107 145 349 69 448 404 833 499 111 209 168 414 865 216 382 13 189
641 928 84 233 327 796 473 474 542 771 508 839 654 786 564 215 798 710 764 297 810 409 768 132 905 524 80 847 740 150 424 589 62 914 699 738 799 515 613 682
831 545 225 719 785 564 441 247 26 295 714 491 143 754 375 794 98 845 558 657 723 596 72 111 813 556 691 127 258 914 132 507 212 682 181 950 938 923 918 208
693 934 116 337 552 699 946 824 376 709 729 270 409 898 953 630 536 129 424 348 151 557 989 369 163 27 765 656 988 684 878 181 644 863 696 930 783 244 458 793
81 808 455 816 336 849 60 33 628 880 429 211 80 440 791 689 765 779 226 906 735 873 520 610 876 473 607 573 813 302 277 494 724 189 862 135 658 840 185 437
318 77 999 730 755 361 785 778 252 256 596 79 724 132 333 470 904 611 418 490 479 628 908 571 981 888 735 546 335 183 426 103 988 298 817 112 116 727 701 44
10327