40
7
590 94 8 205 650 602 619 493 747 152 647 922 175 628 372 626 38 166 217 294 126 593 362 11 912 624 860 791 13 61 107 88 153 430 867 674 274 490 964 201
285 789 167 762 545 392 187 689 224 644 305 39 625 870 7 373 42 290 789 26 441 802 542 159 892 894 199 407 679 376 960 881 656 192 663 532 743 966 1 304
195 962 516 197 189 703 772 714 5 12 894 620 453 481 471 269 324 147 744 180 919 441 255 749 723 668 781 684 505 57 552 641 720 875 565 596 310 266 764 879
296 760 331 626 15 194 520 469 251 810 175 489 554 505 612 107 115 536 860 178 960 431 941 316 326 240 585 260 868 296 802 537 913 660 987 572 254 999 435 356
862 287 374 28 640 21 217 814 557 508 593 691 493 27 507 299 241 493 614 330 205 529 553 799 123 278 392 861 402 198 879 411 415 156 143 984 205 525 790 404
291 114 276 649 938 787 252 803 270 803 597 976 210 343 286 326 914 954 202 770 732 952 83 829 384 373 609 791 654 695 468 880 888 915 747 559 246 384 679 146
386 863 138 680 604 451 253 322 748 388 862 579 129 488 921 748 713 696 53 173 577 502 504 489 581 125 776 75 918 793 452 400 80 505 520 340 121 116 130 859
259 552 702 144 30 604 357 527 58 927 519 276 439 511 913 811 643 165 566 987 395 739 945 595 499 417 84 414 762 709 882 598 769 453 257 979 494 56 68 92
10099