40
7
680 960 412 462 553 951 449 421 151 105 219 101 822 423 396 52 419 40 902 875 786 131 788 271 563 461 195 285 231 541 20 988 379 752 278 828 254 589 666 434
201 888 824 851 301 17 930 566 736 331 911 521 702 575 352 602 510 516 5 983 237 432 956 822 470 936 204 71 182 952 398 858 580 319 964 708 103 885 369 899
860 436 266 776 819 683 304 602 425 29 244 905 781 126 289 261 900 188 460 982 12 301 946 548 390 191 115 950 724 657 85 305 549 553 259 980 402 445 917 393
185 125 803 945 393 208 303 696 525 558 322 560 76 941 895 32 238 279 627 341 437 90 974 380 501 744 378 6 607 636 923 363 411 820 844 376 976 568 417 589
55 217 107 807 24 354 428 455 666 632 175 809 810 62 295 583 981 147 165 588 27 297 830 835 230 274 112 373 663 473 518 672 101 733 511 253 245 265 446 945
854 635 206 624 562 698 655 209 157 580 178 274 359 503 231 776 430 295 765 321 495 574 33 536 141 753 200 123 316 650 814 559 472 894 256 375 905 346 45 620
793 382 629 544 62 890 90 751 904 73 528 53 17 586 212 409 883 840 910 461 912 178 899 768 1000 219 669 429 664 548 388 565 504 170 896 845 494 397 870 434
440 573 942 375 129 607 946 785 153 36 791 741 268 899 902 510 212 105 401 572 625 944 2 3 101 130 664 78 607 562 538 698 677 872 268 642 449 410 142 609
9704