40
7
240 731 282 960 967 176 779 302 676 15 157 984 331 641 74 23 352 409 978 287 852 541 881 340 412 597 252 906 621 147 937 498 216 33 986 895 448 514 230 738
364 981 226 881 651 153 888 650 484 219 5 9 969 303 400 590 71 887 669 204 998 117 989 894 972 108 101 531 555 697 218 409 779 483 63 285 471 597 258 204
469 12 191 591 627 714 721 693 468 660 3 118 357 245 543 335 635 876 903 27 799 234 415 626 791 91 189 77 25 749 114 358 551 100 428 208 35 556 268 705
771 473 782 850 256 477 418 632 749 823 516 295 417 792 860 969 256 952 905 95 900 196 868 647 584 9 990 912 877 739 612 486 501 49 833 687 62 120 245 873
514 192 289 756 42 66 397 24 750 443 460 143 347 832 533 981 366 122 260 388 372 692 415 805 902 857 701 739 649 575 191 171 976 457 434 17 191 9 885 543
930 816 541 428 982 440 434 616 202 903 617 326 5 263 393 523 391 912 39 455 111 107 764 562 354 393 888 321 527 625 547 919 922 290 639 521 702 469 796 529
549 728 295 47 15 888 136 870 537 933 346 748 552 114 816 412 807 122 351 594 11 58 863 885 121 613 772 908 338 796 53 9 760 297 304 80 606 585 171 108
250 93 927 421 709 382 627 520 662 216 263 992 165 584 518 933 54 862 272 916 100 884 148 293 246 468 108 285 619 903 497 931 474 996 849 450 117 973 576 946
10615