40
7
258 43 205 206 589 784 477 347 979 698 499 548 683 265 938 161 736 107 128 478 704 761 55 439 773 976 207 987 353 416 849 233 150 781 824 728 890 885 449 612
573 160 159 912 569 397 323 777 443 766 517 218 754 659 110 781 721 64 994 867 405 715 367 713 340 126 750 312 125 192 117 207 431 28 174 274 575 519 541 764
651 538 843 140 665 21 496 462 259 967 424 621 42 920 874 875 516 150 361 261 887 894 301 87 3 896 656 277 278 878 561 459 331 898 686 873 805 509 931 965
778 293 311 432 295 654 696 646 717 404 696 170 709 154 111 156 262 468 247 259 531 579 350 739 381 623 775 866 319 210 456 653 333 841 509 378 812 905 63 596
106 179 590 781 440 924 54 272 975 996 27 722 396 6 375 395 457 21 423 677 326 770 891 106 626 959 361 784 51 739 700 90 709 449 159 923 407 65 803 429
617 747 344 831 916 404 48 556 529 651 290 276 97 207 46 200 808 809 693 435 122 712 689 673 454 584 284 298 498 397 607 755 576 507 48 33 435 531 744 202
1 157 612 428 175 998 221 882 373 712 560 691 246 773 756 521 971 19 682 989 808 78 968 225 194 450 422 353 178 347 418 455 731 883 638 455 110 896 721 911
878 58 862 191 599 693 810 659 844 215 204 17 259 582 668 770 695 8 861 879 423 510 183 373 665 399 487 915 408 604 921 215 947 224 530 497 41 414 283 981
10386