40
7
651 291 305 244 931 908 202 251 571 33 507 12 460 200 645 846 171 224 994 570 734 620 704 944 161 610 298 542 40 867 563 134 485 88 641 24 691 247 801 381
294 284 184 71 968 483 671 343 811 107 831 108 654 502 606 820 276 988 124 825 151 990 802 424 570 76 764 757 632 463 413 635 687 444 556 257 433 953 183 913
494 426 3 397 257 506 629 355 283 478 780 413 254 842 384 78 1000 797 405 966 888 584 301 134 562 465 468 194 375 137 793 902 205 931 717 166 363 615 365 918
438 217 116 501 167 560 573 667 169 867 639 842 446 443 455 627 564 107 171 972 93 806 456 662 950 720 756 493 661 490 827 116 76 973 355 557 426 850 968 882
595 2 211 148 170 714 146 729 823 276 625 588 80 348 320 456 326 43 584 70 182 885 803 476 985 250 570 701 843 798 715 878 618 35 873 967 308 29 907 740
871 711 3 813 581 568 292 16 960 504 307 152 886 556 140 470 729 228 403 895 413 883 864 833 743 684 921 770 66 758 432 730 61 654 77 557 785 203 25 33
975 364 312 316 392 942 980 275 173 277 910 294 571 70 458 603 323 912 120 142 943 31 25 257 863 286 231 880 45 603 647 31 143 229 650 528 708 985 683 18
190 595 774 940 197 113 259 945 139 306 611 982 768 295 113 27 403 501 405 451 973 506 147 600 537 475 739 299 100 494 551 302 780 10 31 821 178 184 485 178
8702