40
7
160 382 797 390 618 497 939 646 652 746 864 655 606 774 437 896 598 797 858 259 128 611 572 107 221 10 519 53 642 699 310 599 629 811 197 450 653 23 634 503
444 199 918 439 259 15 430 368 173 738 332 593 67 626 192 436 14 652 556 443 788 351 56 841 813 254 612 900 992 474 136 130 780 660 791 708 262 843 292 787
963 428 895 706 308 42 904 315 346 106 960 435 127 318 180 404 678 870 30 531 523 597 756 924 2 303 301 745 390 936 726 325 254 196 184 19 995 336 244 457
157 6 124 796 766 726 69 885 214 221 154 660 796 379 364 681 613 985 479 108 1 948 22 97 214 328 650 428 261 200 159 81 316 585 927 168 858 282 960 570
2 127 444 806 641 232 384 12 976 994 624 988 54 331 388 853 182 938 431 856 967 186 67 488 801 47 561 675 704 203 133 986 553 962 141 987 170 273 69 308
194 628 599 409 972 270 991 210 483 748 521 922 361 910 243 558 555 178 210 522 694 819 944 266 663 550 842 441 274 408 726 202 919 156 523 410 346 980 745 533
622 243 194 534 863 14 437 314 11 179 117 502 305 207 807 723 379 998 593 524 992 74 184 983 520 640 944 183 307 651 411 499 730 774 347 75 778 61 686 117
46 904 25 889 333 166 12 964 531 70 120 492 253 655 452 261 856 363 556 654 114 69 479 636 27 731 269 901 850 431 108 526 55 784 483 949 844 772 837 593
9530