40
7
388 658 937 455 886 122 679 160 665 738 60 98 658 389 798 531 652 614 715 448 432 789 239 142 147 314 693 844 361 794 780 666 252 235 201 629 759 23 413 20
933 739 301 924 24 731 62 714 878 218 895 262 129 772 85 529 157 153 653 667 819 279 661 708 230 774 202 429 420 532 377 658 944 164 54 166 832 817 476 137
849 596 397 848 759 444 694 985 344 546 947 983 346 943 223 50 351 368 391 722 9 944 460 636 364 15 389 542 907 826 571 171 768 477 389 380 990 952 598 210
221 997 104 614 318 835 55 886 317 52 305 868 952 39 689 393 501 151 700 972 78 822 26 843 375 97 503 644 494 858 372 633 895 800 973 72 870 538 91 750
507 197 815 841 716 20 91 95 887 294 122 137 729 83 839 452 875 580 473 927 651 856 493 795 652 849 762 540 863 652 222 822 778 120 7 593 636 875 564 833
510 977 192 93 3 802 480 954 340 866 545 558 272 818 628 742 116 451 93 573 695 24 732 647 558 410 234 348 683 340 421 495 297 355 585 65 539 624 339 170
558 992 633 218 827 564 680 857 736 159 87 265 188 803 672 79 696 1000 342 670 417 748 16 115 293 611 55 619 245 907 933 609 435 148 87 840 9 935 29 159
3 430 796 418 729 606 161 542 192 392 949 928 358 234 252 457 876 168 355 264 666 687 103 610 410 440 815 777 338 779 856 453 705 549 374 731 928 438 394 610
10387