40
7
973 850 989 574 972 535 2 707 693 357 983 93 669 539 204 684 313 737 969 529 609 913 354 236 888 452 736 848 451 343 40 774 874 759 345 770 531 773 457 290
484 761 758 773 850 217 407 371 516 40 353 544 2 166 33 41 613 288 258 838 803 773 811 523 83 286 820 258 932 163 612 87 142 488 47 267 925 240 904 663
328 817 799 876 856 59 196 769 164 297 430 697 809 918 301 383 23 802 485 996 291 385 842 743 794 700 273 390 89 330 457 674 378 42 908 997 464 780 945 574
269 462 55 792 226 269 973 502 34 756 713 382 455 544 562 176 278 764 354 714 100 409 491 589 753 818 567 261 64 427 665 845 105 80 722 854 859 546 324 26
361 741 875 945 682 973 404 58 943 571 275 336 286 568 226 580 286 270 947 431 214 856 411 42 617 913 771 885 134 740 39 472 173 190 337 144 201 395 899 918
432 512 192 674 112 68 657 585 599 151 352 861 514 113 499 808 802 845 426 275 60 988 579 78 228 328 465 69 849 613 956 844 711 159 95 66 285 128 176 248
364 916 313 152 247 250 576 471 577 601 195 305 550 859 581 949 107 368 861 560 257 313 379 516 204 295 377 596 86 75 779 92 810 640 251 134 262 438 996 339
529 129 132 457 482 896 517 463 871 528 156 576 878 589 722 919 512 429 677 987 444 966 421 557 953 436 498 578 493 85 32 996 429 963 470 244 672 905 466 305
11181