40
7
4 705 273 791 799 340 66 992 43 223 880 276 289 613 625 690 308 431 816 737 614 286 950 642 190 761 186 346 281 760 988 61 876 777 648 678 81 484 652 377
383 345 476 115 716 611 774 507 310 608 260 805 649 223 728 372 963 125 830 671 303 198 879 268 55 68 831 221 964 676 475 145 276 735 614 943 952 439 111 65
873 366 938 873 833 653 476 457 350 641 997 291 156 639 631 588 397 172 812 75 928 135 432 823 789 136 536 175 724 719 551 162 697 500 301 97 506 904 991 190
867 931 97 176 875 189 29 635 267 23 674 857 234 330 405 287 202 840 446 677 482 312 431 284 996 99 430 508 628 54 211 559 314 698 371 584 677 764 561 781
880 26 460 833 185 805 759 298 301 79 151 570 156 412 839 107 568 52 827 202 996 64 491 833 754 85 737 444 991 640 49 83 455 69 930 732 43 446 22 365
755 597 108 333 123 360 19 631 185 254 857 647 758 293 184 62 201 32 862 26 796 468 897 949 535 724 941 515 351 94 538 420 710 500 216 410 767 431 209 203
860 757 444 219 148 200 718 351 953 517 963 747 753 53 545 907 302 426 433 330 928 390 585 634 97 434 665 135 629 794 891 766 639 782 491 457 33 114 85 12
826 182 239 501 409 421 243 951 828 889 922 107 211 62 35 660 98 910 459 939 618 756 297 453 744 319 301 514 377 400 843 388 383 310 290 339 739 354 148 409
9437