40
7
810 354 933 461 99 786 985 389 479 906 66 216 666 567 886 651 134 842 454 127 55 518 49 285 282 970 537 898 441 187 13 533 984 541 59 746 863 778 80 186
229 827 841 562 693 30 729 32 75 244 598 515 130 32 393 262 874 843 164 953 851 565 318 893 550 512 233 305 78 677 703 345 223 606 682 295 11 799 618 714
337 22 478 690 867 94 582 103 136 500 867 105 774 846 511 289 103 352 961 689 148 520 38 228 135 52 675 222 440 580 950 381 688 783 338 280 863 950 859 316
177 461 162 764 282 77 452 179 493 499 896 6 656 845 293 551 876 356 846 962 57 651 751 530 316 185 211 892 141 816 309 581 447 62 391 36 263 638 508 55
676 190 684 714 388 999 672 562 526 837 831 312 34 980 916 742 536 361 570 60 933 736 891 273 896 951 577 634 178 593 721 564 848 461 737 941 293 899 415 503
793 18 939 608 767 53 295 488 902 412 34 694 431 65 292 168 817 41 202 612 563 225 433 450 820 600 515 613 551 317 202 444 176 399 352 505 733 29 525 249
875 612 661 495 417 273 561 518 93 769 151 124 649 842 354 584 784 470 231 319 198 187 328 777 447 339 517 927 848 196 978 190 584 81 401 224 152 107 774 180
434 242 725 133 185 273 830 542 78 991 429 350 183 540 391 936 317 389 213 374 442 596 244 521 614 197 37 988 765 140 645 126 332 596 852 138 414 515 437 957
9056