40
7
196 39 335 428 559 529 584 639 624 1 989 307 721 513 852 642 165 775 978 676 663 891 762 492 478 9 446 859 479 211 344 578 112 213 123 107 188 982 648 511
895 184 872 301 354 962 199 838 113 736 416 10 76 191 540 136 674 579 900 669 871 773 239 771 569 694 678 753 327 528 484 96 930 854 721 42 1000 268 694 769
339 230 13 961 75 701 7 890 792 471 983 759 824 639 727 682 722 616 407 245 33 496 298 337 395 666 689 372 318 296 987 27 113 890 943 260 47 852 798 189
766 226 404 347 153 991 526 935 542 451 265 863 966 76 101 834 207 244 850 976 127 455 919 750 354 946 218 753 34 211 367 785 957 541 891 525 833 725 134 287
219 947 749 471 786 844 322 871 2 712 827 456 503 694 410 77 747 287 732 610 912 456 123 442 664 494 728 947 673 936 835 485 430 847 420 906 416 51 793 640
584 197 226 118 210 904 247 519 576 378 970 798 583 576 555 700 244 77 639 646 983 96 377 189 158 237 10 795 91 304 870 626 617 570 85 218 514 246 596 62
710 418 357 634 931 693 748 183 37 673 802 117 693 569 102 50 12 349 989 917 99 258 372 579 894 825 987 745 157 556 341 839 166 71 241 175 735 600 10 375
927 938 268 773 626 957 898 149 855 875 275 862 266 724 660 201 196 513 644 575 218 740 576 922 109 893 550 276 936 40 371 289 33 67 180 309 635 487 201 319
10167