40
7
201 812 811 36 1 802 865 504 288 422 262 467 238 529 340 381 737 594 373 228 403 176 815 744 91 108 298 521 375 188 126 811 355 757 796 265 112 357 831 812
484 120 732 9 317 780 925 777 545 450 277 4 705 475 659 640 481 570 209 106 448 116 501 887 806 647 864 41 492 964 799 299 47 372 43 403 420 96 223 163
44 319 626 807 453 915 639 748 951 678 849 218 395 265 918 659 915 67 666 766 933 89 645 395 484 969 109 206 7 898 94 12 479 512 121 626 409 150 348 232
96 1 107 771 14 359 332 566 845 32 59 908 824 314 692 748 436 38 707 418 341 142 431 607 142 515 145 192 924 960 494 970 639 483 802 115 492 219 817 582
460 178 649 454 840 94 33 662 370 319 325 268 974 751 449 884 424 496 387 359 282 308 116 859 209 768 342 153 831 660 778 447 746 694 699 480 210 844 307 16
526 19 21 511 714 519 641 770 71 173 245 201 128 783 650 669 669 288 375 378 956 783 423 306 927 960 300 221 643 911 727 152 297 938 898 68 833 550 950 288
842 564 281 857 395 648 408 559 224 723 953 173 235 322 383 26 358 264 158 932 101 304 980 371 573 637 287 608 476 118 699 997 375 817 693 744 217 816 253 931
575 75 777 557 553 503 733 546 750 352 568 585 730 312 404 699 806 393 282 332 358 874 707 558 821 34 545 951 111 700 378 920 360 615 602 735 131 524 886 449
10896