40
7
484 762 605 495 931 430 326 480 664 753 69 993 743 248 105 23 855 445 37 902 97 749 71 693 150 65 828 973 497 325 268 321 317 9 542 763 522 111 876 340
336 236 692 62 805 524 816 374 898 140 342 142 675 781 229 544 322 349 816 563 378 90 692 332 122 570 644 298 989 124 122 26 56 542 743 88 713 666 382 944
737 639 467 334 911 681 425 730 480 992 586 698 950 101 828 502 894 269 567 848 453 792 840 507 408 943 475 714 372 356 347 530 923 450 121 844 489 233 743 300
536 765 236 88 490 302 319 881 510 717 224 340 212 764 127 450 597 439 746 161 40 681 654 390 408 438 249 822 347 57 532 575 705 600 420 870 233 379 437 677
892 88 320 596 239 821 813 258 889 902 772 525 751 237 654 107 400 840 167 818 963 299 746 430 765 396 307 244 569 41 663 952 535 647 568 600 810 528 573 394
114 355 267 346 909 473 947 69 100 440 931 922 402 214 120 347 179 316 1 314 499 714 801 923 343 420 41 16 437 931 220 46 444 62 124 694 353 64 650 991
756 209 459 345 565 906 756 670 26 742 816 557 866 509 168 574 451 55 90 526 953 44 538 134 162 982 251 743 95 842 637 684 394 911 283 197 845 747 185 734
501 197 847 31 328 556 947 519 342 613 576 335 635 276 901 401 198 791 424 536 482 160 154 70 450 772 183 718 544 949 380 277 873 442 2 250 176 234 241 442
8877