40
7
15 540 676 176 475 679 53 613 718 834 862 820 350 299 568 922 323 173 524 243 833 276 866 878 982 103 557 802 366 280 705 763 525 929 725 460 804 770 584 1
840 648 856 243 251 374 216 240 528 476 420 452 653 740 590 611 477 379 834 248 975 373 624 52 659 572 180 899 850 97 776 223 765 725 56 429 619 901 514 983
55 719 408 899 458 974 400 724 807 381 556 341 953 888 473 248 601 744 644 654 239 77 928 545 845 91 452 703 952 764 31 742 738 769 708 801 34 991 372 101
561 903 190 227 433 527 650 30 656 208 775 909 68 68 746 656 109 259 885 748 525 174 851 646 303 974 308 584 674 332 4 720 952 977 243 38 652 493 145 889
929 176 591 454 929 633 917 176 681 113 174 124 356 812 925 241 548 255 627 918 526 269 18 377 595 908 816 610 968 134 27 481 426 618 198 835 386 356 414 91
711 219 237 575 810 677 832 609 761 19 89 887 951 178 401 902 940 793 295 78 506 933 459 169 655 656 133 6 515 592 392 150 746 421 293 3 255 477 813 84
865 210 625 155 374 82 504 196 224 238 842 193 668 355 567 37 310 802 698 365 860 490 963 749 914 266 861 314 460 197 382 464 220 162 415 791 295 204 345 875
161 335 165 837 555 704 955 298 471 225 444 531 885 237 509 330 783 82 306 167 607 492 894 791 806 366 510 181 6 468 183 480 283 532 737 670 511 393 721 927
9769