40
7
958 688 381 882 805 870 661 707 618 216 594 379 409 782 143 152 673 74 163 758 805 635 432 939 731 95 654 954 764 881 201 475 393 269 810 540 967 964 485 938
11 339 598 513 356 401 532 11 286 123 767 490 800 116 795 763 843 772 799 469 294 172 109 260 138 285 315 389 908 715 123 513 832 598 762 652 381 956 375 178
352 706 525 400 113 909 270 269 423 834 464 749 369 262 221 416 432 933 222 523 748 593 711 530 68 818 989 954 741 289 966 516 918 67 79 626 262 328 734 660
568 272 947 783 444 913 247 422 313 755 977 782 227 265 420 683 808 781 274 1000 212 9 574 883 957 425 60 737 694 481 569 431 677 582 870 169 813 836 147 582
440 174 768 30 60 649 447 515 865 86 24 550 976 953 428 120 832 935 643 909 279 767 34 28 857 543 912 242 964 501 642 9 865 151 876 721 629 455 386 811
744 841 808 946 948 724 659 481 684 647 428 741 276 236 173 517 61 52 636 971 622 777 713 769 513 641 333 83 812 754 7 5 862 659 539 307 959 977 803 423
31 756 138 2 665 487 130 847 248 976 160 736 298 876 203 901 166 810 376 448 195 161 53 816 521 594 787 805 851 560 818 346 888 998 388 927 146 915 780 86
525 418 248 884 745 645 777 651 396 739 609 638 526 777 762 241 16 882 607 468 446 42 573 490 98 147 768 48 504 568 938 993 921 519 617 541 780 203 225 905
10940