40
7
297 994 178 469 884 158 76 130 151 126 605 376 822 959 661 608 885 900 978 517 481 46 928 787 292 502 237 244 100 29 33 591 157 318 731 729 949 490 200 579
187 175 414 295 992 732 839 726 108 832 169 683 968 314 391 72 727 128 651 103 496 541 356 882 708 944 451 271 965 374 541 582 682 344 970 748 234 427 421 583
814 622 543 593 159 573 462 57 997 486 418 789 262 86 938 151 949 412 664 628 64 329 609 696 631 951 213 896 871 864 438 476 648 575 631 913 459 774 799 20
745 458 609 528 422 90 572 914 672 513 571 780 69 601 742 17 940 988 979 938 550 296 931 256 16 771 580 868 106 494 30 250 239 556 297 418 634 492 403 593
839 873 115 468 265 756 199 938 431 195 944 994 340 407 910 454 35 786 54 352 567 301 108 841 204 306 1000 249 758 621 557 690 921 787 207 963 200 492 555 235
161 560 259 72 603 472 372 674 987 931 92 713 227 202 544 261 801 229 495 331 133 697 322 955 496 244 472 972 99 403 994 666 845 1 325 649 82 440 597 512
483 981 733 583 985 233 335 515 100 367 478 669 421 929 943 608 321 109 956 362 665 791 486 390 759 876 442 473 120 336 771 909 635 165 622 890 444 311 941 6
851 987 868 699 770 30 690 700 252 492 288 735 177 793 28 475 641 686 707 908 39 763 454 840 162 420 550 92 767 398 310 183 628 379 911 772 153 60 955 645
10629