40
7
996 561 532 938 256 86 817 514 274 432 292 569 747 826 378 956 97 271 839 753 897 29 954 515 418 964 661 691 630 32 901 843 993 689 466 683 124 602 500 285
306 230 554 233 836 322 266 811 174 443 435 597 630 33 471 693 822 798 741 834 342 845 378 561 395 727 42 700 97 840 7 569 26 799 59 784 101 131 957 791
598 608 139 88 792 386 488 807 338 220 848 564 393 274 984 149 915 28 781 343 578 303 838 544 471 498 136 207 624 583 885 580 254 143 185 115 222 743 144 908
863 991 463 768 172 350 176 399 838 319 367 730 798 140 73 177 569 397 93 427 133 312 91 348 83 417 556 752 30 340 40 21 88 296 576 419 409 357 631 304
644 863 728 370 475 818 108 683 477 293 783 39 17 679 84 287 553 141 868 256 522 230 372 18 814 550 314 56 685 786 337 288 326 763 471 585 240 750 950 74
887 111 152 339 259 532 716 777 717 396 944 541 21 302 786 555 299 871 504 81 489 605 841 150 619 429 601 741 766 826 576 452 449 528 957 730 407 292 654 800
576 302 128 34 47 992 784 730 239 11 558 603 788 714 844 772 697 656 600 112 706 994 236 98 877 65 391 634 550 389 311 727 339 750 357 730 457 572 768 274
18 734 890 569 201 531 361 853 7 942 339 463 731 912 712 173 808 383 165 369 827 886 78 368 467 64 900 896 822 360 267 24 595 821 691 395 588 154 875 37
10138