40
7
794 796 604 640 863 93 978 678 172 388 728 447 245 233 813 982 787 975 644 528 911 948 535 734 729 710 579 606 827 301 156 966 121 977 162 588 697 526 259 110
717 361 662 443 522 987 842 135 957 411 845 819 29 229 360 801 514 406 30 903 482 114 891 991 412 453 610 437 221 545 150 570 611 490 157 44 244 95 727 615
458 67 74 689 69 399 547 236 460 852 166 426 459 781 150 665 894 959 777 309 331 790 76 620 582 742 554 13 829 635 66 880 40 334 279 579 930 10 82 122
102 266 513 667 239 242 36 712 375 756 171 431 765 876 599 644 536 276 649 206 660 170 32 248 242 229 887 731 947 438 618 441 760 163 821 621 426 263 271 640
356 989 48 917 38 902 206 902 470 100 400 684 513 396 586 731 963 79 147 420 59 573 652 276 689 823 19 150 520 168 579 580 762 441 902 936 484 285 984 240
689 343 914 166 13 406 176 393 825 772 825 487 903 781 471 753 698 933 748 625 194 10 186 266 906 418 142 874 271 459 197 921 439 491 912 581 459 84 470 878
63 549 180 772 115 583 297 630 795 353 371 500 126 373 758 13 340 114 959 664 534 949 309 131 511 212 412 464 668 715 543 438 976 529 784 107 400 930 617 355
309 53 880 665 895 899 152 476 811 479 393 35 907 109 535 380 994 208 727 328 94 212 613 245 158 66 266 516 216 362 103 730 641 133 618 648 720 297 636 135
8822