40
7
232 303 965 890 928 465 623 329 606 157 629 476 298 467 467 605 624 637 493 11 122 623 745 701 887 185 33 826 246 368 670 965 221 121 683 651 813 472 680 772
951 99 578 980 717 501 63 748 194 203 596 384 566 114 317 550 615 536 989 282 234 548 637 176 966 443 803 682 710 932 125 284 151 886 194 305 593 886 824 740
19 676 317 967 528 798 459 387 186 981 975 556 820 545 256 978 997 179 499 535 107 692 715 791 205 415 824 551 981 500 351 682 605 116 232 896 609 434 433 379
822 388 609 187 731 427 910 424 289 344 226 600 702 731 730 218 640 719 971 313 174 774 397 873 302 119 112 750 954 420 434 197 825 393 511 502 192 566 696 717
790 262 902 147 967 536 506 472 190 968 646 446 785 997 99 730 55 123 153 955 701 218 803 121 399 274 569 902 403 945 505 853 966 255 8 719 808 357 569 273
478 698 718 796 122 31 943 751 463 945 4 723 789 936 432 337 523 233 944 595 652 412 944 595 452 285 658 4 9 95 170 522 693 892 610 869 697 582 410 112
200 274 751 105 890 583 93 82 464 773 943 383 152 81 62 236 935 451 340 738 976 535 513 272 6 81 65 934 692 800 107 820 686 158 256 157 135 69 47 194
798 903 413 317 169 672 4 887 647 394 577 334 608 704 132 481 54 971 131 377 534 85 823 707 98 173 727 417 618 338 774 345 414 795 904 356 776 784 851 701
10397