40
7
365 627 496 584 653 626 971 613 374 617 174 890 392 796 2 617 488 61 713 364 541 859 155 512 158 634 723 929 765 947 319 242 384 538 907 706 964 63 680 769
373 879 71 598 999 309 943 467 808 592 765 262 125 23 485 991 203 752 750 174 624 443 293 533 240 646 598 733 957 733 90 805 444 6 317 282 439 263 309 287
221 155 630 524 99 258 18 879 125 768 809 692 810 371 847 688 951 296 526 526 542 147 47 729 853 271 815 446 333 470 829 465 750 653 358 975 279 297 321 700
238 430 226 149 529 286 398 102 353 987 63 138 338 882 245 787 29 908 133 347 531 520 584 315 520 441 956 58 329 652 307 418 895 960 919 768 537 783 11 214
597 612 816 804 853 52 588 478 995 918 231 542 456 663 145 57 204 693 233 541 521 985 764 499 411 20 409 785 158 929 174 278 781 577 536 636 820 593 985 479
168 52 416 525 898 896 834 982 916 706 280 479 226 720 179 332 471 111 512 439 476 949 250 694 444 205 930 308 622 27 462 263 364 462 274 36 60 545 969 578
748 219 844 283 891 772 337 294 622 189 334 878 140 62 275 480 983 386 248 251 941 357 772 416 516 166 442 40 346 129 550 1000 641 957 673 199 356 486 883 370
631 192 138 2 359 554 989 617 295 358 463 67 419 623 597 959 911 194 186 112 743 472 308 509 619 714 181 929 191 772 204 315 984 368 692 529 421 184 716 832
9675