40
7
864 229 332 203 647 593 682 158 285 80 370 395 197 258 574 454 799 601 448 836 149 786 131 582 498 594 258 222 352 692 921 350 858 64 754 866 847 238 438 454
859 177 27 293 356 374 563 503 352 10 263 292 42 65 225 531 691 990 345 727 445 457 893 142 162 935 62 540 471 722 169 919 467 642 588 866 695 333 88 277
879 933 50 527 852 655 566 395 86 571 285 389 447 89 89 558 629 138 144 563 550 66 732 279 337 48 118 255 386 935 658 607 90 789 40 694 602 127 670 468
707 409 820 422 204 849 430 939 37 952 882 535 772 722 216 28 500 801 511 592 643 821 954 765 876 586 358 774 390 195 542 137 422 567 271 649 950 340 158 11
984 890 522 951 297 194 126 247 76 614 378 818 50 214 599 819 736 411 405 181 301 219 616 276 240 61 79 667 709 742 275 202 34 660 782 901 891 192 69 60
232 346 768 669 693 15 823 831 273 704 971 348 665 774 314 683 217 503 538 137 466 389 323 54 45 863 86 420 272 753 189 369 374 817 951 508 437 900 948 1
510 227 796 510 422 836 868 784 535 721 293 496 198 174 171 527 838 486 71 344 550 111 270 184 662 37 114 405 609 208 980 458 530 859 959 254 943 10 212 836
379 663 932 533 623 635 198 56 720 299 717 31 913 569 191 98 345 613 700 544 349 539 449 604 366 922 936 457 464 673 321 999 559 614 227 927 227 922 420 360
10547