40
7
444 952 288 127 35 997 982 822 353 504 257 693 401 368 471 336 134 663 515 29 859 853 959 933 652 140 339 716 346 48 214 59 17 192 591 598 234 267 296 504
349 713 707 696 377 231 626 688 40 764 525 887 754 404 480 509 24 389 363 540 376 875 453 233 415 156 10 712 768 148 885 867 61 71 411 108 200 25 934 321
968 139 960 860 330 845 933 577 417 726 480 269 168 330 416 555 408 582 19 170 282 667 831 593 883 82 32 750 365 724 747 282 159 249 603 133 652 512 682 496
150 911 802 417 863 619 110 480 322 349 224 154 695 457 726 415 466 133 304 997 260 541 468 466 731 711 655 174 749 474 285 521 57 593 159 799 963 524 404 428
362 237 671 423 7 994 885 403 661 385 927 688 840 392 312 54 282 775 376 295 619 448 588 706 696 629 559 646 376 458 620 112 278 321 973 933 917 768 694 766
876 248 355 964 39 732 511 948 435 154 814 722 307 559 809 210 545 68 688 331 315 963 984 80 124 84 623 902 208 170 182 576 265 361 610 88 867 173 13 364
492 155 310 832 922 276 983 62 546 170 364 518 895 682 571 550 856 939 115 262 466 516 894 552 16 601 556 606 135 185 408 355 749 672 611 59 479 986 797 33
425 996 122 769 274 199 304 873 988 313 444 283 232 548 237 68 81 11 692 132 470 316 280 812 432 41 91 876 397 775 774 731 44 357 961 924 511 333 761 810
9344