40
7
664 193 993 101 811 148 356 293 803 328 641 772 559 232 972 551 938 916 122 670 519 141 736 305 459 293 569 428 415 468 253 307 174 938 29 690 424 42 175 455
289 225 160 475 357 457 348 838 194 239 719 138 111 178 755 437 343 957 816 664 271 635 90 342 298 332 620 705 483 675 483 455 862 720 750 674 72 204 315 335
590 352 262 507 131 692 202 342 539 894 631 555 103 815 282 584 646 754 496 658 247 385 12 770 131 475 912 214 599 666 524 880 328 633 940 101 323 271 591 314
773 513 364 403 214 711 407 274 631 903 488 656 508 378 954 703 583 222 312 177 338 728 785 584 191 880 210 361 589 469 19 257 110 591 666 2 596 336 565 370
28 546 203 187 800 28 301 166 195 58 348 341 666 710 959 316 993 128 319 94 689 387 799 949 86 923 670 688 548 546 505 659 275 400 335 458 432 501 950 585
779 455 219 627 974 931 674 888 934 820 393 325 198 255 726 412 347 846 708 693 735 40 800 92 317 791 178 269 729 246 165 931 863 443 231 439 494 77 762 246
582 479 818 68 432 84 242 291 457 76 557 932 651 14 729 930 615 825 266 799 275 77 236 566 206 252 486 983 755 110 531 192 407 386 202 555 740 628 277 687
289 714 323 942 866 347 342 742 605 408 313 628 713 343 150 136 227 409 329 134 356 357 498 622 740 828 17 823 213 116 690 781 528 163 484 657 292 236 194 712
9134