40
7
237 960 70 301 311 684 439 436 736 955 662 378 933 647 182 872 522 56 865 139 871 183 24 291 56 548 599 165 284 88 817 719 843 45 805 738 108 205 774 350
26 681 282 241 764 178 381 934 453 685 133 843 314 933 591 341 451 38 844 401 970 954 319 880 574 876 361 489 952 805 779 688 375 915 42 339 111 422 258 588
941 829 610 96 361 342 819 779 91 326 313 640 785 969 703 783 82 174 577 584 259 134 582 395 871 849 107 968 99 133 453 680 41 785 790 802 653 446 893 451
745 196 301 498 233 18 989 380 328 611 458 296 530 28 273 234 42 340 39 852 184 164 609 553 141 144 630 181 759 986 670 753 588 540 379 501 419 549 62 667
702 601 301 39 29 149 118 511 814 256 270 667 802 515 239 223 321 571 672 698 41 232 967 853 661 94 483 956 899 97 142 759 936 226 145 419 1000 364 950 771
628 424 499 755 694 728 699 266 997 168 595 944 716 702 648 121 226 800 382 937 233 79 736 792 954 231 639 522 214 809 402 983 753 253 985 671 839 69 124 489
165 421 336 263 702 87 946 777 868 437 472 859 64 573 577 44 629 535 681 562 820 468 207 348 27 127 778 475 416 810 595 555 485 1 925 747 746 274 979 894
894 651 314 933 549 780 215 347 121 586 250 364 211 870 558 836 786 857 63 853 631 426 601 558 247 769 634 365 275 929 833 621 167 817 860 881 249 728 234 506
11185