40
7
712 179 188 538 457 270 229 449 616 1 236 13 636 704 403 226 897 355 472 81 309 984 946 676 737 889 926 861 285 638 837 338 30 775 387 250 233 580 180 629
820 953 187 508 276 863 646 244 762 647 787 202 824 912 877 226 135 929 221 913 382 205 364 868 685 487 571 86 593 818 599 470 589 393 727 289 942 352 202 673
790 488 479 778 111 190 944 500 939 167 998 875 264 106 218 949 723 58 763 276 446 272 113 201 144 707 822 830 138 615 928 647 672 110 847 121 61 531 168 22
160 218 653 508 902 251 541 181 924 743 726 192 260 231 594 431 779 680 923 131 876 40 469 625 563 493 790 184 358 981 310 226 490 152 644 824 663 491 932 313
940 257 291 704 855 442 414 886 950 595 454 296 750 12 475 770 638 392 155 525 227 379 17 4 671 725 803 261 993 1000 216 102 271 109 253 317 250 254 240 892
794 967 615 750 861 241 75 497 566 951 54 901 557 155 417 236 291 218 989 136 670 92 454 531 945 33 243 438 493 446 854 303 901 477 751 435 668 157 675 171
665 980 883 746 847 976 212 202 30 666 461 319 620 263 525 876 625 337 993 142 581 4 907 213 526 579 643 472 506 740 539 876 423 198 856 458 981 766 529 13
75 389 247 7 925 573 496 343 88 837 56 592 815 409 24 368 673 933 118 51 89 91 484 918 210 41 633 863 915 437 328 116 798 177 78 244 545 264 833 107
8095