40
7
942 732 367 303 822 740 189 867 731 600 971 672 916 428 36 509 733 953 592 954 175 701 535 680 482 603 368 61 856 136 310 756 96 210 370 986 872 608 344 966
462 539 374 515 292 145 168 931 401 612 215 426 549 812 838 877 654 921 343 516 26 328 477 195 529 415 170 437 838 86 183 432 508 855 271 748 645 147 127 357
15 552 269 559 397 695 42 385 379 337 273 409 748 332 61 550 501 889 846 646 580 538 17 737 276 346 100 752 734 888 698 171 439 378 652 6 295 86 627 96
929 126 232 281 270 100 720 707 971 655 228 229 498 589 513 444 516 868 887 974 455 279 508 925 642 925 988 39 993 98 20 44 815 458 162 742 829 128 919 970
330 556 403 465 242 452 733 962 203 848 493 813 182 80 2 432 112 720 643 668 32 22 298 385 376 730 582 585 247 961 147 176 308 877 770 4 55 545 536 817
848 994 252 337 243 856 271 426 488 168 622 309 317 940 74 759 607 920 690 728 98 799 690 376 140 872 141 486 504 401 347 945 295 964 35 711 344 826 461 259
999 993 48 565 637 578 994 248 168 659 286 129 453 348 892 50 251 946 67 183 755 392 975 796 981 587 12 507 967 736 407 827 64 645 583 468 667 763 794 612
33 899 882 326 568 254 490 868 585 333 642 482 177 289 39 103 976 236 534 876 727 719 3 797 691 151 988 307 670 331 503 702 607 141 174 699 714 879 499 403
10149