40
7
495 790 642 403 512 812 448 192 735 36 926 593 976 678 251 747 27 246 742 354 714 217 951 972 575 944 533 795 700 421 472 302 329 640 126 929 860 477 369 303
600 167 961 402 699 149 340 636 1000 958 146 152 909 418 254 783 733 288 905 804 592 895 124 217 615 883 328 309 348 428 365 532 307 335 593 897 136 731 363 758
143 847 221 380 856 772 133 402 184 786 844 372 916 952 983 341 145 959 935 28 352 802 829 783 364 669 647 179 465 144 327 644 328 823 321 545 709 432 268 318
406 133 100 443 476 951 128 494 73 254 482 645 621 547 474 956 867 169 480 211 590 929 240 91 869 898 872 859 190 169 735 312 927 346 385 653 418 138 3 997
784 35 840 939 626 681 707 274 584 311 388 299 213 938 270 605 387 758 358 412 877 963 80 697 556 974 786 67 362 664 892 302 112 215 997 443 498 525 411 816
668 470 294 840 639 14 833 975 970 782 996 488 990 59 692 164 869 64 383 433 778 555 850 126 607 110 273 642 907 955 974 393 270 66 927 927 316 498 921 126
465 731 684 55 22 996 536 555 851 125 361 385 964 880 375 972 65 777 697 914 970 16 977 893 807 865 442 299 562 449 940 60 189 390 366 916 275 884 43 733
668 126 947 564 528 215 320 628 109 693 28 64 481 145 688 378 388 335 790 706 525 284 630 918 860 265 748 943 916 298 989 34 454 634 900 195 297 30 888 841
10225