40
7
587 182 313 917 205 242 247 620 369 602 158 241 260 398 154 732 1000 819 589 240 125 340 124 172 269 461 656 225 965 705 875 783 265 451 668 214 444 290 323 538
577 138 983 908 111 22 983 460 189 381 348 615 7 893 480 176 706 203 327 995 593 870 399 903 350 47 262 590 681 983 713 141 445 947 298 16 744 180 376 600
627 400 465 453 557 224 650 779 690 813 715 815 85 216 698 61 9 469 488 565 179 17 600 469 282 434 748 362 718 775 678 956 128 262 494 338 927 275 887 171
568 355 660 364 706 211 586 489 633 169 557 586 843 507 369 880 890 297 430 889 255 184 131 202 225 801 123 105 251 832 623 686 509 643 291 375 982 62 645 826
189 473 184 391 195 173 318 817 580 777 880 736 277 985 994 860 896 286 988 391 108 478 595 346 472 1000 833 766 431 131 9 11 536 538 618 355 128 426 922 341
394 918 44 100 635 385 311 809 205 108 452 500 66 969 76 96 425 372 467 978 986 301 267 564 670 864 759 276 404 674 967 326 703 395 919 990 823 467 359 771
116 892 22 504 949 173 610 880 533 740 223 811 56 90 588 827 40 17 19 824 933 157 993 591 790 729 739 695 992 231 187 772 308 20 399 705 857 116 665 128
550 313 488 513 172 48 382 165 881 148 121 377 610 743 155 345 504 143 81 3 302 577 160 436 700 705 51 506 768 766 766 115 981 811 251 151 254 374 688 162
8133