40
7
623 445 328 363 47 864 980 85 882 528 391 466 298 778 620 255 88 101 705 551 135 723 432 174 392 409 291 40 832 882 320 271 208 780 791 249 21 340 1000 951
644 123 639 436 420 440 273 533 334 633 486 779 427 98 407 532 757 428 339 433 651 740 181 929 125 807 306 504 297 55 732 352 570 625 237 582 541 959 1000 64
39 313 995 411 213 265 277 292 442 959 515 567 876 181 783 169 871 672 134 321 850 769 169 631 133 419 901 954 159 3 521 386 763 76 713 579 751 159 889 217
479 714 332 433 751 468 588 520 770 249 931 813 101 481 795 141 175 13 260 840 285 311 502 951 957 976 465 444 94 75 418 852 791 827 317 980 958 289 68 278
680 295 292 709 761 253 272 705 486 681 99 336 443 967 718 893 34 333 790 888 86 420 983 222 273 236 296 9 501 105 539 436 61 122 867 838 480 276 612 208
434 241 285 151 738 934 171 158 126 556 53 946 304 481 987 359 76 44 573 15 435 149 967 880 570 635 137 985 779 179 816 542 983 448 126 868 363 331 165 797
603 845 304 217 547 851 996 383 178 152 824 351 102 994 953 850 747 863 318 954 351 363 158 608 494 776 826 381 755 378 219 217 697 380 231 856 51 361 422 155
930 280 112 465 113 44 266 827 287 522 252 308 226 535 843 457 541 402 946 82 987 413 726 334 211 83 288 105 450 26 556 460 991 350 118 946 300 891 868 429
8985