40
7
568 65 108 810 332 115 317 959 580 27 333 399 881 133 391 597 979 608 404 572 575 761 64 174 522 601 627 474 579 148 30 257 519 80 672 591 359 114 137 973
741 142 262 220 776 402 514 448 406 415 440 378 193 103 868 917 239 258 928 460 151 230 814 43 303 34 415 657 739 992 712 186 132 978 846 73 810 313 348 150
264 17 634 377 696 874 659 881 633 284 405 775 227 477 511 594 298 56 968 222 918 696 784 157 694 851 887 217 959 519 174 352 896 657 400 353 506 283 852 202
234 865 674 744 467 346 206 485 255 915 365 452 62 113 122 455 451 445 140 578 238 954 52 135 423 675 654 375 34 719 496 44 986 116 584 963 637 897 2 220
74 512 13 134 231 51 341 286 680 400 367 553 680 797 377 970 688 6 207 111 952 881 563 526 639 551 389 607 655 824 677 995 207 447 671 606 261 820 972 739
399 420 910 745 277 525 400 289 762 95 755 733 577 242 335 140 201 272 833 796 110 565 568 349 707 75 211 863 823 958 310 593 305 548 356 362 880 353 509 458
586 235 294 214 525 507 340 1000 277 137 830 451 78 455 750 207 473 166 986 63 737 219 515 779 284 318 524 654 608 201 876 37 336 69 424 928 562 16 740 803
780 970 893 927 590 432 116 749 868 824 201 11 325 62 83 611 92 40 962 588 919 744 925 409 459 459 433 591 286 363 380 876 380 446 345 353 865 301 959 313
10465