40
7
115 774 584 38 419 245 205 877 300 451 428 719 780 167 376 437 413 792 256 4 313 809 191 681 166 643 816 428 966 644 499 80 932 987 386 434 345 79 689 688
408 252 15 557 663 724 354 282 760 624 146 541 845 964 392 928 409 841 591 820 308 516 963 959 474 852 389 326 409 688 65 478 853 38 350 124 79 477 798 195
125 791 360 748 550 376 662 70 483 535 235 19 75 615 547 21 697 616 1 933 68 188 752 69 593 935 993 547 201 362 979 477 936 742 240 828 46 69 68 287
878 389 916 802 270 462 396 500 685 704 340 311 523 359 352 868 407 140 855 691 350 508 345 946 185 101 593 251 180 523 329 728 466 697 440 191 733 288 416 683
727 796 976 532 688 385 503 89 595 642 919 502 281 388 134 527 791 841 767 418 626 628 407 977 45 640 435 495 17 617 128 689 126 711 25 351 948 541 244 358
313 621 857 212 768 825 847 416 728 941 735 108 371 571 609 809 433 149 379 424 569 386 948 58 295 206 879 197 439 960 297 800 27 160 863 47 583 567 687 947
408 227 668 368 636 526 210 708 484 88 757 199 729 613 55 855 339 491 5 40 755 106 540 495 290 397 869 41 60 365 243 860 905 68 412 990 142 882 910 699
239 106 603 89 283 157 485 488 884 109 620 996 713 832 243 262 65 454 867 488 379 568 1000 144 466 510 333 890 483 380 723 321 887 987 605 964 404 950 67 360
10202