40
7
598 631 47 635 786 461 415 251 843 38 843 679 335 120 888 547 991 489 121 303 741 585 109 680 97 714 419 204 20 411 534 875 403 574 325 502 311 231 622 508
551 25 715 720 571 442 927 238 290 634 930 7 661 474 410 624 675 700 592 49 4 79 566 702 761 989 634 256 142 770 898 936 615 385 368 255 556 13 808 770
299 848 655 256 949 362 200 42 57 883 39 737 285 351 316 672 150 338 387 317 524 840 363 973 776 490 176 153 502 430 300 749 10 504 636 492 604 355 340 883
349 560 233 221 372 821 366 980 52 213 761 332 387 118 681 176 158 644 708 692 260 997 853 611 556 760 507 144 3 374 608 771 693 809 167 124 798 131 118 997
186 352 848 294 66 536 308 374 227 73 595 412 651 355 141 912 318 403 874 888 245 608 524 320 367 255 575 662 645 484 975 686 540 110 531 558 72 985 539 756
803 52 52 937 841 763 36 19 667 289 897 832 814 427 45 961 327 484 750 352 833 904 956 532 771 372 609 970 459 465 634 893 254 144 691 708 351 811 202 173
225 456 785 708 137 259 945 357 151 30 73 357 109 704 357 259 548 434 456 934 359 154 376 725 420 849 405 349 679 753 901 992 587 453 507 684 924 739 938 378
317 518 66 902 522 883 943 952 253 490 409 667 886 746 407 142 844 185 182 309 53 73 799 94 74 440 807 963 936 284 261 842 268 439 520 414 785 697 471 134
9989