40
7
624 356 116 678 205 269 823 693 7 522 258 314 182 64 167 148 677 473 745 60 842 193 868 69 809 842 174 68 324 273 698 368 563 153 263 702 71 30 894 945
187 738 887 769 838 320 158 38 547 989 631 332 308 234 374 299 86 227 16 415 756 304 438 51 708 658 653 107 534 687 462 762 58 897 915 775 722 103 789 991
969 535 608 919 372 598 395 843 349 988 869 303 434 283 20 865 28 504 712 841 263 759 739 790 883 882 829 79 767 687 397 381 77 854 644 742 953 235 861 332
361 402 981 983 611 904 565 192 88 452 496 880 256 868 614 678 79 762 295 298 269 558 775 417 168 354 144 921 989 216 70 39 782 186 106 836 57 453 980 533
360 401 836 657 68 24 570 776 175 739 121 931 5 391 520 200 562 426 662 325 656 638 341 832 538 19 784 659 248 237 62 613 157 679 329 335 760 360 16 666
892 829 980 768 489 750 885 26 546 712 230 633 206 449 722 578 496 237 506 503 389 780 275 557 475 472 371 916 177 488 328 601 500 205 854 790 27 69 840 34
135 714 154 885 640 376 775 604 321 161 539 611 444 303 205 76 105 272 268 760 489 202 57 69 194 516 109 974 300 559 122 769 436 547 237 154 131 645 224 60
778 679 56 806 93 233 599 456 18 476 328 243 690 915 616 924 144 233 193 963 516 827 720 759 894 385 214 844 373 309 437 431 171 78 546 747 822 334 195 106
9576