40
7
253 323 43 649 388 644 611 139 190 728 478 810 627 920 532 467 993 149 970 547 456 889 562 398 945 898 521 982 617 416 202 415 124 403 815 173 776 695 94 183
702 460 398 358 415 897 633 235 894 706 461 292 553 21 194 841 925 421 563 267 590 742 653 558 963 168 642 573 240 129 219 244 811 407 21 960 578 414 35 501
210 391 476 645 522 506 637 481 914 369 958 641 551 890 999 574 349 100 394 218 550 97 474 295 78 283 477 740 144 563 983 531 985 197 223 713 715 410 518 803
103 701 476 477 26 85 387 411 859 326 451 651 272 625 691 852 84 586 981 110 652 676 461 589 754 811 996 353 699 803 586 657 16 47 524 810 18 250 114 789
603 585 419 974 759 896 476 816 281 104 527 717 174 563 227 625 701 595 287 493 690 184 416 342 513 267 986 789 553 849 285 917 535 411 553 365 171 152 322 765
111 610 141 101 804 71 816 154 181 478 38 141 978 537 110 460 828 463 762 715 674 763 659 326 621 341 522 606 735 955 447 966 504 442 378 751 552 522 700 788
972 521 54 381 214 658 250 12 132 862 427 841 698 46 210 744 933 396 483 736 387 86 170 55 913 372 867 397 689 580 845 472 245 961 630 471 772 84 383 913
954 391 251 256 520 122 939 416 223 991 612 994 770 394 263 660 829 19 109 755 7 301 466 690 408 520 77 816 445 658 781 206 994 70 555 911 56 663 48 206
9673