40
7
629 360 997 310 315 869 256 124 656 243 582 128 506 750 463 108 246 400 767 963 190 96 736 839 537 725 83 977 11 54 744 937 218 477 5 803 8 491 555 149
434 599 154 291 460 771 341 803 302 797 578 270 521 555 687 8 813 819 375 513 416 88 765 125 526 269 737 455 754 911 27 53 7 272 125 346 23 741 370 155
589 38 862 436 855 26 537 635 583 713 608 296 838 772 872 384 823 963 188 786 442 785 156 827 875 246 650 797 640 74 276 920 217 688 716 654 179 633 190 525
34 871 928 791 713 472 579 670 43 775 366 143 11 208 424 542 674 665 590 126 723 303 954 610 263 267 766 512 950 508 757 596 398 47 679 120 169 552 710 262
398 386 402 575 586 262 703 803 450 688 999 286 257 488 683 991 998 38 734 938 556 595 853 499 619 739 537 802 472 807 815 299 323 949 987 60 112 981 480 364
27 14 288 178 640 941 498 781 976 789 127 414 773 62 505 823 451 469 202 187 771 607 402 158 20 615 759 128 490 442 584 922 696 796 555 819 641 741 58 883
697 385 677 615 296 286 353 982 682 788 381 624 194 689 57 989 925 582 517 641 177 444 223 855 903 67 904 556 394 538 531 164 32 664 206 729 348 83 938 163
611 224 731 671 294 27 425 387 122 102 65 577 216 488 921 306 4 712 182 194 968 160 590 203 793 266 98 840 868 163 577 627 941 412 340 382 260 576 717 41
8541