40
7
831 525 186 232 903 69 853 681 190 797 813 181 564 560 788 386 646 135 691 726 640 174 763 563 393 325 94 811 955 47 852 966 129 538 773 475 680 817 338 76
881 509 833 933 959 741 90 420 792 642 308 96 161 765 924 957 736 343 285 353 2 364 130 304 40 666 570 263 866 638 149 241 136 64 965 361 615 571 309 222
996 749 136 35 359 41 230 499 343 964 492 299 575 723 448 843 627 560 788 745 848 871 194 244 244 933 698 3 379 897 507 137 675 742 495 259 918 800 899 447
955 452 16 383 128 661 432 184 227 949 170 908 479 159 360 38 84 74 241 474 603 202 643 887 169 192 569 456 434 136 680 896 162 105 292 142 688 773 266 975
23 856 902 802 598 621 538 613 823 294 974 598 437 975 39 790 495 989 804 288 157 204 734 395 184 337 215 155 903 418 940 326 624 976 223 356 742 635 550 33
660 19 681 634 516 272 283 970 822 118 416 269 663 472 935 992 287 850 524 336 330 492 442 130 742 443 36 42 340 442 661 925 889 982 233 967 421 523 285 444
663 630 913 336 650 367 582 239 611 546 677 294 25 848 271 854 920 887 205 65 733 922 421 492 8 13 92 443 354 116 858 877 835 610 435 509 855 856 257 698
385 786 269 170 512 640 861 608 492 480 66 361 834 447 126 285 227 934 532 181 278 450 610 289 673 832 734 578 895 470 908 236 332 206 953 139 15 576 657 775
9901