40
7
548 151 528 990 878 652 468 778 552 238 485 451 880 792 446 123 491 623 402 474 429 637 680 492 589 612 227 966 328 882 567 581 195 646 903 302 299 512 294 546
552 399 67 218 665 979 344 124 766 17 539 605 227 935 859 139 544 2 690 493 368 215 479 630 93 6 989 431 991 878 950 140 713 57 916 425 932 4 305 955
201 901 642 500 863 143 950 694 6 818 702 239 616 757 706 322 969 358 642 750 23 17 628 96 66 646 818 903 903 182 775 866 418 296 315 736 324 92 958 466
314 499 641 70 182 342 45 592 233 380 318 905 90 680 206 967 963 705 767 981 820 859 950 836 909 616 23 153 152 287 90 415 609 538 675 283 398 74 165 351
676 56 341 890 493 607 460 610 151 718 298 308 758 945 514 108 700 99 914 318 471 915 399 293 576 190 520 442 433 642 642 698 828 781 979 582 767 43 532 216
773 305 343 301 717 646 417 693 444 462 476 345 189 434 858 172 863 214 938 630 277 31 222 558 792 166 76 721 401 836 181 954 196 146 191 57 558 456 992 762
422 531 102 264 877 248 927 879 810 542 408 674 488 183 956 619 25 209 879 844 228 591 310 503 730 106 323 77 658 211 42 595 956 101 30 979 853 383 164 264
274 248 75 890 57 866 420 619 898 592 773 63 207 819 991 886 598 577 833 726 66 249 518 770 42 768 180 838 308 937 690 884 400 872 148 678 965 524 726 871
11423