40
7
749 33 688 234 133 375 139 163 170 200 193 583 140 819 34 559 482 391 761 528 420 117 225 537 941 688 668 484 644 472 212 663 193 575 637 380 841 119 464 207
231 259 299 165 624 172 953 983 573 283 942 156 240 307 57 950 84 625 753 957 556 788 265 508 483 514 539 114 93 249 511 443 966 484 327 165 414 373 268 950
353 877 12 379 875 215 945 277 438 244 262 156 863 485 165 660 619 537 559 79 566 227 687 667 579 932 479 278 73 365 473 756 914 4 745 533 409 894 543 714
671 73 624 523 208 33 900 58 647 945 211 904 520 508 345 756 235 306 797 326 724 542 835 302 737 637 334 197 475 138 691 126 622 370 478 844 904 594 536 818
449 482 589 558 366 122 901 507 296 372 288 739 676 149 381 999 213 638 291 407 875 914 929 136 351 157 688 137 755 307 374 876 289 272 399 401 1000 144 125 511
415 870 462 71 805 613 619 372 309 231 649 651 921 981 390 748 286 552 203 495 429 660 764 303 359 846 987 752 402 723 516 511 113 242 182 710 615 19 663 226
689 298 430 281 832 220 356 560 582 608 399 251 816 460 403 636 255 923 474 970 127 715 510 956 416 816 256 60 380 663 730 624 550 838 177 508 941 219 699 367
856 796 25 441 118 433 633 490 374 811 259 302 156 280 366 248 494 293 107 138 866 607 25 518 1000 852 690 568 272 18 44 477 667 957 843 926 953 861 831 982
10289