40
7
370 890 849 135 877 81 182 262 933 988 176 359 344 179 640 753 196 364 708 343 195 518 957 235 489 793 86 478 226 479 619 980 778 38 435 504 643 807 197 233
129 930 867 804 583 401 770 583 948 499 122 44 391 527 44 754 555 656 974 935 303 400 789 897 984 840 256 531 296 186 907 69 759 419 931 369 738 560 301 909
336 412 736 391 308 620 961 946 999 389 299 564 562 102 719 934 525 340 863 914 927 805 663 155 364 124 719 451 640 796 536 72 773 16 339 965 298 925 14 486
518 889 90 468 138 816 270 438 422 578 407 602 116 116 835 994 851 188 124 242 156 46 448 988 264 700 50 656 14 497 582 984 828 11 833 483 994 169 641 15
687 865 694 430 723 516 782 398 628 818 164 622 312 445 539 523 292 167 494 192 267 764 243 841 349 591 119 23 143 470 86 233 333 201 390 612 367 20 792 179
491 963 889 886 63 256 292 532 561 973 979 732 221 868 956 121 902 255 865 459 443 724 699 374 25 574 178 605 530 260 71 545 994 729 590 801 424 89 293 915
818 741 496 753 299 178 972 924 964 78 911 490 870 644 642 792 803 198 96 430 994 911 347 286 798 202 53 272 630 305 363 606 142 688 384 924 746 260 641 411
834 430 554 158 710 78 769 504 439 689 15 829 431 179 118 343 620 616 155 784 264 41 34 97 344 853 781 850 167 277 322 443 46 659 309 69 213 32 420 358
7917