40
7
402 203 287 622 342 957 723 546 71 709 929 838 896 630 218 160 199 196 558 657 227 40 672 778 200 368 2 5 128 656 786 296 155 722 470 198 370 371 525 906
673 899 192 268 30 211 590 20 429 27 803 786 389 684 860 969 458 750 881 665 64 651 938 937 705 629 39 532 368 341 392 10 709 498 421 464 56 119 231 106
56 769 134 987 250 882 629 110 373 992 496 516 914 587 11 349 294 88 261 381 765 523 855 156 343 64 923 661 246 298 442 945 132 690 807 31 814 680 244 884
721 654 12 400 692 205 260 116 634 992 456 390 579 415 19 200 361 463 130 539 913 952 927 240 927 904 162 30 122 36 546 208 295 892 572 250 872 87 679 494
136 104 328 907 352 660 966 741 316 726 447 790 687 67 678 923 631 698 474 711 455 598 999 231 133 624 885 295 224 182 273 377 928 885 882 257 738 569 757 24
835 365 913 391 354 569 501 327 8 640 894 930 700 557 601 853 828 896 449 787 484 323 564 631 319 355 987 747 164 29 137 807 738 246 652 561 560 686 988 890
383 470 757 947 627 429 195 720 975 622 668 477 93 749 497 259 790 330 68 196 130 90 453 578 937 639 124 994 380 579 74 172 254 659 456 260 823 536 352 342
40 934 484 415 819 587 638 488 377 815 663 929 456 493 470 805 614 564 789 505 720 821 921 688 937 63 631 594 402 175 643 893 663 242 138 835 740 130 417 934
11736