40
7
806 477 851 600 84 399 362 809 116 710 598 307 71 385 601 208 998 47 493 800 940 511 194 85 973 817 508 450 842 153 910 767 229 523 268 66 587 656 901 604
846 867 763 210 400 944 694 40 260 226 353 913 75 938 105 661 548 375 930 348 275 482 807 833 897 599 631 429 381 271 149 329 413 249 867 213 82 659 893 688
483 945 447 684 583 773 501 434 461 528 527 267 935 438 720 478 303 22 642 988 497 433 948 801 298 480 666 358 885 701 178 359 211 899 666 968 805 522 894 950
780 128 955 256 409 866 851 896 74 142 73 898 307 19 89 772 582 585 165 28 355 794 923 799 746 792 864 529 291 415 490 484 970 307 54 207 274 403 336 73
541 127 701 116 218 971 13 847 161 281 593 170 514 330 618 104 527 130 599 355 972 537 43 509 303 865 590 909 219 7 125 527 935 81 702 851 627 892 248 299
803 650 60 435 989 612 726 247 675 112 827 603 890 583 361 19 134 88 855 463 317 654 557 663 658 824 905 897 281 47 373 550 170 241 268 563 381 122 919 241
48 303 756 992 976 899 496 858 221 290 608 439 822 512 841 894 663 336 370 905 242 582 482 533 208 510 352 934 623 644 689 48 943 996 459 113 40 65 107 780
526 121 882 680 929 189 453 924 144 777 379 982 159 642 208 373 298 335 598 976 291 173 13 777 509 802 321 265 530 644 550 949 903 595 982 516 696 986 332 368
10889