40
7
109 181 150 693 370 763 6 30 846 493 76 556 741 480 890 969 815 45 676 420 962 896 980 280 495 177 224 500 141 629 131 919 341 110 650 380 679 615 516 276
170 898 207 231 264 455 245 750 373 325 641 545 138 2 392 509 212 915 344 936 333 883 291 533 718 63 36 141 400 81 300 55 801 846 747 863 265 500 231 287
618 231 468 583 336 276 392 449 906 175 485 343 712 425 42 129 883 828 222 130 754 93 486 543 588 539 778 987 772 587 924 567 630 712 473 131 797 201 629 147
40 722 216 854 591 768 845 480 452 464 924 573 649 385 411 624 559 860 352 730 489 104 81 461 546 757 931 281 917 303 253 622 311 368 45 75 49 814 882 343
160 914 366 571 256 740 271 181 481 684 157 563 961 395 470 491 386 24 656 593 50 407 795 172 116 400 110 495 545 368 806 689 1000 695 969 633 759 231 655 646
169 721 387 420 436 67 444 885 39 731 736 402 434 395 464 107 241 671 530 862 77 471 701 619 881 227 412 979 117 358 36 605 283 521 827 820 171 798 13 475
579 941 716 941 137 765 383 231 467 202 657 646 838 751 211 110 134 428 453 832 448 96 792 528 754 302 848 969 609 383 9 884 786 371 330 708 542 724 433 57
987 964 161 16 511 55 577 641 448 129 63 342 317 299 932 47 949 693 243 717 769 797 419 102 905 243 832 676 702 269 970 119 354 732 418 895 140 47 7 602
9545