40
7
346 544 716 724 56 299 736 602 624 521 655 629 977 423 649 596 102 329 2 515 229 201 491 918 793 693 690 837 906 302 965 687 789 81 42 524 751 514 864 511
267 671 794 776 473 62 453 668 517 924 239 911 895 80 994 727 176 959 10 772 631 304 600 976 337 985 936 288 260 246 511 550 638 97 864 344 803 244 744 396
498 658 328 586 677 179 951 480 509 913 343 825 711 231 675 794 782 137 237 279 505 437 315 771 596 768 492 231 432 47 452 546 819 779 482 652 234 317 34 651
4 330 791 331 965 367 986 220 530 194 490 28 133 642 842 152 106 732 700 710 484 597 120 46 324 93 960 269 879 300 954 347 269 789 998 908 92 431 327 122
753 58 305 216 310 760 933 779 740 396 530 560 14 4 887 467 862 18 537 829 498 984 72 990 239 117 65 694 284 540 272 839 537 164 962 707 959 143 932 3
262 433 457 577 106 718 351 937 460 55 358 571 882 631 907 710 381 104 558 587 162 390 430 732 597 311 403 517 114 717 385 567 714 519 410 283 366 864 583 235
15 935 722 836 757 34 551 304 139 330 706 955 357 313 51 979 168 424 228 4 783 94 926 786 921 792 988 92 693 424 670 644 848 25 597 28 749 22 649 168
563 603 314 810 301 735 513 29 171 679 324 582 631 849 120 761 839 463 862 319 410 771 824 294 634 556 684 226 163 776 868 347 540 130 610 493 416 118 551 988
10434