40
7
526 567 142 746 184 324 93 748 73 164 554 449 978 195 155 16 633 174 679 523 425 22 331 217 469 272 564 58 735 51 641 723 613 845 441 504 6 516 189 609
906 829 433 625 797 275 850 495 492 302 707 475 441 292 239 904 341 234 390 693 441 112 212 346 701 203 84 429 930 418 331 767 41 926 167 110 589 313 743 204
518 764 935 251 841 281 557 58 393 98 433 956 247 351 759 556 365 755 144 394 431 343 577 178 530 228 585 701 226 682 83 267 597 799 829 117 673 318 183 768
467 338 206 266 217 923 901 980 659 368 623 999 572 830 243 435 208 139 211 128 327 85 537 800 590 623 590 529 622 781 431 777 435 286 990 732 47 860 341 654
538 120 999 820 727 1 703 137 754 943 251 925 899 432 373 746 377 469 458 621 332 859 599 52 109 663 905 696 15 656 867 439 932 187 578 80 796 893 900 424
687 710 690 831 793 75 867 328 547 20 530 569 497 271 472 446 278 983 406 687 121 492 259 847 880 1000 9 124 446 281 265 994 831 873 882 662 403 587 782 864
680 533 521 904 889 270 951 387 516 761 927 575 671 58 367 574 293 143 359 709 142 724 787 570 172 706 131 42 216 359 38 280 283 45 438 391 930 961 942 942
648 673 461 291 83 838 294 144 841 72 963 27 735 691 630 681 151 386 1 135 19 362 254 235 484 981 880 140 952 812 382 419 435 786 151 339 495 797 851 660
9590