40
7
229 534 29 151 788 606 482 715 635 929 333 319 143 346 195 558 407 888 717 543 587 767 88 984 556 757 632 906 878 892 557 896 519 68 504 522 584 180 344 597
365 940 515 298 2 733 296 781 331 283 271 572 874 320 198 247 548 524 185 437 963 696 273 624 262 100 340 359 171 376 145 174 846 505 388 385 334 93 238 469
600 687 134 211 352 132 626 548 466 46 609 453 685 798 978 307 326 696 667 1000 265 739 769 849 197 266 53 932 160 493 227 212 773 85 891 982 725 197 168 986
964 23 929 209 116 283 100 798 549 916 835 324 845 231 485 778 470 765 475 378 741 76 242 983 639 47 954 4 840 636 399 15 799 79 110 185 36 275 650 80
522 633 959 317 26 334 1000 406 656 920 26 235 585 15 35 360 857 527 301 836 315 763 835 845 160 9 837 503 54 116 246 666 123 915 696 712 528 302 429 433
384 733 910 290 495 426 992 308 719 474 63 151 969 9 284 825 108 287 262 255 42 927 431 371 459 635 986 799 104 198 548 335 300 629 225 1 883 892 117 135
709 323 6 672 259 605 371 63 825 542 799 967 653 345 598 709 240 977 86 834 956 818 316 552 70 928 566 294 361 58 928 67 665 234 245 138 870 318 172 587
839 685 695 693 990 513 72 98 460 937 922 67 369 290 854 117 437 578 706 5 509 937 49 406 610 394 833 56 6 44 629 48 828 298 525 759 575 936 486 623
9939