40
7
450 952 350 934 370 604 818 647 764 881 47 133 439 310 703 674 399 897 240 407 617 328 558 107 496 338 382 276 387 196 382 912 465 598 571 455 243 682 13 285
365 159 429 813 124 84 698 544 1000 531 271 390 408 236 621 159 499 546 396 102 617 775 363 776 48 781 367 812 350 659 503 54 277 480 866 778 374 219 307 673
367 31 102 449 58 44 647 565 967 336 12 282 76 622 191 50 804 1000 811 211 329 581 553 420 661 263 127 404 18 153 671 677 308 290 58 602 389 897 793 264
976 45 16 293 328 457 545 30 485 121 654 475 336 352 821 897 862 953 874 47 682 676 225 456 105 635 557 62 871 61 889 258 549 982 905 483 136 283 709 711
694 581 753 633 763 382 833 831 868 22 365 267 590 598 762 34 941 834 310 949 782 731 640 251 789 551 670 443 102 465 266 71 197 813 988 140 266 342 113 950
52 271 427 78 872 791 455 573 737 977 189 906 983 602 520 966 498 991 418 981 832 227 23 378 29 782 344 693 286 218 637 541 615 428 466 536 224 350 932 250
110 443 174 855 292 840 504 988 248 180 62 689 170 453 744 705 312 107 309 227 354 871 13 255 509 408 516 71 585 292 530 293 878 51 244 494 379 605 99 547
856 569 444 568 79 336 943 371 321 572 869 554 257 627 768 579 721 948 357 228 397 890 509 326 90 145 39 630 759 975 999 738 477 165 160 677 912 29 147 873
10452