40
7
550 12 31 673 515 220 865 640 172 931 213 544 509 860 546 876 87 516 279 135 672 939 161 864 830 435 608 157 990 544 74 891 889 9 178 155 617 923 470 718
264 809 247 962 575 182 184 349 245 497 50 875 627 392 907 172 128 318 402 357 162 201 964 323 516 214 704 367 932 981 778 443 716 136 300 452 659 390 354 524
291 939 372 817 140 196 420 373 540 839 587 835 355 41 31 492 301 141 981 331 835 371 328 155 825 494 527 663 647 672 788 933 688 237 759 4 611 266 894 437
75 274 287 535 192 313 502 548 956 814 596 149 714 702 176 393 551 831 406 762 794 201 253 975 99 814 610 686 4 664 612 653 432 931 586 35 453 680 672 230
201 272 590 387 203 855 507 669 501 514 129 624 422 222 902 881 958 288 313 390 965 615 820 103 993 240 57 935 63 358 27 527 81 434 63 312 144 13 409 160
920 838 206 990 63 362 315 423 556 933 568 829 926 101 368 161 692 272 312 395 466 885 43 196 854 444 829 203 966 790 696 123 116 535 725 42 51 46 651 96
601 813 221 625 88 271 429 563 432 762 618 453 692 439 769 202 784 906 310 385 331 883 486 973 957 877 868 577 187 246 770 410 366 236 689 445 497 287 635 618
885 430 644 35 71 918 770 70 819 433 176 316 191 275 353 488 716 429 134 685 627 169 43 546 769 98 213 355 509 984 858 239 188 618 196 973 637 651 910 711
9566