40
7
379 682 80 285 585 535 684 876 230 513 634 716 392 155 505 489 205 302 742 776 690 261 835 367 47 345 455 996 670 220 11 608 959 302 17 289 191 487 941 27
604 735 212 537 702 120 735 834 313 189 624 997 765 521 508 977 432 501 721 192 291 161 211 513 107 66 632 512 379 672 504 400 902 647 932 854 968 189 247 356
22 759 624 483 542 152 120 193 863 750 244 201 12 900 685 365 902 415 602 178 509 740 689 369 625 979 806 221 453 702 447 696 875 424 682 297 991 528 392 663
216 554 595 634 805 525 1000 124 861 469 179 952 527 10 530 587 739 411 339 519 529 267 787 772 936 456 518 159 959 82 950 125 370 24 287 420 138 250 922 312
274 30 331 249 501 669 106 344 737 800 743 118 147 170 358 290 986 902 782 124 797 362 835 443 136 600 976 934 434 118 617 505 423 125 571 958 478 236 709 32
249 289 456 549 218 462 716 699 99 196 911 237 678 116 854 917 448 545 649 590 489 897 360 679 517 968 456 139 269 105 561 914 56 455 92 414 147 960 783 469
677 26 901 706 817 615 40 983 516 91 643 45 896 652 957 847 616 131 836 62 507 140 637 646 337 40 738 417 977 37 930 946 472 737 691 141 103 526 545 280
615 591 367 22 561 747 784 378 829 122 225 264 821 738 358 155 209 879 776 98 599 51 716 856 597 674 227 240 981 877 214 527 495 417 540 566 351 818 592 873
10375