40
7
587 385 509 888 217 455 385 45 431 187 695 502 585 375 686 842 315 303 975 227 908 228 597 589 979 412 554 211 366 604 913 918 967 68 416 783 601 429 560 60
833 475 710 161 883 5 81 550 577 446 86 867 281 345 585 190 885 612 416 517 594 682 64 549 890 91 383 279 59 225 8 951 720 245 598 891 503 574 968 280
376 969 502 807 445 928 269 70 690 492 302 939 453 837 104 782 579 802 987 692 984 745 907 453 938 155 731 931 805 480 244 440 928 840 66 723 302 379 404 369
111 115 78 987 603 269 842 799 636 349 229 876 98 91 364 536 426 120 134 592 609 536 674 967 719 292 957 183 60 514 211 286 721 834 637 842 704 65 697 706
599 353 583 919 727 716 335 465 652 480 190 340 298 882 463 247 399 328 780 85 846 81 769 133 876 508 367 286 382 311 5 495 949 937 633 544 142 652 40 761
51 925 730 472 794 998 974 374 631 345 52 923 755 527 924 447 689 102 567 893 505 937 591 592 379 725 440 786 441 778 932 473 452 516 472 567 350 784 121 705
767 177 733 305 303 260 732 965 822 386 303 562 356 872 420 100 175 492 43 853 435 854 563 355 684 533 613 315 532 488 737 675 119 220 114 104 297 232 409 589
116 836 593 262 946 248 511 364 91 733 886 219 568 820 923 422 908 162 684 874 714 873 352 959 750 879 458 613 148 700 143 180 721 50 434 109 992 939 76 364
10810