40
7
686 605 288 288 21 425 236 495 603 209 916 163 891 41 941 719 369 283 107 267 617 533 70 842 529 896 630 776 263 160 305 938 731 453 85 618 544 202 734 848
312 264 824 299 370 506 247 220 249 622 951 367 537 883 925 818 848 665 298 110 207 849 942 554 830 967 861 134 274 79 175 105 943 971 636 485 109 414 434 267
331 4 452 679 599 997 557 613 532 832 122 255 980 355 649 895 31 995 100 998 898 943 557 796 706 211 517 681 421 359 727 391 869 852 649 627 201 584 566 212
753 987 975 115 734 793 414 824 552 529 672 962 644 785 107 719 326 307 185 776 388 422 196 532 308 205 97 250 230 470 456 824 323 198 485 705 644 236 455 563
152 453 6 270 892 558 437 913 81 947 716 434 758 435 905 597 122 655 274 731 664 357 239 988 199 449 235 371 532 867 858 699 77 61 887 949 210 11 696 65
727 865 794 582 707 462 771 942 694 6 505 657 195 932 678 165 508 346 74 505 676 123 284 315 558 748 189 164 327 130 533 27 56 743 497 124 688 920 520 658
343 572 14 955 551 771 482 507 894 281 548 653 341 955 136 305 101 648 468 834 10 496 370 95 385 7 584 34 794 939 998 339 314 63 139 275 544 123 232 931
813 407 529 430 528 76 825 892 705 91 688 894 906 634 784 996 23 334 687 852 738 198 202 116 339 27 187 44 861 669 816 407 235 398 916 778 37 660 843 987
10776