40
7
956 744 656 160 485 611 448 795 497 561 236 912 57 503 974 583 116 492 802 337 648 405 184 996 172 245 232 60 28 434 200 51 850 371 218 112 17 322 337 168
697 286 469 717 239 197 6 316 750 260 431 797 45 943 484 542 870 174 126 644 493 520 680 522 300 997 554 543 833 593 431 851 68 876 244 91 807 456 941 104
889 339 685 847 266 163 210 303 714 10 697 118 802 219 868 110 449 662 522 710 261 273 595 931 952 38 236 654 683 491 468 68 782 967 140 59 825 235 731 656
626 518 7 892 576 929 216 240 969 37 130 125 899 916 883 246 158 265 704 614 181 824 673 772 310 967 71 769 488 62 798 298 220 336 953 597 964 159 333 784
790 880 892 535 633 147 281 283 227 856 932 563 172 86 982 558 659 607 573 63 566 421 96 495 84 915 327 152 232 796 94 785 191 127 237 965 22 690 391 234
143 36 536 235 868 662 661 981 865 589 563 731 477 307 413 820 163 395 389 63 797 534 461 337 843 631 907 899 964 209 870 521 970 12 95 340 82 419 962 954
364 424 888 702 558 340 123 997 636 900 770 984 129 258 586 305 179 375 484 267 182 358 705 673 404 768 560 405 397 813 815 609 431 631 368 562 524 35 117 550
70 812 83 309 266 791 808 383 396 124 432 267 889 360 310 236 1000 292 911 642 964 421 545 46 551 926 744 52 623 248 436 388 694 786 6 728 735 729 633 342
9989