40
7
490 650 574 588 179 571 724 237 988 882 775 948 293 42 924 266 113 594 201 984 865 417 281 68 463 198 244 909 973 578 396 702 101 910 970 575 681 44 170 359
760 404 309 176 712 513 42 669 340 57 898 234 486 643 303 675 279 214 488 66 942 408 462 557 278 84 61 541 456 312 986 645 249 255 392 594 720 287 902 854
128 528 234 42 541 201 75 527 772 979 332 196 816 592 545 993 964 233 622 147 829 966 343 710 132 689 200 775 958 281 903 872 441 213 396 811 736 970 576 337
998 197 263 858 859 752 700 65 916 830 851 106 689 463 769 972 186 130 991 480 116 911 16 87 553 364 773 484 250 882 633 891 729 737 128 840 304 576 642 414
813 863 492 376 336 968 677 58 946 675 156 899 521 190 249 245 438 850 94 31 747 163 587 861 562 77 803 410 537 383 765 781 21 112 942 512 433 846 623 139
685 759 415 676 359 42 489 878 825 621 88 966 893 287 547 195 644 403 147 595 703 593 820 508 931 697 959 314 715 959 203 137 54 326 485 511 977 176 848 140
582 109 865 468 826 726 540 406 212 118 260 537 782 226 118 581 370 449 313 882 885 311 504 663 744 986 137 919 955 377 136 849 911 290 348 1000 61 796 255 970
462 537 664 289 289 270 958 405 352 388 824 644 561 352 283 973 918 50 398 536 968 862 676 825 986 96 562 837 698 356 760 661 454 133 326 393 215 105 307 317
10345