40
7
152 519 697 50 254 550 840 947 19 281 775 941 360 211 378 623 973 856 222 325 58 761 559 681 97 396 585 312 307 403 476 642 568 916 773 777 845 700 885 260
265 485 62 140 578 393 318 442 179 200 61 234 373 358 569 489 247 795 659 356 24 508 785 528 451 613 947 473 606 943 830 230 489 424 365 615 620 668 812 521
480 827 960 140 10 421 857 231 362 468 648 89 1 449 594 773 767 19 785 931 772 506 518 919 584 26 463 953 85 116 595 81 386 875 35 697 921 753 724 20
644 611 669 428 525 769 141 850 263 773 349 66 944 435 115 195 931 823 945 2 868 653 7 908 519 906 638 711 711 995 902 832 104 160 816 36 317 205 743 241
947 216 992 622 639 640 524 87 35 500 115 970 201 323 874 91 557 282 381 717 689 367 17 609 926 251 415 656 382 303 751 561 48 103 514 861 773 759 680 978
417 995 266 971 559 348 592 737 164 308 359 845 874 752 77 487 438 897 885 684 186 511 112 845 286 480 428 55 25 314 585 772 849 516 317 749 140 848 208 127
127 130 148 27 642 462 791 820 798 217 78 108 281 582 866 897 746 491 251 837 298 848 531 946 586 430 555 623 797 745 974 485 938 459 599 288 962 519 151 689
727 986 272 232 889 583 465 920 97 706 178 463 818 126 956 400 182 126 614 403 646 784 69 880 108 761 955 575 732 168 147 663 330 932 88 43 732 833 335 696
10310