40
7
786 28 11 42 124 69 479 159 419 948 796 876 512 820 226 64 287 205 610 81 827 435 32 597 391 140 641 382 585 626 745 451 350 432 691 719 348 570 33 906
896 251 212 584 97 829 764 563 983 36 470 187 68 189 172 424 948 931 739 879 75 378 880 569 543 682 745 379 76 364 906 937 891 144 82 199 594 329 262 796
526 218 222 774 210 150 744 417 425 229 84 747 405 116 329 648 476 349 50 294 258 446 983 200 216 991 796 100 177 343 427 220 490 96 470 313 570 635 139 910
858 772 584 579 461 173 108 695 902 888 36 501 529 703 794 473 203 767 423 942 861 632 843 263 115 470 794 922 710 196 833 843 874 71 965 910 975 249 771 789
125 12 685 840 796 828 694 893 527 375 444 255 703 413 267 114 198 502 155 21 960 252 569 942 507 129 932 604 33 664 820 985 343 14 689 107 754 337 788 24
845 735 484 888 552 591 639 348 88 919 371 517 646 219 222 134 778 728 979 692 770 450 523 789 342 964 154 104 278 751 894 786 338 911 637 435 885 290 778 297
916 867 714 260 321 783 294 252 869 974 62 661 212 696 837 635 767 588 126 313 244 38 564 908 161 456 830 769 625 105 657 930 299 280 392 492 769 820 770 233
624 848 646 747 861 240 483 958 576 651 236 558 986 517 526 298 483 779 453 364 842 148 78 849 950 664 624 646 409 906 872 204 579 189 818 886 268 808 505 138
11609