40
7
360 491 168 278 638 578 555 466 441 644 585 202 244 553 778 976 397 879 762 606 911 849 113 34 191 939 735 113 465 600 732 641 515 306 914 846 626 290 661 30
316 714 823 188 148 981 410 450 655 968 893 821 100 429 356 443 380 216 932 636 120 263 436 1000 795 253 599 340 800 872 155 819 851 566 917 28 855 491 842 476
983 735 527 590 802 119 866 85 119 767 588 320 82 48 634 503 283 852 353 143 591 554 609 518 692 204 180 934 991 715 417 467 521 605 470 186 749 751 392 854
764 713 339 554 61 563 88 21 27 50 943 197 355 719 618 857 985 402 483 233 45 770 595 410 742 934 536 10 891 799 70 717 246 206 336 400 810 296 724 900
786 380 556 674 680 906 147 198 748 976 167 339 600 831 578 282 129 710 210 87 91 609 783 965 900 530 669 611 124 877 763 108 269 397 719 231 652 653 557 569
88 863 9 151 646 822 728 510 301 968 769 795 221 373 860 877 333 1 748 796 239 775 762 359 202 466 678 978 700 461 771 625 635 966 228 380 529 386 408 883
723 527 891 544 625 863 9 738 590 898 589 654 675 966 387 820 626 189 26 505 18 414 912 861 417 383 514 527 261 326 18 950 884 757 834 779 25 879 315 656
608 896 884 343 755 776 864 536 24 908 509 601 416 505 701 639 395 202 703 74 695 932 688 497 139 8 98 329 277 427 842 249 459 158 749 772 182 353 221 588
10001