40
7
745 995 991 268 47 469 749 35 330 479 389 641 78 212 974 535 338 86 882 913 24 231 770 963 360 384 572 530 351 616 512 664 733 273 73 184 505 745 380 383
343 39 411 42 537 973 135 590 4 802 905 275 821 100 3 94 694 463 883 225 772 460 354 957 19 599 397 375 231 687 890 724 845 619 154 896 473 715 940 95
235 61 818 507 641 929 512 461 890 882 283 352 615 320 613 871 620 515 785 760 379 346 288 622 177 177 494 722 758 193 452 874 306 81 7 978 139 829 442 253
346 782 179 614 6 60 82 926 954 419 672 282 836 272 96 706 989 514 84 324 223 850 148 659 397 353 864 812 81 678 79 228 181 771 890 382 245 284 931 270
924 448 885 139 983 183 764 93 652 492 110 178 857 276 412 77 851 788 686 502 939 876 69 570 47 312 365 372 219 352 788 644 511 865 220 30 898 947 913 957
582 766 807 187 983 143 255 280 295 994 407 789 721 846 560 408 61 544 814 670 548 598 723 721 857 884 625 190 134 299 56 671 448 321 66 627 1000 68 483 741
594 370 672 412 869 297 112 623 219 605 220 5 551 421 91 663 443 382 665 213 804 392 630 801 999 944 145 106 910 949 210 464 565 449 890 959 507 338 593 532
765 40 467 644 295 833 815 372 428 367 556 869 923 272 426 557 98 23 274 168 606 296 631 963 876 50 529 778 517 875 150 143 912 195 567 273 774 457 805 18
9804