40
7
13 717 107 617 517 884 795 367 970 422 494 501 158 697 226 60 586 414 61 179 406 182 833 156 227 675 57 182 570 729 438 943 763 493 229 713 668 941 354 976
481 915 762 514 187 435 319 574 609 863 830 340 82 599 700 635 773 117 563 536 308 780 429 133 262 448 890 811 250 961 712 873 519 849 98 612 216 411 190 781
128 396 74 468 709 57 387 383 53 142 174 89 696 240 908 894 279 821 580 681 72 110 959 746 386 520 884 973 383 854 560 612 387 982 567 837 354 871 496 769
971 155 731 235 634 744 764 544 449 705 2 280 76 369 594 938 736 413 230 489 4 4 97 395 525 797 965 871 723 215 777 8 314 357 575 672 469 75 817 406
945 665 21 443 108 272 384 596 254 491 261 678 463 911 126 844 939 379 356 743 1000 726 478 96 302 704 121 451 608 724 235 597 565 91 391 380 385 175 58 867
101 82 269 419 618 992 293 70 916 523 375 706 387 423 448 305 547 118 481 655 456 653 14 756 52 763 654 109 957 236 329 456 2 299 532 444 653 559 143 309
266 681 923 215 664 914 198 225 296 685 583 354 432 176 170 619 419 52 124 419 573 917 858 884 531 98 142 746 516 958 253 582 95 610 87 419 26 945 541 821
394 534 410 627 350 255 959 908 819 268 467 891 700 390 170 807 842 247 851 480 758 547 311 495 571 719 268 723 926 969 230 615 75 282 980 74 184 711 718 427
10976