40
7
556 355 713 706 665 417 61 696 916 188 547 513 893 299 835 555 873 872 725 471 700 171 63 925 212 382 36 408 860 27 763 451 846 404 177 477 320 329 408 330
213 881 263 736 748 348 659 845 463 99 174 870 494 61 9 233 923 221 438 459 377 929 682 517 445 83 764 463 501 972 798 6 705 480 700 634 28 933 788 174
145 892 636 122 204 772 721 398 481 204 253 314 627 809 379 392 509 813 546 175 391 246 821 34 817 665 972 911 805 725 800 437 676 47 401 901 508 38 357 532
697 379 666 189 662 590 499 406 18 890 381 450 444 865 306 814 606 423 549 63 294 137 941 759 946 135 897 602 91 936 749 705 264 507 969 999 725 463 128 698
303 224 857 584 868 620 642 126 292 557 149 99 413 39 587 4 197 493 454 797 893 872 619 253 3 748 626 548 199 812 301 982 167 584 509 558 820 472 804 732
683 839 204 517 978 153 71 64 68 783 864 706 355 830 993 200 96 690 910 156 812 3 559 703 160 102 968 293 230 55 915 260 133 4 807 568 657 562 748 152
573 56 122 985 453 390 754 242 859 434 614 806 888 739 351 860 888 712 269 537 196 316 641 494 848 967 40 398 63 232 775 767 455 316 953 145 954 808 172 232
235 703 548 945 110 844 111 798 858 792 973 116 796 148 887 659 647 404 350 997 129 944 964 872 483 144 38 571 857 926 52 289 165 172 946 516 194 78 827 754
10921