40
7
35 876 937 432 162 993 260 443 336 712 557 425 834 42 536 961 845 62 897 948 913 799 469 507 177 699 992 128 524 958 27 256 914 546 481 255 526 207 481 483
18 673 705 999 407 68 55 472 693 137 915 793 226 640 829 68 345 784 274 536 192 686 879 803 305 485 761 932 711 809 379 573 151 332 851 178 357 619 308 260
876 564 473 815 236 891 868 32 862 270 62 77 440 354 545 430 756 592 253 59 529 493 684 554 477 391 606 382 652 473 701 676 252 794 178 305 528 690 737 872
130 538 456 791 495 352 253 253 67 484 246 90 759 737 937 737 10 214 550 499 37 783 715 485 504 993 725 949 570 350 163 327 497 38 34 400 406 774 784 724
26 391 871 444 718 933 623 805 820 172 754 649 679 264 600 478 730 677 866 264 695 952 568 397 350 112 33 630 499 40 170 663 274 537 710 249 349 896 985 907
881 48 84 979 396 77 810 71 755 715 335 401 608 820 582 889 904 586 29 815 264 821 251 868 296 874 146 531 174 951 154 756 919 393 784 59 506 833 666 689
217 799 72 896 993 993 449 9 849 393 668 166 898 87 349 900 561 785 425 325 210 35 809 497 751 151 479 59 126 696 986 193 29 118 228 551 572 795 337 530
333 141 189 781 709 853 309 31 491 747 734 638 54 710 660 965 318 310 459 983 441 429 207 476 989 951 464 208 404 10 837 151 590 760 142 116 303 192 918 622
9813