40
7
928 385 552 514 532 553 437 237 131 754 626 605 350 991 409 492 88 538 346 121 504 900 690 850 419 916 720 871 287 256 281 97 228 975 305 801 500 17 89 536
836 337 195 81 282 163 336 402 774 161 507 765 635 939 253 207 575 494 230 121 771 697 567 372 652 111 662 62 121 919 971 523 932 7 621 131 800 151 61 771
22 876 638 309 968 533 678 21 925 946 978 170 701 713 898 332 797 454 230 353 18 826 109 711 413 470 55 621 797 547 423 273 806 51 182 271 886 767 84 148
5 530 701 773 910 270 925 203 334 22 532 247 238 438 350 572 827 908 322 480 361 88 496 359 861 718 608 386 875 59 638 842 184 150 409 92 90 399 145 98
689 245 57 555 716 166 188 715 946 328 676 906 401 583 484 985 936 800 602 295 179 142 227 411 315 604 321 151 459 144 132 675 759 339 161 329 263 763 301 844
112 857 430 776 43 267 565 989 657 808 302 134 591 659 761 327 658 61 417 962 915 217 840 945 52 263 500 243 731 989 360 749 118 377 34 137 400 180 519 595
663 986 92 653 707 909 788 586 311 742 92 593 911 397 791 83 662 702 771 312 566 178 184 976 918 618 551 105 102 908 739 288 802 488 290 641 104 264 217 190
324 755 602 11 219 850 255 777 925 916 355 913 45 499 716 429 430 492 278 978 50 916 333 937 171 963 618 526 652 894 467 912 717 716 712 916 554 826 325 448
11711