40
7
734 406 705 976 571 673 648 178 519 97 684 222 831 204 115 498 880 560 254 407 43 52 279 545 640 456 701 125 994 261 406 451 867 705 100 574 958 903 862 414
344 750 110 370 285 259 219 466 579 226 173 589 345 188 956 507 326 570 156 883 950 107 11 780 166 974 71 185 404 56 414 693 465 739 865 32 990 840 9 295
330 814 213 784 638 2 584 914 172 174 821 375 436 651 847 183 922 853 747 631 66 536 218 398 642 107 390 674 367 900 971 88 212 509 612 280 221 525 990 544
835 150 552 682 322 120 888 362 391 410 664 279 993 425 738 756 447 639 512 227 272 349 408 625 543 756 254 424 625 290 333 867 762 303 323 556 743 166 789 655
577 16 859 623 811 556 56 54 718 706 395 16 293 59 427 850 731 431 485 155 319 180 15 893 103 692 335 658 599 221 255 178 667 550 379 887 569 308 395 3
361 136 368 633 683 441 589 959 160 344 967 630 193 758 310 584 932 937 593 868 512 974 719 633 230 495 371 481 19 295 996 313 874 167 111 423 452 761 735 596
35 620 448 641 612 891 700 359 134 504 486 314 750 713 786 260 144 736 821 565 19 666 516 608 149 696 287 632 632 255 315 783 677 284 470 946 320 593 261 776
44 808 28 611 331 184 14 759 995 822 213 492 410 157 261 664 157 355 430 121 63 833 305 434 501 65 72 811 276 640 842 45 967 818 118 864 273 330 56 491
8330