40
7
188 778 102 988 46 642 532 603 357 166 212 477 901 235 332 460 313 511 265 73 491 427 52 674 294 251 582 614 558 883 94 766 386 455 95 165 147 780 39 156
318 150 235 528 111 926 631 88 163 290 440 648 291 854 670 507 871 69 890 277 392 101 817 516 301 187 738 991 651 281 73 772 80 170 205 981 187 401 715 700
493 572 880 940 110 343 404 16 85 902 655 297 361 388 854 222 374 983 173 203 810 166 628 676 37 752 805 634 229 117 917 129 929 62 485 420 356 666 816 427
512 504 181 883 98 363 41 40 70 212 304 835 811 722 125 213 533 842 866 559 86 581 732 744 171 25 98 594 425 696 173 93 520 788 183 595 178 89 717 775
766 377 837 333 661 826 862 796 986 833 804 798 518 604 282 737 798 483 450 90 320 337 634 150 780 761 821 312 786 89 804 51 78 867 553 922 224 471 608 390
782 863 831 907 737 532 664 54 899 125 881 76 528 517 588 64 838 598 238 591 939 862 675 370 858 404 20 79 117 112 205 814 280 557 580 275 175 879 271 79
896 904 125 593 986 692 193 656 695 580 558 59 407 101 264 654 346 389 680 570 175 675 959 787 954 145 532 647 892 969 226 9 835 994 773 463 699 65 39 346
307 245 175 80 9 342 425 731 902 920 101 761 834 738 265 43 497 783 824 446 945 577 503 10 451 539 200 989 8 893 793 628 127 63 694 289 456 331 805 863
9796