40
7
876 789 415 613 348 60 765 695 263 195 195 816 875 907 250 324 234 722 260 941 922 228 342 323 271 346 858 429 812 288 751 500 662 463 325 675 285 647 634 319
438 452 665 321 533 227 445 422 195 942 380 651 630 765 616 852 10 781 148 639 20 672 898 519 722 511 71 637 852 919 130 316 844 521 490 634 445 335 559 866
280 558 501 813 431 994 877 984 287 652 884 630 794 947 200 69 105 639 465 280 539 291 9 417 34 839 202 644 751 340 436 277 61 51 362 492 980 875 920 821
967 247 951 163 379 925 410 58 439 883 218 860 228 181 414 837 27 624 779 273 884 81 39 940 345 473 452 374 378 905 865 257 611 362 676 76 223 547 595 94
821 658 281 638 901 500 249 940 781 86 92 620 842 623 149 289 834 142 656 31 62 942 290 833 868 481 891 19 386 361 654 852 176 800 288 94 806 3 617 21
464 260 809 474 647 68 1000 630 522 976 913 699 781 321 479 286 321 224 431 732 91 297 1 550 627 562 496 866 316 432 954 251 375 551 355 113 15 818 25 738
561 822 127 242 287 291 23 380 956 483 355 351 995 504 13 877 13 239 873 213 111 16 563 884 49 508 468 735 768 925 798 490 649 782 107 293 273 198 303 434
515 126 341 735 767 654 531 124 763 276 857 979 840 954 490 897 193 79 974 578 84 472 417 832 583 206 439 198 174 597 197 874 261 447 191 827 15 742 225 67
9761