40
7
313 516 269 128 943 207 595 666 654 570 948 121 57 894 874 108 754 302 311 16 563 324 849 904 767 658 775 18 442 497 920 893 965 821 213 207 722 549 331 201
940 278 32 680 505 678 477 413 140 669 679 263 863 668 885 407 817 320 652 276 725 46 684 275 253 241 183 674 861 712 781 103 147 986 35 404 27 980 156 213
254 201 900 523 596 575 416 313 209 497 745 657 840 878 193 81 943 744 271 111 534 429 214 512 564 472 182 225 214 228 259 478 146 74 604 429 835 679 329 483
569 630 41 383 442 130 548 157 197 694 147 910 429 98 122 282 104 384 951 466 87 865 815 204 683 823 20 370 404 812 219 43 755 308 984 392 426 342 921 374
841 84 570 616 293 903 191 499 1 618 946 738 13 995 538 315 157 587 241 807 283 215 671 171 878 468 610 562 115 767 641 221 230 725 603 602 185 373 207 886
371 393 214 924 226 928 534 541 543 177 555 53 165 440 76 635 466 29 389 190 869 389 78 680 999 210 638 386 461 700 766 934 328 840 100 683 31 843 815 86
223 777 556 426 650 394 69 232 542 479 954 775 668 559 825 698 497 841 868 262 91 728 843 450 148 691 502 829 61 221 658 159 594 238 402 893 853 61 690 358
933 52 789 586 115 574 769 382 249 978 858 314 691 524 861 849 987 751 128 969 813 618 960 459 673 560 654 528 697 160 45 472 619 332 453 648 431 519 319 707
11513