40
7
15 303 812 703 971 391 248 40 414 955 967 445 61 41 919 886 294 880 988 163 91 422 460 456 967 757 117 469 13 616 688 202 733 12 334 547 179 24 956 431
838 938 769 997 907 778 979 477 502 978 960 592 441 141 137 213 263 765 725 190 523 161 747 451 763 244 839 255 711 611 385 999 648 616 575 281 467 863 465 552
281 659 560 986 653 851 845 753 491 339 833 797 217 45 325 819 176 883 273 614 875 802 17 163 535 782 345 433 545 845 708 254 745 116 852 168 636 773 641 542
37 281 379 318 434 841 12 456 245 520 665 791 733 946 524 945 269 929 723 271 144 815 264 937 103 867 573 300 79 172 707 586 544 980 181 442 761 630 595 471
851 553 565 112 37 226 537 616 954 572 742 865 734 581 106 550 699 625 398 230 283 871 926 636 452 142 993 874 16 139 212 770 395 448 947 606 828 22 355 30
395 333 107 10 163 800 676 257 906 729 631 494 469 909 635 855 664 103 773 481 16 736 345 683 376 412 748 169 866 879 579 110 598 602 612 823 653 73 943 431
819 106 612 885 80 251 607 357 958 602 552 700 454 863 591 649 575 423 303 420 953 515 577 414 810 802 557 353 884 971 466 939 934 202 741 584 467 994 788 534
681 270 212 113 759 82 853 355 300 427 550 122 521 541 695 468 352 681 956 588 85 633 782 462 678 569 823 588 366 783 988 474 787 362 884 554 580 714 877 50
10783