40
7
358 100 374 241 446 138 800 583 872 491 97 241 917 676 893 228 697 853 859 727 710 149 285 350 994 76 113 659 965 423 295 306 990 913 266 975 788 476 616 124
221 110 68 833 905 709 933 589 433 879 880 510 26 766 498 510 810 640 790 938 392 485 501 51 349 703 876 827 624 743 623 260 23 614 942 578 216 608 418 800
278 895 679 327 627 632 339 674 156 622 751 139 910 224 112 756 605 426 428 553 801 904 195 758 628 146 281 751 923 637 983 395 704 173 153 76 773 270 895 646
932 788 512 639 959 333 941 139 317 182 223 936 290 875 137 380 802 900 372 917 127 393 192 72 948 273 966 291 676 542 652 84 878 378 914 961 561 566 951 617
757 596 114 651 902 891 419 58 859 841 141 506 850 562 676 37 450 921 10 807 539 222 582 689 720 530 624 986 819 339 240 19 750 888 369 334 57 51 12 989
970 250 168 671 119 677 62 808 697 831 709 890 471 985 767 941 424 357 613 267 646 37 896 896 963 883 828 200 880 964 701 786 326 609 114 303 635 606 147 738
177 179 282 125 73 951 721 23 530 72 59 825 441 571 791 985 438 252 113 352 405 611 745 160 756 944 736 869 999 496 84 939 767 268 580 253 618 196 947 938
864 888 531 87 281 454 442 289 134 986 729 783 556 18 149 607 63 795 927 834 42 70 579 631 719 252 300 51 78 38 102 581 93 675 879 564 589 369 964 443
9218