40
7
27 155 726 298 171 4 713 199 130 971 380 615 654 477 716 297 924 2 27 449 639 673 111 332 972 579 179 949 422 584 555 551 769 41 90 118 28 946 879 589
894 124 715 134 286 999 603 33 317 961 952 970 110 659 375 591 163 103 289 785 246 148 51 879 565 841 151 586 551 319 623 891 897 604 920 593 904 578 983 224
466 689 994 39 369 177 251 553 55 890 95 474 220 120 579 244 551 125 70 441 971 403 209 69 864 938 748 346 550 938 470 688 826 327 834 547 703 87 501 250
605 517 236 609 959 351 951 917 224 435 664 315 892 655 229 340 807 999 24 958 603 497 102 679 918 350 893 516 714 937 216 137 165 148 65 390 114 856 70 61
604 215 355 148 868 642 571 532 330 26 287 985 289 969 999 632 409 904 704 727 897 378 751 42 720 195 76 114 861 771 327 129 513 610 394 753 459 933 155 602
641 799 913 785 226 517 621 389 878 1 122 997 51 285 803 791 534 660 241 753 102 967 597 553 525 225 296 394 41 600 827 517 150 456 897 524 606 582 758 137
687 551 80 991 278 967 555 212 216 444 66 438 469 61 448 546 68 363 947 858 284 163 97 442 13 844 27 93 829 819 92 964 4 732 295 540 15 654 517 519
970 736 784 750 935 620 172 51 912 486 318 373 312 638 388 819 996 936 371 501 506 5 668 314 331 523 938 935 192 102 726 750 594 915 972 981 748 152 626 405
11726