40
7
317 723 916 717 331 509 425 422 67 632 759 863 238 466 103 802 207 593 63 413 576 612 121 347 120 339 40 97 100 603 794 621 173 121 921 752 108 128 668 234
119 774 797 864 770 9 71 916 111 475 684 744 817 182 16 525 940 80 23 280 467 517 211 474 502 713 943 105 769 35 750 863 553 360 314 161 803 292 307 396
414 775 209 50 370 692 230 193 474 275 318 487 298 90 804 977 494 59 449 358 523 900 333 835 294 806 342 201 730 160 842 265 574 968 66 439 477 734 906 683
807 163 604 746 680 728 708 685 378 116 822 316 799 696 341 887 706 969 144 161 232 702 465 542 359 527 502 699 680 504 239 70 989 68 66 814 23 32 979 822
866 467 176 401 396 135 368 51 737 791 136 370 105 62 837 882 792 541 362 791 412 61 388 186 685 586 713 282 310 135 373 187 798 369 710 491 201 97 399 134
374 622 265 781 766 612 229 804 312 219 433 765 208 852 930 658 704 164 509 80 563 36 287 983 629 684 927 281 141 955 854 597 453 942 486 775 468 405 280 607
9 293 640 151 100 131 782 896 926 828 580 291 450 883 380 777 984 426 848 690 433 983 59 593 142 62 896 379 463 195 128 283 68 295 538 959 568 482 157 620
966 376 56 830 484 428 498 986 716 590 817 869 258 760 974 811 773 721 391 47 658 930 936 309 204 815 201 584 105 572 36 407 889 403 280 148 67 199 112 469
10338