40
7
294 44 267 91 115 445 337 294 719 460 914 13 245 127 78 52 205 756 570 719 625 450 130 561 606 423 545 298 487 369 995 738 157 206 910 35 751 787 910 434
990 594 181 300 799 257 783 886 892 434 814 81 13 176 510 315 890 110 300 213 82 950 326 638 100 679 474 19 343 849 121 119 436 403 41 393 94 450 681 935
814 933 702 874 430 312 386 981 392 980 635 663 116 822 909 846 758 257 215 708 56 570 73 759 357 966 868 388 224 320 300 45 823 532 721 230 888 333 600 322
73 145 21 372 284 877 512 433 744 235 569 684 268 757 194 616 945 328 772 141 137 739 839 649 634 833 954 608 357 99 459 407 673 305 130 45 398 461 215 692
227 399 369 254 773 739 679 494 166 25 590 507 224 508 441 576 68 664 588 902 306 685 352 624 393 149 15 724 334 524 413 754 894 931 727 968 931 886 330 335
942 284 166 70 742 208 913 816 979 7 598 695 862 357 81 52 985 844 282 116 305 722 338 684 901 379 397 125 171 63 978 330 570 900 610 81 594 913 995 144
576 529 359 897 302 998 223 711 169 911 832 955 826 981 615 425 651 290 648 784 358 825 18 696 519 795 474 88 550 877 308 311 519 62 346 700 418 317 969 579
863 295 392 739 11 71 195 563 654 53 975 577 56 772 695 308 676 102 603 715 438 339 465 724 255 32 573 183 331 517 110 647 660 74 885 287 347 609 576 786
9077