40
7
118 754 779 679 399 123 652 959 988 387 752 421 569 797 219 527 733 361 782 706 622 34 932 335 6 335 206 879 86 184 747 73 247 638 458 217 387 720 942 219
649 393 261 589 992 445 845 605 378 954 653 248 538 6 395 87 513 929 153 412 761 869 186 382 487 951 699 194 420 303 938 258 810 149 63 539 521 575 343 886
157 989 834 962 12 672 492 237 660 857 547 665 996 342 166 207 379 338 838 137 267 607 992 414 817 343 684 865 163 544 207 885 674 65 618 274 164 206 330 165
908 427 555 79 634 361 988 701 560 292 257 408 837 416 869 113 679 1000 822 976 323 591 517 291 912 689 218 661 764 564 491 24 316 497 570 10 549 217 82 574
542 313 649 13 537 620 677 662 505 281 596 582 166 398 96 744 120 842 382 471 735 705 334 175 640 171 725 40 721 953 819 691 133 54 760 707 152 264 359 963
537 696 796 643 731 280 402 235 197 730 536 549 827 708 752 9 438 244 109 98 268 587 485 508 915 975 689 177 872 722 542 631 894 138 250 742 978 583 540 968
196 712 956 365 614 857 644 844 848 196 229 322 213 254 405 157 219 654 962 944 132 807 323 587 619 359 10 481 409 678 83 126 632 715 688 139 429 550 552 335
122 336 839 63 648 270 149 401 993 107 875 212 997 542 117 229 689 36 706 108 441 422 551 205 680 419 950 399 879 426 306 777 719 400 822 482 323 829 599 695
9882