40
7
472 850 800 682 177 760 286 749 897 91 821 905 498 883 142 235 920 993 7 207 195 490 365 860 61 766 621 601 581 268 691 110 17 261 376 561 418 806 660 673
689 295 751 379 325 803 476 321 302 672 431 552 649 793 372 344 829 408 929 693 150 23 903 610 682 665 772 312 116 905 930 60 277 650 630 122 452 35 935 462
778 542 85 89 792 822 89 539 368 751 700 618 826 340 341 852 764 406 967 454 32 240 244 672 630 978 973 827 889 915 872 356 768 663 394 810 668 981 181 731
257 298 592 451 837 759 571 623 118 356 104 82 568 839 700 975 797 278 835 8 652 320 803 233 91 288 936 856 74 820 938 941 584 534 818 627 239 944 684 30
637 445 918 342 833 661 751 408 669 34 604 238 204 849 841 58 783 424 711 71 18 960 939 50 957 277 148 888 177 549 869 814 352 897 628 411 353 140 551 308
624 615 936 271 962 759 90 809 354 374 561 603 819 720 354 262 873 243 303 964 461 746 971 973 410 143 337 115 810 973 255 97 252 618 769 760 224 622 554 582
455 715 948 147 266 958 359 558 998 58 902 153 319 869 657 148 508 446 661 430 418 444 48 999 503 418 360 177 361 790 346 111 953 574 81 349 2 742 965 940
355 179 155 83 258 617 560 919 644 562 811 621 193 633 474 637 809 968 1000 415 98 29 255 871 709 140 10 852 54 164 142 880 858 601 492 935 907 759 346 710
10353