40
7
976 410 834 194 31 132 343 511 741 427 93 156 721 750 734 507 942 143 772 858 480 708 155 757 53 731 536 392 955 859 773 935 305 343 202 24 874 309 556 12
776 828 584 23 77 192 303 109 480 905 309 197 686 565 568 836 57 457 767 744 825 515 228 456 590 716 983 958 19 395 105 354 134 182 370 521 58 716 538 949
509 266 192 983 519 338 835 961 515 927 900 409 718 673 510 661 876 191 394 640 613 656 961 186 172 855 801 149 163 649 679 923 827 356 557 481 341 100 479 271
41 677 340 426 525 802 684 971 135 683 123 816 503 779 202 609 448 222 86 172 326 899 438 219 60 962 707 362 175 574 910 52 202 582 442 447 51 501 322 207
98 598 577 999 402 46 561 268 873 654 120 445 601 92 376 85 198 718 329 686 570 310 645 328 258 933 18 334 875 11 106 779 492 317 522 31 978 360 540 621
226 196 781 179 66 441 824 644 277 990 366 418 832 653 887 524 798 722 47 612 827 781 717 807 370 445 849 468 997 830 122 523 697 609 842 214 14 63 899 853
430 167 89 267 617 256 551 61 285 142 578 208 233 470 888 232 746 986 911 134 123 318 351 975 650 696 978 333 668 881 754 863 389 296 321 626 145 103 332 769
720 88 917 455 707 558 925 882 783 139 37 458 1 792 853 595 281 887 64 171 727 491 72 71 669 627 493 95 602 896 113 494 772 47 21 990 135 827 861 152
9734