40
7
65 506 997 971 31 21 273 475 526 670 836 450 288 668 45 715 782 353 273 642 340 60 410 34 386 178 984 212 267 284 652 628 187 893 144 169 812 862 752 818
3 647 366 280 564 374 445 433 914 608 926 135 840 187 371 156 828 897 927 541 619 738 645 578 333 994 511 931 889 174 468 43 356 17 913 468 6 231 433 49
251 377 832 193 749 3 590 223 798 850 581 842 639 260 76 60 631 810 867 293 287 576 936 914 687 687 320 533 78 1000 679 729 631 743 870 521 906 776 291 511
570 981 811 860 260 513 586 906 281 128 49 92 381 169 172 128 923 609 696 972 509 323 146 241 291 18 98 463 144 815 421 955 775 989 554 517 835 116 456 711
910 765 832 316 747 439 42 195 762 731 692 751 487 351 546 463 889 768 241 542 662 134 731 451 902 848 275 393 589 132 65 781 494 513 344 897 161 901 280 318
775 681 224 403 490 755 606 300 886 158 409 917 550 10 328 692 224 765 727 534 664 910 538 46 235 349 233 11 612 511 141 484 289 663 206 540 657 994 610 611
174 59 463 706 846 916 13 744 243 625 487 581 214 114 912 396 828 199 450 875 473 102 653 514 310 952 829 689 12 47 420 512 138 224 455 929 892 488 90 921
488 241 971 538 593 550 749 626 193 582 852 969 942 43 488 801 481 649 186 902 795 813 587 990 456 111 740 54 268 832 699 781 426 154 148 482 326 729 179 741
11078