40
7
353 302 220 241 611 480 620 744 497 906 3 596 437 313 7 70 609 448 525 706 296 859 869 238 709 776 817 655 707 404 225 1 186 406 320 965 165 571 372 859
675 637 838 734 406 631 408 764 382 440 81 80 577 72 22 741 408 341 186 437 81 808 688 874 696 321 4 854 362 386 444 272 432 769 441 174 28 591 215 968
613 115 593 154 791 314 929 99 26 470 997 590 244 260 714 646 712 522 657 136 599 797 602 196 85 844 452 588 262 826 711 936 822 529 331 755 107 316 742 783
388 326 670 660 952 904 117 400 745 26 470 687 497 101 742 286 3 3 53 949 855 347 385 751 203 973 917 206 842 63 867 775 323 148 897 235 148 341 923 402
727 396 300 146 708 923 428 666 291 641 612 900 613 608 931 600 138 586 426 352 918 481 870 549 498 961 30 850 957 100 6 236 655 397 214 372 282 891 374 115
982 259 836 184 377 204 794 388 345 615 797 359 864 78 63 99 802 359 425 203 875 23 792 529 627 794 232 740 647 227 604 626 872 520 498 535 944 351 354 547
644 824 814 489 305 893 178 786 495 516 38 604 888 899 55 188 623 102 475 665 315 255 572 589 807 165 404 550 777 631 899 53 292 33 975 652 365 328 36 965
891 321 529 826 326 466 609 480 255 30 307 953 481 750 851 756 559 618 701 949 397 166 734 696 654 68 766 548 650 787 662 46 757 569 755 355 820 493 598 503
11341