40
7
30 386 5 140 148 280 65 645 486 621 261 95 930 595 565 889 463 533 415 990 987 553 430 578 27 427 358 423 181 185 727 228 917 110 69 78 358 973 970 804
832 924 279 144 830 868 21 29 12 157 355 414 866 872 311 191 316 630 547 531 260 782 366 298 687 466 698 21 308 683 752 271 135 983 208 255 26 861 536 136
525 521 251 739 512 462 612 448 382 996 21 924 124 90 57 687 224 199 536 902 904 4 846 266 218 495 167 213 567 779 58 132 778 613 444 535 580 427 393 210
533 770 817 189 550 96 928 267 624 849 625 972 626 505 72 845 726 676 368 516 557 741 87 467 281 624 697 608 760 539 957 344 349 322 576 1 574 972 104 625
406 331 632 92 169 999 222 371 461 645 564 903 432 177 991 116 519 161 110 373 400 288 61 347 649 555 789 58 156 648 776 548 36 838 249 574 13 431 204 313
252 912 92 206 148 813 803 887 74 740 965 781 752 571 592 641 431 793 963 209 815 172 809 870 222 334 571 919 424 755 457 177 533 648 718 149 312 982 493 51
75 740 732 30 165 907 203 780 312 835 950 981 101 301 977 773 86 351 191 37 471 126 809 741 817 173 668 772 339 694 898 441 679 766 22 686 258 738 783 5
395 147 418 821 642 845 3 189 278 656 577 521 859 145 778 238 237 814 815 91 730 761 89 141 828 938 85 704 175 370 287 741 780 48 910 291 190 502 623 525
9594