40
7
197 678 629 363 440 726 111 129 268 540 135 555 694 418 889 333 685 460 458 912 780 406 792 697 627 423 635 902 518 801 889 215 277 914 767 370 319 68 440 960
695 70 203 155 874 320 518 713 260 565 614 710 416 186 560 257 293 142 989 320 916 863 55 24 830 14 971 570 557 958 183 561 295 540 900 840 738 992 489 985
352 756 522 869 301 272 384 896 499 145 59 326 343 76 616 683 259 230 453 775 765 153 88 386 919 70 284 110 609 334 941 696 18 85 863 365 539 782 702 944
754 996 346 763 244 444 891 389 178 910 789 887 7 385 598 638 815 645 982 996 870 777 713 49 311 825 446 289 123 213 280 49 702 335 980 538 247 400 749 184
26 463 524 461 924 770 111 111 752 654 172 992 749 353 446 944 351 91 350 597 735 163 491 942 938 33 748 223 485 652 783 873 971 646 877 499 353 783 684 176
484 419 863 70 570 214 320 230 421 562 125 839 73 446 914 286 884 290 105 694 909 317 838 161 520 935 939 422 74 866 610 129 12 293 244 392 260 302 1 985
889 957 424 492 250 546 97 370 468 48 871 31 102 781 788 520 675 776 36 230 495 74 845 774 813 664 552 888 991 333 355 477 544 819 354 678 30 600 677 439
163 844 612 339 278 110 157 490 8 293 836 458 433 951 696 792 260 195 1000 182 838 552 707 640 798 130 267 593 107 580 825 998 212 802 89 651 164 542 507 633
9866