40
7
982 955 277 190 752 554 698 763 606 920 412 228 57 144 384 111 789 994 509 678 649 797 95 807 674 386 959 425 259 298 276 995 810 853 697 154 126 354 773 372
133 867 239 375 345 312 935 128 327 509 20 115 567 123 916 900 610 719 50 997 628 382 426 440 466 392 586 760 941 85 232 717 77 955 402 673 952 38 169 353
684 421 140 276 149 464 245 940 551 8 258 446 394 870 944 565 611 731 747 242 928 620 977 402 483 903 116 566 652 162 81 486 371 432 955 25 69 890 661 3
194 603 379 676 45 688 663 923 473 476 765 918 405 728 756 136 402 101 736 746 615 874 543 395 900 485 646 786 579 812 444 654 34 968 98 562 582 685 61 652
509 728 990 273 397 86 639 896 138 739 745 192 525 77 321 422 855 639 117 937 871 717 847 701 558 831 212 313 350 65 293 936 171 917 689 207 361 468 598 638
389 667 393 372 265 513 546 94 15 71 52 149 465 698 902 22 344 200 715 243 436 732 686 141 926 831 201 156 43 515 80 22 17 429 605 942 17 965 343 484
710 321 790 867 760 450 936 866 507 822 650 598 183 67 750 890 313 515 359 747 315 946 413 611 532 669 449 272 173 676 164 787 404 70 357 933 89 716 803 209
772 524 338 356 345 468 276 713 702 138 806 871 963 85 808 870 984 681 759 759 665 840 174 849 286 11 334 432 796 646 37 485 944 180 382 294 451 249 274 794
10671