40
7
980 33 165 591 108 972 783 197 106 71 96 649 883 355 589 569 854 771 246 247 132 24 647 638 360 765 84 332 377 841 871 49 795 281 639 227 707 35 765 115
414 858 833 819 972 524 958 236 188 725 731 449 390 465 974 793 692 522 423 861 13 472 241 329 632 754 705 886 782 488 920 367 182 147 869 753 228 610 278 138
780 595 632 881 819 498 868 913 994 606 952 751 225 23 789 918 823 719 93 512 113 775 472 928 780 862 446 933 194 363 124 899 289 841 272 783 675 206 611 870
658 880 734 976 429 509 938 709 576 577 6 82 226 555 347 808 394 138 160 550 760 536 730 362 276 667 844 891 682 650 527 305 778 698 670 471 145 910 957 538
834 544 225 763 59 318 249 178 614 84 745 68 713 229 778 469 465 704 125 412 712 690 731 373 686 623 83 518 589 803 558 537 848 511 458 673 193 611 575 397
756 892 184 468 181 187 471 257 150 272 625 565 559 799 137 731 642 403 343 168 897 547 477 998 97 102 209 117 989 332 415 291 940 341 306 120 400 874 552 189
481 899 780 189 332 816 753 48 618 743 614 589 925 972 331 45 905 493 819 923 329 497 929 584 115 101 17 426 118 8 762 812 865 733 587 904 522 93 159 722
769 233 646 426 797 265 457 804 75 737 697 290 996 413 59 638 326 235 40 809 816 427 316 834 60 921 445 22 398 430 558 298 662 699 659 202 687 115 972 4
9619