40
7
534 648 57 535 877 664 466 715 336 735 904 653 417 859 89 561 717 772 56 390 390 17 278 60 334 249 741 918 32 617 613 315 296 209 439 195 34 336 845 129
200 307 168 92 867 169 491 950 880 733 179 437 344 915 474 705 695 185 26 907 139 686 857 525 292 338 659 413 423 379 659 919 580 891 414 321 101 93 706 248
97 140 770 272 138 403 793 904 26 834 389 36 344 644 82 947 9 800 290 257 912 378 725 937 275 563 789 851 912 169 664 373 746 625 103 844 84 491 497 656
744 567 796 334 327 340 125 728 472 994 16 960 336 143 727 614 981 645 825 953 183 65 758 122 928 659 47 490 452 49 435 299 923 961 612 613 407 976 584 41
349 461 430 658 71 515 500 811 243 802 820 550 97 363 7 695 616 419 187 94 508 791 76 177 290 465 677 286 771 352 51 873 329 401 848 595 504 746 412 861
153 316 159 585 749 380 538 988 819 943 815 735 963 760 853 967 783 979 998 149 294 755 59 617 899 867 371 694 769 430 922 73 68 355 701 628 635 687 881 201
472 926 596 238 923 888 218 855 852 691 439 440 501 898 666 80 837 736 276 321 484 845 226 405 696 114 461 236 628 111 305 739 541 660 965 875 302 120 295 451
146 770 887 570 799 338 503 108 368 639 459 74 757 176 30 800 92 861 175 723 713 903 507 94 42 44 186 975 434 714 767 125 588 930 870 844 61 882 470 212
9818