40
7
456 434 66 523 199 747 868 544 789 789 332 198 100 576 71 856 171 75 1 254 417 202 386 457 340 421 998 230 695 65 80 778 999 616 638 341 813 52 246 478
654 406 37 848 64 196 918 111 636 404 156 284 903 530 72 485 23 114 644 10 947 637 636 311 532 565 894 405 971 547 282 293 692 907 701 541 688 784 246 36
907 403 842 442 9 203 346 529 371 863 54 646 960 809 812 956 838 94 864 11 17 453 309 780 299 522 421 636 855 486 361 800 192 668 160 589 619 593 695 10
197 820 958 317 300 752 559 721 53 316 746 316 577 768 734 541 442 233 462 262 472 74 898 925 468 571 858 442 933 340 356 218 269 862 694 764 743 118 290 168
89 406 370 867 166 632 8 673 203 409 266 620 228 307 741 421 983 6 330 246 821 390 315 709 311 277 492 385 138 124 290 42 634 375 345 988 46 813 894 861
673 696 775 354 896 457 422 402 744 975 459 777 413 817 344 696 151 132 290 526 348 749 480 334 317 276 733 533 163 815 202 32 548 729 466 841 438 716 67 337
148 762 56 642 771 69 21 92 754 389 271 221 254 146 123 60 833 327 108 205 409 245 60 277 903 336 41 710 774 776 259 804 598 396 595 331 976 280 224 670
735 69 578 786 411 439 615 984 291 559 291 52 764 908 388 255 330 288 252 944 381 303 160 534 792 843 538 880 954 820 373 51 865 921 16 820 988 612 251 112
10577