40
7
149 444 960 459 864 703 341 100 28 691 274 832 108 806 141 686 3 411 440 471 938 277 825 635 89 69 127 528 758 805 945 398 51 947 927 915 511 234 450 287
928 746 855 786 354 111 804 665 503 214 33 31 686 746 446 752 983 367 327 108 471 613 415 883 334 687 862 207 418 651 92 799 361 712 601 485 137 115 864 979
715 737 416 550 995 422 310 501 23 659 973 362 962 145 726 970 590 217 274 462 451 817 561 392 944 395 534 562 19 651 410 230 308 464 831 557 60 616 908 221
925 450 388 317 150 328 505 886 356 831 967 312 649 645 520 370 864 28 200 162 601 26 872 520 280 479 178 7 49 48 529 680 29 175 108 491 518 936 186 131
234 506 818 552 895 15 633 9 352 675 250 628 864 106 115 855 992 443 872 249 406 550 656 292 426 813 749 706 280 906 382 336 147 225 935 439 209 736 344 10
388 48 765 749 749 679 902 419 404 355 574 510 399 130 501 76 803 110 214 973 409 803 921 468 419 792 974 410 166 713 526 897 429 299 39 919 977 512 54 811
63 451 668 998 988 463 62 531 994 445 809 781 90 201 92 278 159 425 906 686 763 339 544 19 798 72 751 407 588 127 805 77 96 628 605 379 624 310 135 28
782 209 651 215 320 450 323 853 219 263 389 479 855 973 641 680 331 669 949 353 766 911 502 803 496 936 341 246 53 6 421 772 8 584 330 171 706 951 673 549
10415