40
7
198 381 365 35 756 114 500 221 123 819 756 5 857 683 362 417 63 376 613 653 925 201 9 245 304 626 800 495 985 312 763 937 565 320 97 607 482 232 410 892
625 78 758 817 913 608 663 813 557 417 541 109 741 598 675 156 900 996 568 311 502 431 597 41 92 513 79 379 26 113 243 531 213 100 847 397 513 576 482 836
119 833 9 256 715 667 107 577 580 896 168 574 643 774 828 448 883 303 969 354 557 252 24 250 567 296 967 852 266 11 226 737 145 307 190 9 623 22 683 253
406 974 794 355 465 143 671 838 723 454 193 388 638 933 710 494 847 64 811 177 596 694 161 924 518 777 385 904 227 504 630 465 905 646 764 504 694 706 958 493
879 567 486 993 595 356 409 154 323 763 236 400 997 75 411 683 228 887 789 644 698 505 471 437 318 648 747 455 253 858 466 381 738 87 557 633 359 792 112 522
79 367 237 318 176 451 370 460 225 222 570 824 761 160 575 84 104 401 823 129 759 476 21 827 934 411 44 817 164 649 308 174 127 255 86 967 521 7 92 523
785 434 314 475 926 958 956 349 355 487 914 188 340 610 668 174 11 990 561 198 820 850 81 282 287 655 85 864 600 55 304 497 13 183 270 958 841 693 223 363
475 555 61 534 482 636 565 761 685 543 866 38 504 613 158 793 686 354 655 253 40 562 778 312 545 402 54 839 834 767 333 757 836 761 35 8 49 109 938 406
9791