40
7
608 43 405 199 127 704 665 172 541 294 150 811 856 760 588 207 716 946 207 2 175 190 619 107 231 49 953 825 164 599 230 998 192 415 407 81 6 458 6 697
197 256 968 700 975 510 848 554 373 497 19 414 413 985 439 82 876 410 568 161 803 945 939 78 365 826 320 188 221 679 651 198 600 862 599 351 108 791 331 980
636 155 410 975 137 431 86 408 681 647 629 122 251 586 851 999 961 776 344 899 929 104 1000 502 69 675 575 511 544 161 544 672 392 504 328 125 755 506 645 355
278 946 314 663 588 30 382 449 898 155 225 627 434 95 818 637 462 176 479 31 555 520 733 443 579 330 693 926 20 561 498 297 116 421 703 247 7 107 408 751
583 974 990 229 193 748 207 579 630 600 947 508 809 73 277 20 605 165 346 567 487 379 113 546 565 337 569 208 238 210 882 341 188 938 947 755 339 311 233 238
162 128 259 800 282 591 843 224 217 580 321 123 411 116 550 217 156 94 560 65 252 882 321 744 539 576 37 300 74 920 932 126 229 869 679 446 643 658 169 632
579 416 95 155 139 552 39 204 973 163 134 270 596 96 235 62 88 411 458 346 385 581 866 62 847 8 246 47 254 257 821 783 813 208 701 547 21 363 776 571
525 546 904 699 691 117 501 685 62 882 371 591 94 905 432 872 557 928 194 752 914 558 629 602 685 314 113 308 983 149 241 804 848 967 63 697 946 126 882 160
11149