40
7
239 428 844 821 711 667 456 631 941 246 810 654 691 473 271 888 6 282 184 301 219 29 847 380 410 584 332 456 89 454 73 14 741 374 397 368 223 537 998 396
809 112 287 301 960 824 699 482 118 296 27 501 794 411 168 300 641 686 244 472 739 190 145 137 102 146 877 288 14 127 445 165 848 816 535 168 496 78 517 203
114 165 579 54 993 312 818 379 607 130 626 745 77 739 757 23 991 985 384 647 969 478 230 64 902 872 291 244 56 651 21 905 356 709 208 870 770 37 371 427
857 570 58 817 97 329 78 550 372 646 848 890 614 805 572 390 597 856 566 147 761 532 855 252 598 483 336 255 734 398 847 386 67 605 784 241 274 583 555 818
858 615 193 141 229 774 917 356 97 512 890 246 949 101 641 981 984 633 258 816 571 578 951 478 555 428 170 570 576 863 108 963 679 440 75 519 131 312 103 460
581 777 662 127 607 886 222 911 825 798 860 753 740 131 768 889 614 568 924 707 230 581 538 919 241 628 549 629 777 768 815 417 330 203 306 169 600 408 971 995
244 650 488 548 440 738 67 980 117 310 783 397 493 931 653 651 265 681 879 966 994 237 293 941 687 937 632 425 586 255 779 980 127 297 733 500 978 302 500 608
125 975 30 548 96 129 29 848 556 865 628 906 475 201 312 509 911 102 881 403 945 861 682 794 332 773 413 882 971 304 580 117 27 16 541 828 501 336 349 571
10176