40
7
354 67 958 377 184 748 766 169 497 461 637 174 749 241 234 529 499 681 174 822 433 772 756 91 313 122 541 464 502 317 895 283 834 773 719 893 689 477 465 924
435 400 787 233 764 660 872 327 570 316 651 877 999 408 421 737 261 124 619 43 474 483 718 953 501 306 777 531 747 876 828 382 912 932 4 822 795 587 714 120
13 18 80 874 205 769 845 35 522 227 524 110 463 906 117 593 569 421 125 158 675 579 636 905 1000 232 249 53 68 467 450 472 981 717 74 478 56 504 377 960
572 580 800 192 645 254 65 356 969 901 587 159 284 239 733 618 610 424 755 423 476 217 235 169 330 934 343 915 194 724 879 660 707 770 736 377 392 154 219 796
700 513 147 823 144 296 880 711 784 804 96 582 695 155 866 305 181 662 85 480 850 433 859 319 662 687 390 259 581 250 904 410 370 462 984 876 108 615 492 144
941 119 592 503 491 413 539 64 246 643 567 991 463 206 199 274 965 122 661 633 229 392 849 576 998 461 760 369 826 784 771 557 303 507 67 483 798 566 533 900
278 310 404 496 305 430 479 384 839 962 422 330 816 364 75 154 137 814 862 473 135 997 524 323 685 294 237 168 457 787 805 839 22 379 107 936 829 607 418 592
825 872 559 772 312 72 995 68 696 131 314 985 637 400 87 315 454 246 659 507 400 791 654 478 818 254 515 978 942 93 24 729 889 600 447 90 641 823 992 493
10779