40
7
477 129 742 702 948 239 690 229 418 536 20 546 792 20 728 367 928 52 684 979 767 946 353 970 246 946 947 144 878 805 592 449 675 808 89 402 639 103 638 279
207 994 758 887 439 28 439 297 851 493 711 270 394 56 957 596 500 665 144 397 668 901 76 780 945 163 712 560 569 523 953 597 127 370 238 408 261 138 24 246
882 754 912 904 851 749 87 938 708 118 431 709 488 672 685 167 394 731 634 889 380 551 366 305 190 435 112 113 674 947 365 931 783 126 295 863 107 902 417 443
386 298 951 608 928 273 620 56 643 616 226 696 450 416 298 745 32 911 39 824 49 305 581 255 104 604 878 453 331 213 910 217 559 446 303 873 645 242 983 84
584 343 334 560 141 923 535 940 587 895 717 466 248 827 718 61 728 947 179 182 275 647 424 428 613 642 146 219 285 682 662 619 200 75 863 131 133 737 532 87
16 520 862 429 385 454 13 995 380 541 84 466 389 506 749 277 870 535 702 872 199 155 864 160 908 685 730 845 973 323 400 324 736 822 748 173 439 81 268 93
485 347 829 491 700 328 318 570 506 637 306 73 83 646 995 438 779 542 710 790 589 185 520 47 165 587 483 77 812 718 593 590 318 806 455 985 452 412 151 55
35 787 39 349 208 582 116 217 971 634 965 96 945 962 87 54 369 632 921 26 80 232 64 473 519 279 636 628 969 521 28 392 6 734 160 17 331 265 401 800
8265