40
7
337 618 965 135 491 182 65 377 604 569 731 402 926 945 681 486 727 516 210 843 179 591 301 84 304 668 19 922 239 562 534 808 272 684 56 968 583 14 512 60
211 415 488 112 658 700 767 789 64 640 939 119 182 769 359 60 999 734 714 277 440 946 598 636 290 964 410 580 349 199 605 641 857 979 702 46 545 84 437 269
119 831 787 629 832 326 177 835 295 37 113 524 860 949 641 103 143 652 474 154 953 590 580 50 253 168 865 88 382 908 945 641 578 831 412 690 798 334 19 44
296 212 13 218 898 291 275 40 494 308 664 852 680 802 540 941 890 846 4 202 718 63 931 352 75 945 812 467 565 40 137 651 114 86 365 236 289 974 666 238
291 129 971 282 237 467 543 895 231 693 623 348 178 454 104 100 814 815 88 68 849 267 944 940 551 499 827 195 902 623 659 744 938 114 916 411 26 498 505 714
148 356 208 38 844 536 331 720 156 869 820 46 424 821 882 53 370 873 210 395 767 718 365 143 312 796 99 752 747 929 944 521 654 223 92 71 917 585 285 226
829 318 954 445 897 413 544 577 623 481 97 628 451 43 981 665 951 663 860 765 569 6 452 60 552 576 402 496 715 837 90 408 187 121 717 385 599 13 807 909
586 515 183 996 81 970 878 14 640 355 322 940 692 485 700 188 555 41 265 77 868 529 951 926 651 489 291 811 752 32 399 931 262 456 155 542 920 711 128 757
10522