40
7
619 867 857 819 230 190 62 196 475 927 423 285 626 127 769 348 311 758 836 806 815 861 681 807 862 92 329 200 328 630 952 859 464 759 719 304 849 694 787 694
446 62 457 470 599 132 61 875 383 590 897 45 584 731 873 962 898 964 258 998 634 905 825 218 285 764 658 432 355 691 962 349 986 411 973 794 787 999 179 688
5 421 739 710 60 248 751 783 757 218 763 104 753 679 495 681 422 115 941 96 471 143 481 177 567 297 454 288 3 686 741 392 32 901 370 729 745 139 133 43
529 375 19 454 480 808 874 302 266 701 313 967 253 167 211 663 247 872 647 907 514 507 652 857 544 427 884 957 705 492 953 691 213 210 612 599 22 377 845 209
677 554 169 763 485 693 780 692 891 770 943 911 838 349 381 613 75 541 913 368 121 16 827 828 902 807 68 864 316 465 99 463 613 233 491 45 767 805 797 421
367 596 364 868 930 955 599 449 208 225 873 364 755 525 747 50 158 127 359 966 820 93 702 440 324 909 635 509 716 169 717 701 304 435 93 456 912 264 384 79
551 964 382 57 96 474 570 924 964 234 499 636 568 339 879 806 222 720 658 417 89 510 918 909 457 164 867 332 326 726 954 13 769 704 452 716 695 587 305 316
977 290 765 217 735 206 585 110 752 756 59 144 261 618 435 999 566 427 845 343 402 916 678 422 343 856 969 629 977 48 238 934 567 511 850 156 249 866 486 427
10807