40
7
812 841 407 371 462 218 578 225 356 985 901 698 805 423 8 314 167 440 444 948 366 111 596 155 888 114 61 905 555 731 623 657 380 912 225 428 692 644 32 604
817 646 966 47 859 811 808 155 535 704 130 117 322 305 787 506 638 855 292 269 97 319 433 992 802 969 353 937 703 143 399 780 644 120 544 430 134 464 398 387
533 334 404 314 854 990 43 368 278 707 435 738 145 872 21 579 470 432 397 600 967 716 471 747 819 683 702 428 969 945 990 797 790 50 109 24 907 588 102 401
786 377 313 127 358 311 188 379 683 697 255 166 827 862 532 31 26 980 116 312 369 731 378 339 724 266 885 185 454 980 278 597 423 810 807 39 416 836 225 714
421 772 522 806 779 505 178 193 198 741 165 860 565 342 422 937 299 229 92 306 919 832 463 351 8 335 247 611 265 707 73 95 297 43 590 545 845 188 333 881
344 667 623 358 892 880 548 528 660 274 437 295 836 204 722 246 147 768 164 935 753 204 184 425 624 6 657 415 330 662 158 233 698 655 950 358 403 625 427 513
817 883 99 168 64 31 422 290 174 216 874 619 37 162 477 215 736 417 58 134 501 697 76 361 178 328 404 486 848 597 745 516 599 639 440 421 449 322 819 905
391 41 137 574 2 278 855 306 750 772 241 506 271 552 933 821 562 787 646 953 583 244 624 634 484 551 614 252 972 765 235 813 893 960 9 707 785 630 278 498
10955