40
7
301 737 444 894 928 74 571 12 854 747 442 279 87 282 951 972 790 720 38 222 164 465 805 858 233 689 897 1000 210 261 605 410 242 595 350 625 542 160 509 719
978 592 1 980 119 261 752 883 158 222 607 794 618 902 82 34 915 900 528 550 539 276 19 353 308 322 135 790 756 235 971 287 779 858 122 890 118 502 601 45
83 448 518 741 390 620 286 930 643 423 220 884 509 754 141 484 79 447 269 743 144 857 178 649 440 714 881 155 313 70 176 675 489 407 638 336 32 900 608 317
231 506 486 587 559 472 323 976 596 455 393 505 409 607 679 417 717 982 497 668 658 222 192 55 648 577 801 485 765 240 335 668 912 730 936 248 367 978 154 464
79 371 289 429 492 645 885 565 625 871 709 839 922 542 897 970 879 14 682 923 478 476 462 293 184 581 55 491 808 631 634 597 784 309 668 398 43 241 42 232
830 938 906 87 460 139 952 489 256 273 268 203 477 701 204 769 868 952 500 558 147 766 16 350 604 990 867 908 328 403 411 920 335 979 652 733 613 45 524 805
442 66 288 364 308 800 32 278 316 905 434 392 156 29 315 38 952 754 565 206 779 709 622 272 208 686 762 930 833 647 505 703 625 544 438 724 724 732 328 719
818 297 283 584 138 420 242 620 398 969 287 916 78 195 127 170 102 625 24 709 992 48 945 782 544 344 644 780 976 226 669 347 211 190 164 154 966 834 590 960
9684