40
7
320 376 906 343 854 432 385 809 869 809 236 466 535 484 12 190 206 870 125 583 145 456 921 37 98 517 132 478 322 263 8 336 795 715 778 251 191 343 422 169
86 310 601 946 714 8 749 935 983 148 256 357 304 706 161 857 698 659 367 8 735 136 247 863 825 921 868 877 704 755 674 307 42 133 300 538 651 429 373 762
143 859 996 315 526 232 284 713 757 337 195 57 163 235 121 434 547 541 694 205 447 360 416 273 69 733 653 590 106 908 987 597 993 466 843 155 967 96 377 898
837 640 670 846 757 14 654 522 289 351 858 657 269 64 505 688 394 571 437 860 488 270 59 719 728 116 177 829 943 432 128 424 242 194 647 76 327 495 546 875
856 181 81 919 536 920 833 957 923 996 596 513 10 619 402 837 709 424 947 967 793 649 29 221 131 369 394 293 346 843 496 712 757 81 70 214 837 539 277 489
665 149 178 160 302 232 690 741 283 905 169 57 131 801 355 71 695 921 628 572 940 344 193 665 5 492 190 133 723 644 850 791 913 569 182 135 897 489 942 359
157 163 570 791 737 439 862 113 794 172 377 989 963 727 904 575 126 653 311 437 207 712 464 76 784 579 311 872 732 350 403 887 475 396 720 404 52 899 158 234
175 274 975 523 206 632 24 108 348 619 140 957 49 968 895 515 593 655 441 787 504 961 812 966 666 929 853 222 635 82 841 930 824 948 391 4 523 710 796 289
11385