40
7
893 566 146 579 748 469 493 23 756 760 808 844 732 209 630 272 939 526 354 388 131 968 230 552 628 116 54 481 964 785 26 457 599 612 436 278 977 208 553 793
640 539 950 304 590 62 852 52 932 376 248 822 496 734 882 450 40 266 436 419 701 875 699 471 563 840 413 67 289 334 2 877 926 789 959 992 365 543 818 165
407 737 975 733 936 660 628 540 444 729 943 267 161 656 645 975 183 374 864 794 791 766 31 16 586 748 832 344 431 974 265 3 933 967 357 495 935 578 235 372
65 994 285 216 796 685 60 792 639 250 935 782 758 236 423 495 848 88 761 729 857 267 949 361 965 966 797 491 320 23 93 646 840 420 678 216 420 803 927 388
140 528 77 275 301 500 799 388 165 191 766 770 146 372 370 427 581 268 601 894 747 163 812 959 279 155 969 236 321 705 521 149 376 731 601 754 621 30 930 35
858 349 40 516 353 393 881 737 769 161 40 344 805 350 439 688 842 793 580 155 215 94 924 692 897 247 396 266 781 843 491 60 808 236 274 205 273 533 621 96
986 862 610 983 210 307 238 815 895 96 51 909 723 349 70 650 549 575 493 559 385 819 492 679 308 258 453 877 809 945 735 215 384 464 829 350 494 310 441 146
257 818 168 690 3 225 949 310 506 58 898 532 346 97 183 940 930 650 249 419 664 988 697 568 79 529 647 409 558 142 846 654 609 961 246 50 485 515 906 989
10385