40
7
542 939 686 413 462 768 777 33 217 538 507 843 312 317 879 227 604 758 814 454 247 166 768 396 47 983 18 4 961 97 963 391 471 183 215 422 957 456 475 113
371 395 945 961 83 39 273 301 721 679 338 602 774 253 714 878 110 69 225 571 289 327 52 866 406 60 957 7 839 204 324 597 937 802 979 458 359 779 584 487
374 920 472 284 119 379 888 321 197 718 902 840 454 142 869 913 89 802 33 338 546 934 510 914 740 732 29 379 179 421 514 862 337 436 692 50 658 211 699 933
835 506 867 331 927 959 134 528 938 415 140 8 610 441 963 152 14 370 330 579 893 898 28 221 15 117 956 374 69 553 403 863 226 581 287 473 643 503 160 484
74 720 751 731 395 530 380 48 120 907 859 449 162 405 729 161 22 80 998 290 299 1000 58 64 567 538 899 947 366 13 453 449 774 358 646 278 707 783 85 434
37 619 988 975 57 188 605 125 808 263 739 534 121 40 695 370 54 156 175 737 321 7 296 112 134 634 404 266 290 736 17 550 518 307 178 922 925 127 459 875
488 387 793 863 525 514 441 684 660 156 645 668 124 199 762 71 192 235 675 844 407 743 276 250 235 299 701 369 856 681 856 644 143 451 92 495 558 730 470 736
126 334 926 825 317 22 796 918 837 385 622 970 971 370 65 619 538 609 504 112 259 297 853 248 277 720 276 63 930 488 910 401 999 541 811 967 951 342 879 882
11480