40
7
545 529 708 446 592 348 255 769 570 196 102 807 131 294 789 146 384 889 519 920 495 331 257 21 552 978 599 487 800 958 993 806 711 924 691 45 909 419 620 599
411 251 635 118 296 356 343 345 870 752 442 894 131 368 541 145 796 612 389 540 6 915 613 555 335 597 972 66 325 314 223 12 76 502 750 718 378 419 633 885
877 987 688 175 198 110 792 472 522 888 879 364 865 8 19 602 712 130 438 106 770 679 136 429 174 882 109 88 144 993 220 15 927 15 509 32 368 663 531 957
516 458 402 472 860 139 735 647 325 166 430 273 24 759 840 814 386 373 458 368 964 689 303 353 102 757 559 944 313 587 5 600 512 289 911 882 779 94 126 262
253 528 746 964 709 916 302 225 598 848 700 959 523 355 284 786 682 577 594 479 31 332 883 238 456 443 359 99 793 96 320 784 800 82 967 149 964 83 954 192
730 160 106 576 562 141 989 700 2 189 853 680 618 658 302 162 417 83 663 484 485 785 617 681 158 993 616 5 661 455 333 626 473 544 322 320 6 736 446 893
462 946 68 932 198 504 966 807 179 443 682 950 453 99 315 596 288 228 164 169 847 773 328 265 712 122 665 903 600 200 671 498 602 883 801 580 186 652 847 601
101 100 744 338 808 482 889 48 120 677 139 384 528 486 873 651 468 194 365 402 649 45 844 830 607 530 783 608 129 336 358 144 531 312 923 199 331 374 35 251
8808