40
7
146 188 743 214 535 481 527 900 994 410 764 703 954 338 553 660 783 238 421 957 954 350 310 499 1000 476 474 357 61 23 768 380 325 133 410 967 685 609 292 716
722 74 159 599 956 628 880 288 592 261 578 166 906 841 777 31 995 298 151 193 211 146 412 770 524 336 356 67 151 381 462 868 258 726 680 812 178 736 37 583
347 709 695 691 267 808 508 414 523 323 406 887 162 261 340 258 427 526 485 673 948 820 754 21 181 749 952 231 481 32 729 962 48 889 414 844 559 429 232 730
420 327 141 360 10 494 809 755 726 769 165 379 307 890 373 947 941 170 917 441 298 899 188 982 995 177 881 406 678 511 588 66 356 752 333 169 632 26 544 618
90 709 317 99 183 252 591 893 671 126 36 426 11 326 562 297 923 425 382 263 165 257 327 129 224 701 250 458 366 664 649 759 9 670 956 67 459 832 612 587
755 735 381 126 20 214 106 291 175 385 874 886 34 988 658 727 924 555 998 68 82 137 361 346 419 536 484 432 164 673 480 365 539 718 856 782 432 633 530 368
563 740 482 927 737 505 190 780 455 717 602 810 853 111 186 750 263 706 576 968 367 479 280 86 622 329 706 624 404 661 525 292 468 936 857 392 539 583 117 597
646 931 85 653 872 951 899 341 440 114 28 775 453 743 655 746 919 916 368 9 964 230 645 543 344 245 606 612 670 102 88 69 162 301 175 386 785 847 120 661
10050