40
7
859 404 8 495 572 47 870 139 824 278 778 254 589 338 130 387 501 246 584 679 13 241 390 560 116 896 351 671 355 790 358 349 535 688 609 874 976 640 950 174
471 267 999 382 175 703 425 121 1000 104 595 559 504 414 261 970 28 408 207 531 92 605 128 557 683 131 30 372 994 977 722 94 535 339 101 237 944 894 77 889
612 651 718 801 106 957 670 622 690 238 472 812 721 806 645 10 258 839 308 2 829 195 804 43 922 650 195 18 127 346 396 916 117 118 611 324 602 643 193 576
133 95 25 293 1 886 949 964 453 123 703 784 191 323 542 67 581 254 984 290 417 390 485 73 10 773 149 337 658 228 942 745 416 975 490 946 571 49 759 177
152 385 390 89 113 935 449 274 253 923 418 64 83 628 592 264 84 749 502 825 623 155 156 197 958 459 231 70 64 513 570 900 747 572 423 77 35 826 874 752
80 583 420 744 989 159 243 706 613 161 504 10 215 786 997 313 970 484 922 249 907 945 702 150 247 358 84 174 864 725 174 108 726 973 187 351 256 554 215 922
580 270 754 889 661 336 845 819 625 171 922 525 825 523 178 965 774 53 646 928 704 302 679 549 832 31 10 420 143 391 798 435 638 164 995 220 861 584 437 15
825 270 120 966 788 697 540 349 358 292 36 512 393 663 749 29 608 771 284 619 509 788 636 67 580 578 738 880 786 56 36 372 777 883 735 721 262 936 779 228
10608