40
7
581 618 919 826 528 247 197 444 497 78 610 975 464 211 970 398 475 148 811 118 185 856 531 242 711 431 43 428 953 21 174 548 807 753 349 173 132 50 813 464
95 745 764 565 946 456 879 115 309 783 334 687 906 253 615 872 731 216 735 155 134 121 400 100 780 74 949 254 938 589 438 180 340 212 425 658 344 70 732 843
620 582 164 782 917 751 16 207 769 507 488 1000 930 452 247 545 678 958 57 661 880 310 897 686 287 212 923 574 594 118 805 974 163 483 529 69 524 2 686 638
40 327 202 886 211 198 717 91 660 636 391 63 988 876 511 512 805 9 428 885 18 886 361 416 295 187 809 728 42 383 326 761 16 518 803 563 638 915 185 454
934 876 210 515 113 5 24 394 311 515 867 270 223 317 141 495 677 603 749 762 826 84 765 712 623 607 365 575 70 548 827 945 551 597 198 376 971 499 505 451
162 164 227 96 494 94 759 575 52 817 922 904 104 152 361 596 197 370 633 428 64 775 704 479 5 190 833 556 987 739 700 218 377 165 546 357 447 649 233 142
954 820 295 734 909 269 816 711 826 57 362 374 637 304 470 572 503 321 624 457 838 463 632 922 736 470 872 329 19 477 788 878 585 8 202 218 75 976 450 752
5 337 437 144 877 768 657 368 454 167 197 254 511 880 618 369 924 16 896 970 297 693 317 601 238 641 742 720 32 386 146 432 747 193 642 851 122 302 522 853
9663