40
7
818 460 325 929 961 964 285 533 21 633 579 640 636 329 561 189 633 728 52 1 226 853 395 886 261 1 451 960 797 528 86 896 151 977 637 550 551 387 857 75
646 497 593 913 251 569 114 676 445 823 97 862 666 164 565 427 724 766 385 612 252 79 752 415 697 325 490 827 33 671 182 440 74 305 160 458 393 835 410 458
376 835 43 603 106 597 410 136 926 751 840 893 976 889 60 134 227 886 25 823 741 703 561 52 914 192 313 439 809 671 873 995 394 561 724 481 579 813 431 694
337 943 791 581 392 16 191 592 471 423 26 420 772 376 692 792 101 554 245 623 700 664 933 796 661 727 134 138 922 562 60 908 847 49 204 387 511 588 271 382
649 893 620 611 659 803 321 578 8 328 536 1 143 579 193 631 795 646 883 209 600 857 595 471 820 931 244 811 414 846 547 829 539 474 352 406 112 348 654 872
267 551 488 725 7 223 301 331 827 882 862 446 808 729 644 910 132 459 593 104 734 656 522 379 29 140 826 262 298 13 812 887 877 852 262 136 180 172 584 699
669 792 907 587 129 654 719 208 939 205 630 785 255 671 903 608 211 335 458 630 256 539 88 265 180 299 747 744 195 59 903 834 994 317 632 259 838 475 304 82
168 404 960 120 180 311 253 560 216 652 412 275 719 114 526 498 976 442 154 284 482 903 246 932 638 725 652 580 683 759 893 122 777 796 405 491 552 129 32 712
9867