40
7
995 538 321 15 95 340 546 492 822 695 809 84 287 321 856 169 228 781 32 971 282 775 698 965 270 493 1000 804 839 906 112 248 205 777 408 929 930 147 715 289
73 229 148 708 790 714 293 136 482 88 676 86 395 187 89 457 572 306 4 344 178 659 736 484 954 797 524 153 629 999 194 356 537 256 907 454 566 575 682 132
745 530 45 441 269 528 898 2 283 63 679 688 915 361 912 394 989 253 893 156 330 778 919 11 532 125 842 736 639 350 519 292 805 569 78 999 693 81 416 786
836 532 356 525 454 416 80 652 737 617 794 777 879 16 945 429 352 880 792 28 710 941 237 860 760 204 523 670 825 468 107 241 864 979 708 282 241 163 715 119
177 125 677 827 956 640 718 4 299 433 371 892 693 191 551 175 601 535 731 743 760 800 102 505 705 781 336 949 376 976 731 249 390 575 139 214 516 589 870 715
36 740 547 9 17 834 302 188 420 940 633 149 282 26 297 223 965 714 596 365 625 451 380 845 292 494 154 494 731 77 261 174 244 473 627 575 593 44 582 710
460 836 283 590 289 63 727 5 747 103 619 355 956 644 526 221 426 824 511 489 440 37 927 169 328 854 421 244 408 711 93 944 122 983 335 517 128 949 250 349
997 381 413 334 463 834 192 659 439 753 464 391 751 526 348 562 865 204 787 642 780 108 240 226 335 194 367 114 183 460 152 217 411 857 513 193 849 895 982 653
9867