40
7
484 861 931 788 341 251 497 109 696 248 777 269 70 591 97 548 273 844 213 219 841 270 748 960 698 464 551 974 395 22 956 84 187 48 251 111 954 400 616 435
212 422 807 825 224 477 208 782 411 247 557 975 289 540 267 476 81 24 868 819 895 515 774 75 177 260 602 156 769 166 586 516 907 80 652 588 757 765 662 770
309 711 751 72 267 602 899 315 329 59 196 874 945 775 84 297 569 196 155 750 701 491 725 757 158 256 125 484 155 334 813 724 882 243 224 754 681 964 70 630
6 342 898 604 922 373 773 53 596 421 508 5 888 461 69 200 551 203 824 44 428 356 847 573 751 300 12 391 32 894 640 36 2 881 856 355 531 675 82 734
516 305 843 769 165 619 810 59 437 469 302 129 108 662 542 784 282 174 822 637 947 50 623 335 518 898 210 172 366 251 398 650 146 143 84 903 362 755 679 452
315 709 5 371 99 31 993 477 800 438 93 805 856 126 279 758 303 662 547 94 727 471 655 969 316 447 396 48 859 766 843 177 6 492 871 98 737 25 648 761
980 519 986 19 947 544 931 94 198 893 69 713 358 86 548 503 83 775 604 681 786 996 28 929 258 884 447 18 991 254 958 433 443 716 637 371 515 385 988 152
97 578 526 756 997 593 736 950 912 712 773 212 180 559 908 240 644 183 30 717 47 492 494 568 855 625 133 24 167 948 406 985 844 735 196 813 696 433 589 746
11050