40
7
833 658 637 595 714 642 436 872 11 908 626 346 121 98 865 679 502 666 834 573 589 104 567 401 805 911 698 543 196 223 28 892 781 847 643 13 101 837 175 967
875 58 569 76 42 430 984 61 508 719 924 272 917 416 203 850 350 909 825 820 783 83 303 512 604 869 512 402 84 548 491 479 563 747 387 778 834 918 271 571
498 496 607 278 90 799 870 739 863 481 581 153 163 477 522 717 390 443 45 870 783 71 815 336 931 611 785 215 158 642 39 621 434 240 28 244 625 376 495 180
846 753 647 982 165 740 539 316 326 924 251 552 181 559 188 970 514 493 250 652 58 951 638 198 249 951 236 13 501 489 967 528 948 526 291 727 766 953 150 713
661 564 565 314 186 585 660 225 891 150 868 859 122 355 279 251 581 385 927 47 873 772 880 437 527 32 178 350 882 401 734 498 133 55 747 558 335 867 156 216
994 464 416 479 746 518 329 839 167 793 203 96 741 542 323 995 100 835 932 839 653 605 277 503 873 71 364 36 348 665 788 996 353 324 323 269 818 769 724 578
437 728 43 183 128 851 423 685 804 974 719 510 874 488 536 303 198 113 976 294 312 149 188 522 700 592 902 436 796 183 316 572 5 833 919 10 77 527 345 302
767 881 890 321 120 835 788 488 961 482 725 256 291 600 724 935 85 516 168 243 696 699 118 531 162 442 780 14 779 561 489 469 3 228 636 259 145 797 270 293
9724