40
7
210 714 931 865 875 572 799 671 261 994 899 822 461 901 967 774 23 719 361 510 262 689 546 384 218 174 344 3 564 596 972 984 889 513 556 599 541 654 497 222
515 714 539 776 208 236 878 360 355 800 835 809 719 56 595 265 136 574 712 417 332 882 767 621 101 723 725 346 502 355 379 550 975 485 746 151 377 365 69 837
796 323 812 715 765 222 299 112 682 849 572 772 178 39 200 624 209 14 804 432 374 139 934 899 571 133 207 570 277 907 32 583 828 43 111 330 936 487 443 340
158 672 283 37 110 963 382 109 928 550 26 323 617 883 94 296 879 793 328 896 96 430 485 872 527 515 790 485 595 944 335 632 512 216 3 195 796 990 891 99
462 227 608 565 709 188 16 839 970 811 359 512 984 211 779 889 162 204 550 981 787 430 543 724 773 703 66 53 138 443 374 707 412 105 573 916 50 172 914 62
145 57 323 9 344 573 717 275 234 313 176 591 122 593 1000 728 880 190 999 591 153 943 628 228 830 195 132 701 714 984 754 95 552 583 210 187 414 564 785 13
810 402 698 853 600 819 309 289 111 959 394 200 553 511 950 375 954 694 359 851 48 380 672 363 112 890 98 609 761 746 944 84 415 652 503 898 794 812 551 465
904 649 821 142 400 7 706 724 947 741 125 833 580 498 807 561 640 843 464 498 799 512 10 801 50 781 564 448 679 993 561 419 152 690 478 714 593 213 545 482
11187