40
7
374 786 776 744 381 15 248 891 32 246 605 519 466 656 691 588 709 427 95 790 418 789 114 946 590 325 160 448 768 566 877 2 939 672 869 876 542 656 311 721
509 764 243 454 895 547 927 834 253 154 644 740 933 309 185 768 601 516 987 128 676 671 775 702 555 661 431 188 54 779 153 327 485 735 218 167 155 307 793 291
113 974 819 880 357 855 822 426 280 276 15 581 224 401 401 103 527 843 724 544 872 330 203 134 555 839 43 951 670 583 174 479 802 166 714 436 410 724 323 92
520 984 297 366 487 896 158 750 992 805 187 884 859 443 410 964 425 944 690 286 267 816 373 890 554 440 3 739 792 985 427 13 207 575 514 590 640 166 906 609
857 188 112 192 818 450 277 435 219 14 315 140 41 673 172 701 102 74 126 887 283 827 286 165 768 519 791 72 917 170 994 671 610 557 20 568 425 111 954 655
33 101 815 715 221 467 242 820 548 183 387 674 595 999 438 542 213 274 25 720 815 577 859 114 488 168 534 181 394 346 1000 473 818 972 35 752 342 748 765 506
959 975 269 555 263 640 648 718 145 215 740 516 4 563 690 340 450 750 541 602 727 408 105 203 50 451 259 238 789 889 867 155 845 309 899 266 899 610 300 322
19 792 596 508 909 667 328 490 234 403 126 926 619 623 815 569 766 783 147 14 275 189 336 196 726 676 119 97 613 164 181 18 307 621 526 468 985 623 880 923
9629