40
7
111 744 873 108 390 187 407 17 747 723 861 677 312 533 880 395 935 763 118 134 504 668 161 487 310 799 179 327 728 169 917 456 248 869 63 274 600 870 531 398
242 677 563 99 323 873 44 868 69 340 341 628 827 42 684 8 182 973 907 278 892 423 808 53 4 8 831 522 283 423 342 185 795 18 881 794 657 290 47 222
746 181 900 311 405 907 36 878 231 828 5 264 678 650 254 934 950 556 808 705 332 664 906 719 793 642 274 981 39 825 180 870 584 530 659 288 312 465 978 986
421 339 257 52 655 475 499 321 937 973 645 796 498 287 164 860 693 793 836 276 890 349 731 210 511 207 276 850 908 2 553 538 887 112 100 455 239 728 234 60
832 307 790 347 598 41 639 843 836 616 32 300 502 656 828 378 652 129 176 503 353 117 316 564 512 780 527 190 724 44 406 485 138 605 781 129 660 926 725 823
968 848 903 222 7 447 250 114 537 152 223 864 5 48 922 632 297 37 303 230 169 762 862 523 794 622 813 670 355 530 698 727 398 386 772 394 178 967 985 58
671 728 137 559 768 214 740 219 461 892 824 10 368 264 627 177 84 821 454 407 201 798 891 22 103 541 760 764 27 92 168 718 410 739 659 295 45 130 124 665
406 687 470 482 53 830 980 735 469 495 143 992 596 750 324 536 170 337 270 829 413 681 392 868 13 120 949 384 830 331 237 290 426 574 920 531 518 619 751 918
10660