40
7
940 516 736 249 249 617 942 100 179 309 461 390 200 992 300 847 848 429 844 992 192 386 944 883 605 932 785 432 475 300 322 73 661 756 896 283 520 360 195 727
135 81 606 234 823 94 695 601 949 466 143 991 169 338 397 920 997 918 465 666 14 443 176 342 646 612 96 893 916 809 240 872 552 127 838 128 312 660 602 725
820 881 960 499 321 906 445 567 443 61 447 521 346 977 797 574 706 332 183 321 767 977 1000 144 936 406 28 377 910 504 197 50 400 186 115 186 126 743 726 341
835 229 633 915 338 912 449 579 347 242 678 393 209 697 827 654 754 979 307 443 408 575 937 420 421 162 324 11 131 252 356 962 794 640 445 532 821 474 94 507
918 481 843 52 46 7 857 13 124 528 715 82 873 930 827 567 687 411 600 692 13 592 504 881 329 478 479 160 787 586 823 101 879 18 285 440 738 635 344 242
522 894 960 77 187 4 545 493 175 506 53 943 239 462 680 249 647 484 907 941 557 504 959 897 911 406 629 502 347 702 246 782 820 622 334 239 781 425 963 828
772 693 43 725 488 684 205 816 532 585 319 602 134 875 580 439 207 446 178 158 97 155 505 589 627 623 274 596 513 583 90 782 804 382 535 316 220 487 722 632
311 105 400 758 884 151 828 707 198 10 795 303 728 690 264 5 615 27 426 440 124 776 512 786 801 424 184 110 959 703 376 738 450 587 461 627 198 601 30 468
9280