40
7
160 255 228 255 907 133 111 32 957 368 231 261 393 378 572 846 105 232 662 801 154 685 182 251 821 462 749 867 39 889 465 469 950 262 797 24 207 611 621 191
927 736 839 541 340 103 806 790 405 340 17 94 61 801 424 705 444 936 601 132 985 85 66 694 308 266 98 256 446 835 456 708 740 367 931 272 872 693 898 497
431 10 372 206 561 30 623 864 23 142 447 288 958 623 13 836 385 378 80 512 228 175 174 684 164 246 69 431 44 527 284 525 37 902 594 811 403 633 203 463
652 692 672 789 836 526 471 555 391 350 251 141 749 116 395 496 260 996 227 540 864 270 253 838 249 647 994 558 638 722 922 882 674 977 711 357 774 852 517 143
507 408 495 786 60 397 117 344 254 419 420 656 375 56 7 330 14 992 694 120 246 234 16 336 309 676 590 447 604 689 325 170 920 685 51 738 943 958 351 626
332 520 564 536 861 726 899 924 417 394 305 46 168 807 231 50 614 546 415 501 251 939 727 334 423 579 795 33 490 470 320 320 743 860 719 524 880 178 52 310
752 34 673 510 111 47 143 49 877 361 50 99 941 83 224 124 857 504 923 139 19 714 834 661 627 718 205 859 8 239 378 89 627 54 24 687 912 435 262 796
366 156 32 791 696 35 391 596 131 605 829 784 57 125 706 104 929 368 948 308 565 148 174 116 4 479 26 943 349 558 173 613 410 46 246 560 996 56 59 90
7784