40
7
920 15 438 512 457 37 449 441 379 767 148 655 790 105 646 191 325 24 114 645 831 101 589 408 958 37 863 235 502 923 273 595 876 643 213 797 578 490 771 166
81 483 613 683 770 356 382 972 825 609 74 865 763 768 828 121 794 733 771 357 110 688 288 779 96 357 702 267 473 667 413 64 616 185 820 631 218 336 443 761
343 568 18 921 140 705 736 229 151 757 687 693 158 661 879 730 521 106 941 773 715 593 81 587 780 561 241 989 552 687 305 229 937 41 996 460 250 439 487 903
388 418 207 206 657 32 634 839 709 823 33 59 728 996 916 685 390 607 728 5 584 328 173 805 996 222 791 584 779 510 256 626 267 470 186 230 681 890 292 258
40 54 579 179 30 941 587 75 783 563 112 305 509 508 201 463 276 724 589 612 245 949 904 708 505 794 14 403 71 315 353 128 341 715 173 381 776 518 671 48
887 464 716 985 155 152 669 271 797 675 926 339 237 363 488 770 434 592 738 31 517 571 328 199 832 367 13 677 892 110 356 526 337 812 750 937 504 706 769 471
686 809 536 138 435 330 374 211 728 61 841 829 830 116 361 988 33 738 343 642 434 109 669 914 313 799 632 901 294 743 703 253 692 411 869 198 30 220 827 205
475 238 291 407 546 387 457 320 723 323 785 976 548 787 78 290 775 476 528 943 369 67 824 193 501 865 502 880 564 858 316 101 956 918 391 451 549 864 629 677
10914