40
7
792 571 470 856 109 800 772 667 283 965 386 560 521 763 918 576 366 216 263 991 332 66 896 343 850 418 137 332 24 599 34 596 973 947 188 857 664 251 892 258
905 508 587 972 757 952 446 79 726 194 471 86 376 352 73 173 205 484 393 729 814 141 493 622 939 488 871 459 998 622 373 678 578 270 288 481 420 132 835 577
977 197 767 873 975 990 37 398 299 25 547 684 858 215 611 877 946 276 428 686 439 749 783 662 126 108 772 277 886 129 184 468 301 145 21 962 303 660 538 813
966 484 151 181 512 118 93 84 424 224 170 980 280 165 359 122 179 613 773 603 423 208 807 613 854 214 954 375 843 90 563 709 804 15 670 282 781 505 982 493
258 9 680 301 129 626 579 359 534 511 840 834 231 448 308 736 809 464 132 569 808 109 581 212 738 746 633 387 983 766 97 673 654 387 407 425 614 55 322 587
553 709 324 332 942 377 213 496 260 865 447 1 791 549 777 823 178 433 15 418 787 423 505 789 470 982 101 372 656 339 781 495 106 402 687 731 282 258 445 533
386 735 445 969 266 907 860 357 721 940 25 163 61 841 645 225 909 333 445 979 118 145 734 993 484 290 716 929 129 275 577 252 699 741 430 937 755 422 698 1
172 53 477 290 392 960 915 18 351 368 739 796 124 809 597 250 534 475 506 591 117 937 803 561 229 37 921 594 904 221 531 213 534 514 49 540 576 243 662 528
9566