40
7
990 863 803 51 210 508 944 607 333 262 942 48 553 198 629 615 310 675 171 117 834 688 568 797 242 753 519 273 383 648 452 972 316 527 963 299 939 388 676 569
262 376 870 558 922 650 3 6 46 531 100 400 166 140 94 203 340 878 939 691 898 933 216 232 240 723 532 577 788 255 131 355 671 465 553 654 408 210 287 406
73 743 896 97 927 980 791 334 322 56 250 815 169 943 401 698 674 530 967 280 469 279 471 764 551 406 563 282 559 511 535 427 139 785 447 413 274 165 302 799
584 400 170 608 535 358 61 583 663 433 696 105 591 647 476 294 607 242 373 790 402 957 601 504 177 2 180 669 50 955 258 131 347 751 134 931 735 616 234 575
6 257 418 402 81 725 40 922 319 79 902 711 196 398 583 420 382 511 299 537 313 960 972 347 674 889 426 740 947 36 179 717 234 261 150 224 306 116 685 377
182 150 79 183 728 93 835 84 122 112 649 434 904 614 620 989 950 227 181 571 799 982 897 202 82 33 737 24 29 725 826 153 143 721 291 182 255 894 685 305
935 617 365 270 23 846 28 926 820 822 658 492 320 188 466 5 547 457 103 491 108 414 21 650 607 836 547 135 263 990 896 618 998 233 545 492 527 865 120 666
248 410 642 959 313 177 384 452 955 143 119 909 143 710 512 713 696 588 107 457 63 2 948 621 27 469 121 488 831 254 538 717 903 731 58 756 342 79 948 7
9270