40
7
336 831 957 353 395 810 119 981 58 288 309 403 725 765 81 478 775 363 685 268 311 584 801 950 423 268 379 154 152 912 374 669 761 919 99 262 465 870 536 484
596 761 839 499 743 481 178 187 786 581 178 358 818 666 988 96 916 671 347 610 346 266 946 944 560 4 996 487 250 782 555 15 605 98 922 568 449 409 357 668
156 131 956 846 65 828 726 545 201 825 76 869 228 199 739 626 981 418 196 93 336 234 314 669 844 695 747 60 90 969 43 422 618 705 863 167 545 609 285 872
530 328 232 284 753 4 550 779 772 930 411 28 482 358 93 808 941 92 470 62 769 602 885 912 914 952 844 430 15 639 548 740 318 466 664 714 681 974 277 71
853 874 757 399 405 300 820 880 461 896 480 214 603 639 397 740 917 942 953 844 847 860 595 675 480 911 258 562 682 50 341 844 736 492 22 418 65 899 723 819
290 31 833 506 152 321 814 173 896 398 80 971 579 721 666 389 500 58 640 566 159 709 322 501 439 654 239 578 824 367 170 564 208 953 309 604 363 662 853 922
734 116 164 732 908 218 811 876 98 829 183 436 481 491 754 554 430 808 4 619 894 248 461 428 147 667 812 277 778 520 929 740 327 682 378 147 824 824 738 897
823 508 164 494 262 625 758 477 90 462 617 427 791 680 262 396 261 803 352 428 527 977 911 790 590 195 681 238 729 650 458 668 703 504 175 255 832 768 684 418
10717