40
7
25 189 268 91 925 842 541 48 916 362 756 65 504 780 819 64 752 760 362 921 310 725 413 225 583 508 949 901 365 860 814 756 48 325 253 177 607 242 939 879
565 256 770 779 750 714 692 746 969 333 163 141 346 55 532 788 253 813 527 364 93 93 852 240 554 204 985 959 388 88 762 765 720 58 871 439 898 297 158 939
597 60 167 191 373 370 972 374 679 406 788 115 666 513 776 180 986 272 959 193 151 909 864 3 474 775 105 299 982 34 247 645 507 275 894 235 699 957 80 48
197 632 201 246 997 301 219 587 284 803 133 775 693 429 25 338 888 592 528 901 976 400 175 695 470 310 387 108 920 904 185 102 473 549 788 866 9 605 815 402
192 951 470 194 973 554 814 776 821 7 388 206 528 869 601 532 844 577 522 691 854 188 856 859 8 983 960 986 935 288 362 598 930 29 567 158 440 47 494 133
752 714 253 16 103 891 728 262 873 502 784 148 357 152 990 885 190 357 571 123 942 104 63 443 112 67 854 869 558 486 784 751 557 266 640 21 291 132 631 174
506 190 173 575 528 669 367 912 816 657 50 2 425 628 552 556 319 516 208 124 614 611 153 65 921 223 157 377 128 58 754 22 24 129 529 827 211 100 253 543
491 229 496 299 268 588 309 319 691 17 615 126 660 656 310 529 287 663 728 646 437 871 276 898 867 514 931 289 232 663 906 213 178 493 891 515 949 831 411 494
10393