40
7
430 867 728 93 654 72 685 103 112 367 386 249 720 243 342 149 762 742 267 378 253 898 675 641 815 514 377 609 421 780 44 469 888 285 442 863 620 107 264 331
736 273 957 251 892 388 66 711 494 848 257 310 493 12 20 716 389 515 52 105 834 600 749 872 668 743 918 349 35 721 279 159 236 350 862 54 112 655 59 630
752 981 941 56 715 689 398 765 194 631 155 743 897 609 461 250 170 822 486 761 325 19 259 867 519 399 824 637 173 97 633 346 855 698 403 564 515 926 499 189
701 799 324 490 921 725 543 295 237 754 945 620 253 605 189 942 961 234 497 666 952 618 70 186 151 424 481 762 2 738 926 243 542 885 451 824 400 416 475 78
881 649 24 36 879 240 242 735 157 787 623 166 84 671 797 397 484 325 853 71 631 307 301 186 138 902 990 179 630 527 191 922 999 334 814 891 959 192 437 892
823 820 244 797 677 438 147 731 469 347 894 952 276 713 88 196 482 790 737 631 819 745 166 891 535 346 329 591 695 255 366 887 313 167 988 894 398 722 739 945
880 158 332 838 860 94 937 945 690 761 225 721 292 678 788 620 539 594 92 802 688 320 782 243 84 557 736 27 493 983 809 233 568 311 764 742 468 591 306 47
3 885 634 914 128 447 973 582 379 554 381 291 677 810 478 391 828 644 848 977 775 955 847 283 504 76 934 105 889 220 70 774 643 623 674 570 277 152 688 110
10997