40
7
968 425 458 898 776 725 673 64 666 219 326 716 124 78 754 702 804 807 574 605 553 690 91 503 229 625 403 863 949 295 83 370 844 660 194 377 785 431 668 169
392 649 357 369 655 391 136 228 929 471 902 409 266 319 59 262 800 43 546 830 942 943 49 653 793 152 191 375 598 180 800 490 304 563 368 654 695 500 937 228
858 652 793 852 625 262 70 670 862 514 22 941 455 868 948 377 625 251 162 625 861 263 190 523 857 275 470 367 15 744 587 816 995 464 424 149 204 276 496 105
993 70 499 754 258 688 572 271 841 6 314 788 345 43 859 946 121 155 376 687 81 504 391 531 374 797 724 316 667 429 511 327 474 714 489 617 787 998 589 206
31 272 944 710 45 560 148 797 419 699 642 866 884 136 125 445 550 515 151 253 14 227 487 41 488 978 287 705 829 369 152 407 456 877 974 647 871 361 132 252
724 429 21 948 254 726 948 558 857 480 232 91 239 673 108 200 730 449 935 870 908 771 951 827 810 95 848 48 715 597 983 732 36 754 846 734 2 512 666 153
422 525 737 634 864 588 97 677 573 577 779 44 978 750 184 295 670 568 358 193 218 702 434 682 739 159 796 624 840 77 834 493 831 162 273 711 201 563 225 980
437 49 673 774 601 902 430 830 927 632 958 128 310 750 176 25 36 989 527 781 167 201 175 831 247 43 237 813 863 194 162 543 270 117 635 419 392 793 457 56
9275