40
7
749 499 900 437 259 328 888 44 310 360 868 726 822 599 548 308 592 406 560 244 972 124 936 250 696 187 276 328 15 596 989 407 570 498 646 716 902 895 869 152
402 632 519 913 890 903 562 777 215 3 298 517 711 117 199 191 837 277 803 486 156 896 966 668 962 562 306 405 6 326 583 721 12 385 699 820 881 654 953 624
33 716 216 581 613 485 772 903 452 17 226 570 659 532 627 48 334 150 284 18 228 348 654 402 108 857 855 325 410 396 571 742 45 969 857 217 398 527 228 698
825 807 746 887 425 512 250 691 880 98 342 321 896 745 990 495 674 34 736 487 141 936 89 254 631 50 445 505 697 748 752 617 274 758 851 217 74 147 32 5
876 164 203 817 763 557 650 950 736 738 88 271 38 87 124 135 175 889 270 975 363 194 764 851 326 883 71 162 50 721 351 940 339 492 140 195 147 289 290 500
500 883 780 435 936 117 40 879 792 255 655 481 365 257 473 297 803 685 451 429 727 815 641 25 426 139 652 631 583 890 945 190 928 264 382 312 110 372 942 925
945 36 242 671 446 238 324 507 253 160 604 128 836 332 645 775 314 946 69 384 903 572 106 722 54 239 394 580 495 976 678 969 144 970 508 832 91 350 735 565
271 1000 185 560 751 799 719 425 440 861 416 304 624 987 612 307 150 751 367 842 819 939 536 748 301 787 779 652 14 521 780 686 607 579 446 210 475 135 31 997
11207