40
7
721 956 422 531 111 51 375 956 565 480 342 494 534 320 889 309 519 194 24 985 174 823 457 578 596 190 128 364 583 900 598 283 695 553 908 616 618 507 743 755
485 444 245 490 434 666 490 354 169 439 361 903 85 632 389 315 281 426 435 193 182 302 56 341 875 982 528 392 431 266 740 802 905 135 392 236 629 922 654 831
11 547 227 504 525 137 212 114 616 331 498 279 2 89 970 139 419 228 790 477 238 20 742 730 672 376 471 854 336 135 649 189 814 735 522 585 154 403 535 489
776 624 231 495 476 785 934 846 725 755 797 496 296 895 443 183 440 266 366 574 322 302 132 527 628 261 79 943 452 254 630 996 999 697 698 941 115 391 413 676
982 435 632 624 89 485 698 818 667 889 666 918 543 233 289 476 961 833 247 313 662 341 933 302 487 958 253 644 602 657 264 915 532 921 97 130 769 259 659 922
696 276 856 858 676 423 962 37 515 822 711 353 932 774 899 508 347 387 997 74 232 991 674 849 266 315 266 263 595 677 326 93 541 361 969 552 875 979 847 820
266 341 919 8 121 471 869 987 466 175 913 20 855 683 898 78 135 850 14 702 549 759 600 109 941 843 468 121 68 712 723 181 203 60 162 400 97 529 226 92
874 142 96 643 564 434 746 86 974 596 415 288 159 703 793 483 934 595 982 274 465 131 535 50 265 757 413 913 583 370 248 537 542 65 780 1000 791 966 588 152
10466