40
7
570 213 522 85 868 259 868 226 551 48 762 400 45 986 155 88 566 88 513 809 564 755 559 371 780 911 422 542 523 697 883 627 190 601 685 874 261 262 642 766
70 799 863 376 551 368 644 278 823 982 778 477 127 747 149 871 634 903 75 237 749 294 985 375 275 624 969 733 902 188 991 159 704 583 538 112 73 296 204 91
241 852 914 311 849 147 923 483 699 602 794 702 955 855 55 791 685 372 245 876 79 672 870 210 667 671 783 299 610 450 867 35 509 242 875 554 768 777 999 196
792 379 551 525 257 793 473 931 425 543 283 765 970 881 560 982 519 857 682 698 501 887 169 428 245 326 522 134 716 799 595 326 971 151 180 141 669 944 205 649
979 793 30 689 338 277 202 930 351 468 583 733 923 646 291 475 356 57 956 622 817 448 468 2 124 646 298 728 237 773 466 203 515 402 254 366 38 593 210 282
764 239 640 13 463 497 206 741 406 449 860 490 1 214 655 387 996 915 911 380 326 597 445 381 240 435 589 827 924 576 246 669 389 835 774 774 164 952 45 492
409 486 561 931 987 199 691 397 583 827 904 479 446 289 628 254 51 954 748 206 829 706 628 702 367 962 245 26 866 926 315 521 10 425 865 325 366 546 762 829
668 69 53 543 551 736 425 868 539 355 463 734 349 471 615 588 947 969 126 823 522 728 951 788 994 607 966 710 366 973 105 823 850 642 12 759 277 881 509 151
11753