40
7
196 355 508 22 26 70 728 696 265 679 180 259 999 861 707 990 733 408 874 361 23 521 722 690 589 959 378 146 153 806 957 303 572 613 649 946 32 320 53 124
666 351 915 282 434 51 134 18 494 731 101 377 142 383 300 680 26 136 47 808 215 998 415 834 891 918 376 810 580 791 622 564 859 551 279 233 359 502 339 275
638 337 313 197 313 599 943 714 886 980 668 483 332 505 604 136 590 599 442 816 25 736 865 67 750 890 539 345 678 465 273 576 434 557 56 795 534 3 246 364
40 959 256 387 187 339 947 573 721 952 348 82 399 202 17 657 796 828 761 706 947 743 779 249 176 90 277 869 977 143 875 769 544 404 389 926 743 927 801 647
232 241 256 738 40 44 588 882 357 505 529 304 733 735 300 906 241 885 100 33 682 643 708 696 812 910 186 985 841 515 884 181 835 321 643 871 356 187 656 332
392 552 222 939 82 443 837 655 31 253 778 814 510 698 251 922 663 201 830 546 84 316 211 146 33 549 57 181 23 42 742 760 940 548 121 225 508 368 186 269
825 494 205 317 611 933 819 457 667 578 874 387 201 231 839 194 42 90 937 376 609 1 769 236 149 750 667 131 50 132 946 625 144 695 127 950 588 566 943 375
583 248 35 80 546 567 106 900 763 865 857 87 164 357 141 601 32 245 304 649 420 398 698 948 675 374 576 822 922 875 149 474 987 780 502 144 352 803 723 777
10265