40
7
678 776 426 419 9 148 2 957 147 598 433 832 259 794 43 692 448 476 505 776 282 560 503 381 280 54 119 612 800 772 662 277 775 923 46 651 212 363 73 328
835 296 13 663 538 783 109 473 881 126 374 891 461 874 745 233 184 945 220 629 57 990 759 305 728 326 725 894 376 115 609 679 303 135 238 295 1 96 175 452
509 704 245 850 660 246 881 15 666 471 925 35 478 343 931 947 390 881 14 604 102 64 75 729 102 386 89 70 185 205 784 792 890 845 819 535 238 969 72 657
443 327 767 441 60 975 571 773 984 467 716 487 653 152 760 135 508 754 98 182 923 222 202 107 441 985 75 284 326 853 797 359 425 176 251 208 121 559 470 679
251 702 397 855 593 410 666 840 453 764 277 917 3 177 105 427 928 772 422 561 703 926 948 688 502 994 759 877 890 953 207 676 137 474 565 137 644 297 920 711
866 995 299 293 521 643 839 786 741 959 685 551 592 823 851 418 273 171 474 812 669 384 372 517 630 20 143 910 995 824 714 92 350 2 718 508 129 281 547 492
452 203 942 808 498 127 974 291 678 480 51 433 236 198 87 701 881 353 456 78 898 762 916 41 67 725 226 10 238 810 473 676 47 708 77 570 623 448 712 228
317 589 21 853 934 192 435 946 858 134 618 84 277 326 192 306 843 859 676 485 449 501 883 282 623 493 884 671 371 278 125 842 158 397 837 917 79 905 648 972
10630