40
7
482 296 849 750 460 821 395 366 270 568 510 570 911 642 55 382 536 938 471 315 560 912 163 304 913 856 556 862 986 461 74 482 818 124 166 222 877 628 994 974
376 990 355 162 601 524 201 419 959 561 666 44 305 659 968 13 512 124 403 931 144 431 855 113 820 769 592 971 559 740 293 546 74 247 626 276 353 249 27 819
150 157 315 596 584 837 113 922 33 250 955 63 252 724 668 390 598 21 317 858 745 199 740 654 413 406 223 492 200 77 313 482 373 764 958 397 720 156 855 836
660 492 841 476 595 824 63 959 348 151 128 979 572 484 377 665 343 324 392 570 573 937 42 439 190 347 489 966 628 829 366 178 664 508 52 391 478 926 802 978
840 379 785 596 229 750 396 789 104 748 42 225 343 517 809 807 559 475 147 761 697 986 909 825 602 139 792 295 280 234 390 910 946 518 858 91 193 220 782 106
882 606 515 120 275 483 151 418 851 783 479 357 703 817 180 489 474 164 996 21 955 103 774 261 872 2 491 827 483 631 797 378 418 557 334 225 263 561 130 382
27 591 699 285 947 79 519 929 634 871 389 849 309 953 435 234 561 35 92 725 815 426 695 326 815 70 957 250 238 936 600 805 25 741 133 119 567 388 877 147
395 655 329 839 282 206 921 116 528 962 281 579 583 449 679 58 982 67 756 6 668 149 768 206 335 168 219 829 603 424 584 404 404 268 676 165 612 833 829 914
9866