40
7
890 511 7 935 331 787 659 235 650 980 685 81 390 8 468 186 188 863 972 715 221 660 805 977 478 357 963 791 681 374 713 87 300 945 685 698 19 49 651 866
136 922 911 564 838 299 255 953 294 122 445 460 634 94 477 973 446 135 540 135 451 982 4 400 534 214 411 983 25 430 567 732 528 249 898 708 386 642 850 713
763 711 985 791 558 389 323 519 905 175 57 877 539 474 797 488 457 298 279 995 774 297 669 870 339 256 814 394 305 897 346 603 124 389 691 993 510 42 129 115
505 525 581 635 356 426 398 403 490 499 992 587 517 943 470 813 222 141 203 884 689 692 485 211 217 868 482 29 861 52 913 442 386 196 707 776 598 787 594 525
336 352 184 760 17 54 165 473 867 791 628 773 429 561 876 938 734 416 548 818 496 9 38 825 863 138 428 42 998 515 423 346 820 15 253 480 757 236 677 657
454 567 417 505 847 812 982 475 693 316 295 796 393 59 86 756 89 5 76 506 421 511 678 956 968 976 694 708 911 456 44 908 129 352 258 568 826 695 856 72
801 265 404 472 161 144 643 58 208 845 491 496 589 376 122 576 36 99 842 909 967 531 535 563 371 955 295 266 870 877 269 232 113 14 438 843 761 431 99 814
255 855 580 659 435 744 200 726 377 861 164 10 73 608 443 629 770 731 4 929 947 939 212 809 776 755 802 497 904 166 165 87 61 294 963 929 580 898 769 642
11124