40
7
349 699 770 115 686 330 499 91 255 890 437 791 914 322 841 950 52 968 609 919 589 137 992 676 207 51 781 234 686 184 609 905 393 396 330 637 669 252 972 978
783 187 977 475 995 757 469 316 21 591 550 464 569 813 631 559 229 294 917 730 60 783 177 737 485 253 933 191 743 657 14 791 490 158 84 441 697 263 134 78
713 628 591 24 202 499 436 547 634 843 690 651 523 144 722 886 7 605 556 903 211 676 50 203 536 598 606 291 379 690 363 146 193 746 505 20 59 547 928 606
82 44 217 336 633 705 415 899 736 600 496 370 585 290 790 94 617 896 894 214 815 907 136 739 295 962 378 739 713 741 43 334 744 689 330 461 529 729 2 578
447 859 785 267 151 335 741 944 231 500 577 978 189 949 626 27 796 684 302 480 495 61 36 874 721 537 506 725 535 992 403 324 88 367 643 141 296 480 876 233
908 526 290 447 772 979 462 780 626 302 528 346 332 94 143 249 850 414 618 4 309 873 497 403 818 899 702 360 837 859 625 628 498 277 102 13 105 920 206 801
373 385 402 873 110 208 929 925 380 711 253 477 614 521 471 640 670 928 221 690 241 487 250 393 636 599 704 698 460 935 578 811 160 675 982 494 34 397 517 800
107 917 2 935 64 260 58 920 436 788 448 774 797 790 835 747 999 972 363 715 919 186 19 337 722 263 172 438 394 819 241 283 452 254 321 40 994 24 925 854
10292