40
7
308 56 299 49 83 419 884 848 153 216 84 115 237 775 288 305 921 491 756 215 56 403 706 446 251 53 255 535 933 40 826 637 435 997 694 83 231 263 806 292
799 698 141 334 478 247 102 676 513 480 800 258 114 395 996 829 993 243 522 674 387 75 633 603 550 492 533 50 728 348 308 486 380 395 824 546 865 848 269 516
844 280 828 888 862 200 242 923 995 999 40 509 717 97 413 227 715 385 485 497 361 89 228 829 104 618 355 715 853 470 989 457 327 780 173 902 213 638 572 194
520 632 951 577 842 979 845 205 89 768 583 557 844 775 524 339 481 183 233 409 199 47 766 461 40 47 207 729 853 229 712 130 752 925 503 535 656 748 567 561
299 456 915 105 991 221 236 725 272 711 665 470 946 307 932 81 28 659 161 221 492 405 316 232 135 233 715 714 714 924 593 376 873 383 179 737 982 119 623 996
923 838 170 848 978 185 151 682 210 156 136 341 403 44 577 7 133 175 808 547 150 271 343 820 793 282 474 305 521 100 843 618 755 602 824 660 853 712 704 777
119 391 425 830 208 712 564 615 176 12 668 399 940 880 690 54 11 255 796 668 449 383 240 567 492 411 859 782 925 988 662 874 859 577 284 9 113 801 450 236
524 832 749 656 768 580 51 704 101 180 909 509 820 984 47 854 865 216 410 917 3 665 625 212 413 735 613 241 593 980 638 662 161 258 113 615 499 812 879 981
11187