40
7
179 18 577 113 93 583 1000 345 135 516 391 172 39 830 330 627 444 16 929 153 988 191 87 310 611 660 327 907 475 652 514 332 357 348 157 540 942 268 144 290
487 344 89 949 696 339 790 24 357 751 78 278 86 462 932 629 327 827 844 125 680 742 843 536 96 926 535 674 257 330 678 594 689 971 32 340 359 55 208 452
82 70 641 959 46 818 585 575 432 353 976 445 17 735 363 299 717 23 616 371 228 860 362 84 954 77 312 665 648 291 337 308 474 985 410 827 182 535 182 297
745 215 451 189 917 502 700 771 651 173 861 568 514 715 523 654 119 174 772 879 482 538 419 573 20 836 232 625 52 181 694 38 70 369 918 380 101 510 619 294
140 562 569 144 344 106 287 6 916 836 808 771 465 534 549 946 156 68 543 142 89 1 498 465 158 932 485 915 202 417 246 892 127 418 382 293 98 600 472 521
972 246 812 566 522 20 651 82 303 135 29 585 245 883 442 284 104 142 193 90 743 168 510 953 393 205 863 862 402 748 470 707 58 766 768 529 903 27 535 913
478 191 527 796 601 8 775 729 922 882 443 773 565 376 982 29 424 753 757 150 687 136 266 319 7 453 352 457 537 314 699 100 100 106 212 283 877 209 142 271
81 523 608 922 437 174 154 214 455 683 837 797 82 346 993 795 445 854 258 16 957 324 211 320 726 812 540 289 567 968 282 870 474 951 617 310 133 722 349 512
10304