40
7
40 865 247 524 471 786 123 943 847 598 762 173 949 963 222 381 220 447 102 961 298 214 321 973 628 191 843 778 772 740 121 202 767 525 192 980 273 398 920 302
747 523 590 244 552 226 857 960 613 259 570 894 452 841 874 151 36 811 229 935 10 721 266 651 127 697 243 678 551 436 787 745 518 24 337 978 520 448 866 603
462 588 33 138 720 481 8 345 471 4 720 594 276 504 282 587 207 215 171 914 224 238 413 165 657 456 616 994 585 203 669 12 55 194 163 73 942 566 587 501
103 545 884 550 387 907 770 807 376 5 529 817 455 642 40 286 379 416 996 480 468 918 58 912 384 962 949 624 515 279 916 845 726 856 378 304 363 450 909 712
408 758 50 243 823 42 629 894 714 649 290 549 918 555 302 139 54 958 825 92 316 711 496 750 880 725 667 150 964 461 893 882 329 694 12 351 386 364 525 368
255 452 715 721 402 443 423 386 928 740 876 169 337 982 479 736 966 731 706 139 660 324 904 12 56 665 307 609 741 147 344 735 559 511 884 316 459 249 926 677
40 698 612 789 463 258 471 76 648 673 466 269 371 144 133 242 748 116 14 723 827 443 402 954 254 687 567 707 184 335 743 822 406 994 256 55 532 587 271 301
763 344 599 747 350 308 678 153 660 133 658 143 540 292 318 709 301 449 722 850 55 449 11 311 62 929 842 134 174 540 909 931 717 504 436 237 536 449 650 813
9703