40
7
226 523 963 357 445 897 948 446 715 930 914 807 402 523 125 97 484 393 703 485 625 302 448 802 823 624 774 987 776 680 953 591 975 428 403 870 979 689 941 902
571 523 522 181 826 717 48 385 536 880 99 591 12 935 298 993 537 401 652 278 134 173 116 522 303 577 13 950 951 467 140 81 177 703 569 386 181 459 859 212
498 75 875 576 541 52 92 224 261 529 47 736 174 521 861 625 86 754 2 828 206 165 824 441 507 681 28 938 200 55 139 823 53 918 770 948 246 538 954 840
636 8 548 542 59 632 273 959 819 380 238 599 243 127 397 696 829 413 642 918 278 159 214 906 517 753 365 194 865 101 71 235 593 20 668 373 118 155 251 614
113 474 913 241 273 595 71 615 619 57 293 145 230 369 380 582 920 531 557 839 128 513 775 556 333 987 444 604 519 126 692 979 159 156 452 926 313 207 58 450
77 410 564 351 35 383 853 391 457 221 131 596 960 290 854 869 279 510 133 134 8 263 167 189 132 931 443 392 27 804 971 231 413 544 727 439 157 215 723 150
589 684 536 817 151 781 601 235 111 934 582 482 270 666 893 39 836 699 663 920 820 773 54 940 409 188 623 296 632 8 848 674 761 372 479 680 587 296 341 28
156 673 617 806 886 486 345 84 520 997 631 598 554 404 820 367 210 330 101 304 452 551 463 552 155 287 339 500 678 110 230 683 69 718 403 126 520 886 316 131
9029