40
7
219 97 932 802 296 572 518 993 189 83 428 40 473 589 24 293 708 181 297 918 853 809 24 140 39 94 106 628 465 521 931 712 277 129 593 75 992 493 275 105
624 631 374 854 762 818 420 265 709 718 338 541 177 32 622 588 814 640 734 211 975 969 641 191 197 968 766 437 475 56 514 360 536 323 329 680 174 998 993 339
365 27 277 651 964 755 573 905 596 562 175 404 986 510 912 841 236 850 748 342 140 118 593 963 47 105 834 344 355 120 337 759 725 685 429 684 544 709 427 924
622 464 149 58 831 952 139 214 861 361 887 20 68 589 582 91 396 63 662 698 619 965 955 535 606 520 249 602 797 391 366 686 992 587 685 857 428 854 863 660
726 625 289 241 63 23 154 957 931 4 891 870 63 908 74 295 108 619 99 294 803 474 271 713 712 382 379 723 279 913 132 833 263 836 799 757 779 661 38 37
408 393 249 318 474 245 708 921 412 979 963 541 188 29 499 158 966 63 383 872 664 30 779 387 222 409 410 384 383 548 105 939 81 77 704 455 785 538 896 795
424 964 812 21 90 889 559 7 832 918 430 519 282 686 959 541 854 396 410 427 890 156 549 502 687 194 516 73 749 894 573 922 222 78 456 388 238 100 185 402
241 515 373 642 486 570 182 286 316 546 902 812 701 758 896 236 134 899 720 534 877 626 342 680 420 679 627 82 99 240 294 349 622 804 380 297 227 809 816 888
10454