40
7
725 529 235 130 177 933 222 766 80 663 820 741 186 175 547 286 17 522 891 530 589 865 14 131 316 668 979 345 916 797 174 971 414 30 612 463 733 845 702 595
850 221 126 183 238 322 519 187 711 349 230 846 32 727 299 421 134 717 140 711 919 733 497 444 609 837 612 866 735 220 22 428 917 442 161 933 830 727 996 468
219 337 311 526 836 227 917 123 845 950 881 146 658 43 909 522 183 636 754 296 412 394 936 516 110 435 649 314 673 597 540 926 495 623 789 621 528 881 813 43
362 426 946 776 694 269 797 497 296 166 690 978 305 475 907 404 154 587 468 978 869 254 669 412 364 487 762 822 629 784 708 423 115 298 359 170 550 997 410 770
215 575 901 918 655 72 165 710 847 863 178 288 380 348 900 156 170 268 217 872 275 575 549 909 402 20 343 229 215 757 437 533 4 403 762 418 571 132 425 370
547 176 601 181 900 155 83 549 455 845 653 463 513 433 271 480 699 528 972 71 641 752 979 721 743 159 734 991 562 39 16 351 823 846 244 408 274 85 731 411
494 914 902 650 669 488 112 323 429 285 986 83 65 441 793 929 618 233 530 989 1000 995 37 531 540 491 76 417 143 884 721 401 178 566 326 218 787 769 934 885
972 465 628 113 265 445 591 997 672 431 929 728 630 583 37 436 111 814 129 391 642 114 983 414 163 16 223 898 986 847 429 338 229 63 179 65 449 73 678 512
9334