40
7
289 313 43 909 191 557 459 677 840 954 570 933 250 384 105 700 106 74 558 167 519 148 430 299 397 61 590 271 242 87 426 178 569 410 675 404 926 244 537 103
665 218 781 609 552 131 382 629 124 97 997 460 415 983 75 319 186 311 801 257 294 826 185 560 441 55 824 297 798 631 577 761 76 909 267 962 243 836 481 519
2 271 945 370 514 213 60 96 765 722 988 388 479 44 613 45 541 830 63 409 611 887 224 879 576 738 705 831 740 617 266 973 900 848 419 960 298 980 769 519
25 467 35 728 33 621 599 483 157 254 752 1000 893 8 903 473 866 561 84 67 525 562 149 474 951 283 268 551 59 228 470 891 147 759 321 965 167 380 931 320
130 138 259 163 28 37 8 605 391 744 182 774 749 759 87 915 264 163 61 986 173 496 225 254 23 299 440 512 833 417 494 249 631 130 704 894 8 793 32 205
371 852 707 942 673 391 967 989 521 417 734 756 203 672 314 126 148 214 73 653 782 950 973 749 114 690 743 636 891 975 678 44 292 61 266 338 651 253 707 856
687 804 748 240 672 787 217 555 176 510 573 662 29 411 291 815 319 174 766 365 38 891 908 321 811 224 594 838 153 985 721 320 142 413 521 329 954 175 475 679
953 35 793 585 515 1000 317 661 373 779 623 653 832 896 333 10 671 976 812 208 532 492 310 764 310 986 345 332 904 328 101 188 888 614 795 260 82 330 146 396
10564