40
7
628 457 418 562 973 611 588 46 758 238 681 733 441 142 262 101 741 504 511 563 123 409 662 201 508 726 502 32 255 482 181 608 800 344 19 778 730 957 461 441
953 1000 34 292 493 298 166 136 107 307 313 325 515 380 562 878 377 327 395 662 994 575 586 402 732 702 63 257 800 429 197 854 837 397 930 987 813 34 717 551
93 100 427 249 917 889 179 495 687 519 648 452 242 155 4 929 601 626 81 961 806 603 809 960 820 539 475 331 626 488 205 529 597 174 178 134 45 713 937 39
466 165 831 156 971 272 115 234 292 790 334 245 403 511 367 234 20 809 499 390 359 314 566 498 502 554 648 581 930 260 23 639 448 357 162 832 711 722 858 421
625 671 773 864 704 505 806 102 77 201 737 970 658 427 457 607 586 187 255 499 7 31 609 147 597 846 933 967 816 735 149 247 694 973 613 484 17 85 655 586
659 59 500 425 613 215 624 914 634 858 581 14 275 525 261 816 25 709 374 843 60 88 183 415 557 216 998 141 710 63 242 188 602 447 7 284 252 833 770 516
848 388 278 543 855 589 993 801 806 166 111 303 465 360 463 335 160 881 782 201 331 260 385 508 965 246 35 834 335 955 144 548 960 111 330 726 399 36 208 419
67 452 948 658 990 565 162 332 926 911 506 285 423 582 454 102 894 986 145 361 388 524 859 88 112 374 237 227 346 722 99 101 305 329 225 493 879 762 355 642
9408