40
7
26 639 861 111 958 125 748 995 867 495 577 980 822 50 938 943 79 993 210 962 763 839 501 362 680 200 924 833 831 863 870 525 589 538 833 13 23 299 474 797
929 841 324 623 940 956 708 107 701 510 292 890 172 114 771 912 45 351 496 666 599 408 314 295 199 893 317 206 58 840 268 540 793 415 931 618 263 444 560 943
713 253 904 470 545 671 693 438 441 84 414 265 240 860 533 314 357 598 241 393 175 330 397 923 752 54 632 142 147 274 466 479 452 905 388 780 640 715 881 431
545 102 214 226 912 196 187 68 786 406 141 432 363 910 836 234 597 62 68 883 416 317 902 298 961 433 168 955 465 377 736 622 391 298 950 587 729 464 341 767
756 431 432 531 526 656 693 936 575 399 215 853 294 810 585 765 493 151 487 958 134 496 17 564 645 183 323 239 380 139 457 995 340 414 454 710 56 577 987 500
431 515 1 11 932 170 986 691 256 4 120 584 595 948 654 378 391 109 130 799 42 683 380 607 616 751 652 322 507 328 378 984 735 42 359 573 850 743 886 177
913 541 606 643 259 96 469 717 342 65 59 947 131 993 58 180 285 891 28 926 758 601 143 886 624 284 696 485 743 627 848 233 290 549 702 706 391 814 173 471
750 796 947 169 170 871 575 49 216 472 859 890 439 347 148 454 197 154 256 895 294 934 941 40 558 599 706 981 750 856 593 316 155 279 956 43 290 503 854 826
10564