40
7
321 512 743 838 786 86 625 260 317 757 145 679 190 61 50 48 170 743 347 682 44 467 46 922 629 459 765 460 879 900 477 376 510 723 443 657 124 514 745 152
502 14 849 971 463 454 915 992 601 627 25 692 189 792 781 583 220 5 278 485 811 602 442 646 924 147 441 142 42 175 876 137 289 907 417 608 13 72 791 594
705 7 187 39 992 95 12 333 248 508 498 264 638 640 326 783 590 477 364 583 97 73 23 761 940 367 579 404 395 897 547 725 575 40 664 432 41 873 298 422
883 462 915 410 445 506 86 451 350 603 921 83 723 695 706 646 392 860 636 134 504 702 768 429 810 736 957 114 469 846 42 806 83 731 372 491 55 373 482 210
92 332 801 835 937 549 711 106 984 81 778 864 160 964 294 579 258 841 473 63 58 89 79 226 717 753 711 909 495 95 978 138 639 330 490 173 254 506 924 798
68 558 428 45 515 782 672 519 564 628 69 923 98 650 922 214 536 625 986 122 21 911 847 55 852 144 422 438 419 541 218 801 760 362 83 340 198 183 56 734
499 548 574 629 949 142 35 355 922 579 22 924 995 583 398 813 793 809 953 273 861 283 180 457 528 356 362 176 333 439 66 746 501 568 635 101 651 762 335 169
206 983 453 451 237 921 71 830 237 800 987 483 172 266 357 39 657 6 510 221 490 604 737 577 269 848 212 848 871 45 983 385 908 880 808 648 202 566 547 669
10492