40
7
627 718 912 470 520 823 832 374 973 290 77 389 204 51 801 454 983 871 463 884 134 962 162 786 105 474 362 842 546 423 780 454 50 236 346 824 326 609 825 372
142 418 973 271 73 226 931 616 414 710 595 134 321 654 220 700 254 23 248 155 375 401 639 328 154 476 906 609 290 858 191 540 28 590 240 226 50 613 237 1
359 933 588 85 401 309 482 694 812 846 840 302 350 250 282 451 532 695 109 199 701 726 117 566 413 243 794 532 326 20 331 526 466 776 739 107 426 745 340 776
925 734 482 380 983 535 643 647 890 386 558 814 204 706 407 530 538 802 174 629 382 402 482 171 862 674 722 937 287 507 587 7 678 290 58 763 725 290 782 675
145 456 285 506 980 224 221 849 916 568 30 184 341 69 917 436 763 175 461 641 781 468 408 315 992 136 422 531 212 911 261 349 449 163 929 986 860 1000 501 121
831 129 444 407 661 430 476 240 717 991 233 552 898 612 763 162 385 935 296 857 736 804 444 813 693 841 125 527 406 927 752 766 973 184 208 211 545 722 147 960
989 503 99 300 436 509 136 14 446 457 270 553 300 155 332 338 298 721 414 442 929 639 590 138 680 188 162 39 510 760 605 371 818 480 391 56 116 65 191 413
175 487 98 347 957 72 691 33 704 560 45 436 170 27 611 118 536 778 322 171 764 500 998 958 80 631 295 474 604 309 455 705 177 983 149 191 212 901 207 467
8699