40
7
517 476 713 685 261 443 750 183 812 179 942 690 754 421 378 919 644 51 686 699 57 524 225 592 44 544 485 42 329 385 835 300 51 504 367 271 647 899 442 406
576 578 805 395 852 851 570 298 815 943 994 818 517 931 268 711 343 640 191 732 122 576 976 837 291 941 492 895 628 643 425 462 222 365 213 270 911 971 849 951
12 391 258 569 637 408 111 580 621 268 775 973 642 709 942 739 84 532 815 733 756 582 424 694 715 128 410 487 592 452 197 279 271 612 138 710 228 829 938 829
254 1000 236 23 55 476 269 334 19 682 523 926 112 71 934 949 629 957 46 430 212 537 743 149 535 898 207 163 412 3 219 83 526 784 241 970 902 898 953 546
58 748 65 955 908 417 64 303 601 956 518 714 866 639 703 130 198 413 372 479 106 394 447 703 895 732 444 674 478 612 865 988 226 781 866 148 110 708 548 305
726 139 663 825 502 873 1000 27 486 665 994 594 104 183 638 578 141 229 947 30 275 983 571 682 484 204 533 524 249 841 730 232 880 944 177 913 313 616 511 680
764 92 307 937 656 618 117 500 862 788 241 791 196 848 616 542 336 154 359 752 476 500 444 56 289 903 438 106 497 912 814 51 88 976 711 72 357 335 399 631
531 389 910 88 21 961 740 788 105 656 908 686 657 297 616 621 531 616 604 359 179 691 392 397 1 856 557 984 894 612 148 503 153 322 958 799 413 268 872 163
10623