40
7
781 69 834 899 258 205 24 102 790 499 232 69 573 3 721 519 758 846 799 678 497 432 622 481 857 923 294 26 959 442 794 876 811 228 546 430 521 350 713 786
403 956 329 532 60 740 336 205 788 656 339 406 876 342 909 75 572 248 719 348 311 197 581 868 585 499 122 77 523 267 305 682 501 536 549 719 947 131 873 656
904 731 420 64 191 390 610 791 132 187 849 492 261 59 606 743 63 605 662 412 370 577 157 957 940 672 223 17 247 518 226 629 358 415 656 784 719 514 180 423
80 831 881 480 90 165 86 3 429 607 428 889 884 433 470 835 904 756 167 159 849 589 864 753 595 141 436 691 315 833 358 274 663 773 646 308 639 692 583 705
635 865 411 252 836 972 53 919 162 134 277 400 669 563 610 646 266 332 959 636 820 660 539 448 416 8 843 661 621 425 678 433 229 496 813 572 767 969 906 190
107 715 859 396 102 133 89 675 987 800 315 986 510 513 23 137 671 542 474 797 241 341 873 967 969 777 105 397 288 883 487 513 302 936 543 966 244 394 535 633
149 703 573 991 284 801 937 249 562 587 331 207 508 537 590 141 287 164 918 551 997 475 767 341 16 775 993 919 763 776 301 836 979 19 12 975 782 124 445 147
602 503 665 660 872 500 870 413 496 444 841 945 177 435 54 519 431 333 973 834 75 217 411 423 970 366 201 66 164 674 643 297 305 99 251 852 494 115 781 467
9719