40
7
928 849 366 549 415 834 69 950 215 460 581 226 926 39 563 67 79 531 227 447 905 874 950 726 431 226 212 455 709 423 13 937 203 514 552 330 243 428 114 717
779 678 492 552 676 861 306 472 38 167 843 478 8 2 18 618 421 728 676 811 214 148 766 472 985 669 678 85 6 425 343 106 75 473 507 285 173 62 990 201
397 29 747 523 726 432 848 759 748 341 161 898 706 154 389 495 389 256 109 839 996 883 842 275 935 821 783 623 240 480 335 471 476 418 317 315 588 230 333 670
145 418 237 77 273 139 933 194 491 355 737 510 3 220 867 294 3 705 35 362 847 152 919 628 324 624 4 897 259 487 438 635 638 605 138 524 748 476 811 117
584 712 659 238 608 227 843 187 335 229 275 687 465 406 308 880 658 238 150 500 278 347 238 43 775 897 267 314 522 928 564 30 530 779 102 387 578 661 241 299
132 507 585 636 836 269 628 570 808 611 877 106 993 335 739 638 465 310 685 967 740 798 725 205 35 540 717 894 170 407 692 281 875 632 815 766 236 288 676 178
391 96 846 402 40 357 709 539 601 759 437 657 951 665 52 558 289 17 766 375 478 582 407 969 9 672 391 672 871 76 434 845 193 31 326 912 673 931 403 149
624 692 35 842 431 59 662 544 748 238 259 657 552 42 238 373 704 963 587 415 18 603 91 804 926 594 613 841 675 493 160 764 705 489 211 857 994 864 604 745
10858