40
7
410 36 855 31 884 455 241 966 257 860 824 723 336 196 189 389 920 365 443 199 148 428 419 109 919 178 64 747 440 55 563 62 467 546 452 427 615 116 459 505
548 873 343 954 304 173 111 124 794 191 535 592 579 254 574 853 809 279 245 583 618 472 995 597 255 457 515 353 863 374 358 476 738 283 687 311 807 461 935 500
10 469 160 6 106 422 800 697 95 960 222 867 281 125 115 78 359 294 218 397 464 475 553 364 255 503 92 293 896 253 925 158 215 993 561 662 890 712 745 255
376 533 762 515 699 133 732 127 242 628 762 682 199 280 210 956 45 818 327 43 989 689 531 68 153 894 750 943 429 734 300 94 796 639 136 522 665 367 493 54
252 624 242 657 956 381 497 556 925 718 742 335 273 832 39 51 270 744 922 253 329 909 491 821 37 928 872 982 50 147 120 795 577 858 425 285 690 900 647 664
318 124 924 447 808 254 127 564 203 772 662 594 980 283 905 122 336 331 36 762 48 930 765 784 504 699 49 95 301 208 634 535 352 394 526 481 707 459 558 70
767 10 366 750 238 631 57 42 859 170 794 95 831 396 55 988 627 968 922 593 780 383 597 76 330 661 349 198 191 270 203 143 747 284 904 770 921 186 527 825
966 415 449 94 105 325 282 41 284 497 823 230 357 578 815 836 248 285 264 266 661 589 981 146 535 684 525 552 164 275 130 731 710 853 959 685 863 534 242 852
9916