40
7
207 782 362 765 584 151 178 320 497 185 571 416 744 137 895 891 429 582 235 525 14 275 842 118 359 30 137 551 717 343 802 583 541 385 782 623 90 108 977 907
159 2 714 520 915 650 661 230 162 270 652 769 805 775 831 136 602 77 872 397 844 297 119 526 770 129 282 514 456 754 822 538 729 201 888 713 332 940 478 514
916 253 152 521 76 296 125 88 835 427 943 833 221 610 691 100 162 703 350 508 998 487 605 11 504 203 248 154 900 683 477 175 600 369 631 264 918 840 248 195
491 196 985 339 786 93 699 161 187 956 649 71 732 737 48 337 571 620 46 545 531 361 317 630 454 928 278 278 254 383 275 245 351 515 920 503 829 855 658 511
560 302 269 584 309 811 68 528 904 494 809 263 160 987 696 217 60 314 635 758 34 760 303 14 188 789 337 158 833 292 247 105 560 453 819 226 925 4 414 354
35 678 714 464 326 366 520 296 312 734 530 707 411 55 688 120 717 464 50 285 380 757 852 716 738 68 531 234 58 402 459 892 639 872 473 800 812 7 813 877
228 117 911 351 132 762 860 886 570 271 366 157 390 49 162 499 367 71 189 305 173 103 134 13 533 762 330 524 238 850 245 663 780 123 997 115 540 43 232 330
274 199 930 351 611 44 230 318 985 282 3 556 375 850 242 383 975 474 412 137 468 323 849 754 266 965 989 726 337 690 934 316 543 802 71 445 999 795 279 14
10098