40
7
226 589 768 939 707 599 216 76 287 335 266 112 441 844 522 40 423 997 322 104 252 901 586 708 120 260 814 591 387 676 524 785 941 93 411 511 835 873 937 672
471 122 246 464 110 509 154 740 133 341 662 459 477 861 286 973 174 241 688 481 322 504 971 423 573 955 115 932 505 351 101 543 747 548 592 933 142 635 305 302
584 291 321 211 303 690 897 692 566 202 447 349 909 114 689 110 218 470 786 23 228 498 988 992 929 304 916 285 295 145 715 804 749 65 780 641 816 127 912 517
231 970 87 174 511 819 484 6 300 578 254 815 917 346 662 34 800 320 640 515 994 268 592 433 563 775 949 606 590 66 862 468 97 309 698 578 84 407 888 927
521 504 843 614 831 725 304 131 11 726 713 616 430 548 805 299 911 282 670 328 279 504 938 912 696 898 315 742 506 198 527 427 426 186 762 581 278 751 498 232
873 898 680 421 130 570 381 331 921 488 326 834 636 24 995 227 700 103 263 955 453 479 873 816 973 249 630 678 326 156 703 98 901 270 109 446 79 238 963 537
798 753 208 779 273 477 551 221 913 213 88 885 368 318 530 420 219 792 771 638 231 437 84 29 53 568 544 413 83 172 446 545 995 583 308 858 43 729 653 304
233 227 285 512 351 270 443 561 67 451 79 765 393 30 249 977 94 891 974 951 36 917 144 227 634 441 990 659 195 521 338 300 443 591 285 777 765 531 951 162
9355