40
7
427 737 268 559 487 135 727 1000 670 633 473 770 186 694 378 390 677 482 449 773 986 122 891 375 479 652 470 339 70 643 724 552 761 8 798 801 637 374 37 751
72 564 769 644 237 314 565 398 830 96 535 713 625 307 339 710 422 141 491 590 451 562 624 747 566 829 362 730 771 21 650 684 244 89 622 477 329 305 822 401
737 719 609 295 828 583 213 762 82 787 374 972 449 340 341 603 657 56 837 489 886 647 952 440 167 353 227 972 777 153 723 872 707 903 53 637 843 186 857 679
958 408 442 534 951 799 254 902 85 387 601 779 593 751 330 618 537 131 344 823 842 564 655 354 139 860 753 485 450 766 290 473 996 66 467 906 788 80 151 236
840 870 356 735 62 414 285 444 513 484 116 456 474 817 637 772 86 360 884 678 273 785 351 433 365 572 873 414 596 145 320 49 36 225 920 294 411 249 297 379
939 542 580 262 617 747 13 885 733 412 857 2 25 505 443 383 716 987 173 855 652 741 560 479 526 815 621 864 108 746 13 288 288 306 979 650 893 598 121 486
936 299 998 315 96 475 297 529 806 724 103 906 689 123 598 233 498 228 467 963 782 857 554 421 108 610 971 541 873 656 407 839 574 332 47 542 279 937 239 990
617 779 625 108 925 71 589 426 379 918 692 113 760 895 322 840 208 604 909 780 157 860 978 664 526 247 471 894 601 138 43 826 603 773 369 85 576 492 290 779
10966