40
7
609 112 885 348 547 663 851 753 464 978 933 219 421 277 131 197 905 768 186 666 855 63 13 539 201 790 174 27 921 88 674 431 635 253 376 369 999 834 884 5
495 125 779 615 247 998 997 757 561 478 830 292 326 519 934 463 39 242 141 746 836 48 572 877 635 932 200 407 204 507 425 852 350 879 759 586 412 761 252 94
896 459 507 601 253 725 238 594 476 952 365 413 332 569 660 864 370 938 270 866 110 559 391 252 472 198 72 724 674 711 435 407 696 662 259 85 939 47 552 675
724 326 984 291 868 871 902 822 114 688 440 941 410 842 923 869 774 605 937 961 875 59 798 431 918 380 799 621 69 875 519 308 214 886 2 774 650 956 593 848
40 913 532 695 619 317 40 261 4 481 291 561 32 445 316 257 898 998 277 367 590 105 617 415 435 804 433 324 898 812 426 534 240 655 321 505 659 167 255 351
451 495 781 587 749 116 595 375 102 951 834 556 457 665 359 626 820 742 207 238 172 318 611 606 746 300 684 206 280 377 806 132 638 921 479 772 880 186 992 413
724 765 846 975 519 50 554 638 873 964 140 885 331 457 400 652 144 70 678 372 280 458 278 23 925 928 211 275 789 187 633 216 981 676 792 260 706 867 965 437
678 318 548 461 115 403 849 145 730 541 677 455 776 980 587 117 78 398 830 186 358 201 745 648 44 745 395 687 653 631 531 993 726 37 263 878 740 510 373 590
10310