40
7
12 690 85 954 779 26 517 593 848 858 376 214 732 263 891 644 627 417 129 108 638 51 484 502 954 653 572 899 236 706 974 176 25 368 149 439 310 359 495 499
21 105 554 673 917 988 616 278 906 406 438 394 885 50 338 420 60 794 590 188 343 96 789 909 411 787 19 625 210 938 682 986 67 885 51 770 878 181 511 82
846 360 881 866 472 332 245 264 702 904 466 877 514 286 316 230 546 174 969 452 733 41 789 274 921 622 210 387 673 489 211 416 680 147 520 937 989 351 693 372
331 293 84 508 355 674 768 283 96 103 185 830 52 41 283 959 57 192 40 725 585 147 449 503 291 54 8 165 395 159 733 470 369 108 327 623 225 429 665 771
758 317 708 493 20 912 467 813 262 744 896 534 845 71 208 170 865 950 173 989 165 937 225 203 172 820 594 342 507 109 20 512 402 249 267 857 65 114 675 511
986 525 392 814 57 828 361 368 937 464 173 986 16 874 849 740 465 823 929 310 839 516 452 871 252 2 604 469 265 972 929 777 339 532 610 711 750 595 888 969
107 823 697 755 513 950 988 535 527 386 409 270 431 493 510 391 109 692 851 508 757 888 663 400 823 463 252 769 667 130 17 911 197 27 20 726 317 238 983 972
33 437 939 720 26 820 689 875 578 250 877 901 844 411 617 69 609 423 654 379 658 457 377 730 580 412 181 548 209 436 332 564 864 571 957 145 981 910 599 292
10977