40
7
820 616 248 141 68 690 116 440 324 260 105 822 31 214 868 96 6 669 698 55 418 986 376 898 621 966 165 78 715 196 937 720 287 240 437 577 31 983 617 252
352 998 816 777 239 727 30 55 288 227 606 654 497 728 130 632 743 468 71 545 374 149 157 527 385 599 958 489 8 857 339 335 847 851 797 102 702 878 393 754
349 413 437 492 867 566 549 39 6 631 70 855 268 667 228 635 126 789 232 259 458 635 490 241 683 577 260 629 154 716 205 86 941 938 524 253 862 249 6 722
486 70 193 306 119 618 798 882 784 398 639 412 604 585 59 477 544 786 580 596 190 652 614 691 91 688 190 869 768 888 290 157 283 952 591 245 619 22 411 11
484 589 353 546 10 516 265 883 662 824 138 65 243 409 543 979 558 504 305 708 71 586 965 35 498 248 536 453 398 118 422 912 638 955 540 754 227 389 711 562
1000 707 372 463 187 999 292 347 829 875 860 754 786 960 772 471 290 941 770 382 998 344 120 593 623 259 977 144 270 18 747 143 869 560 226 273 577 67 788 189
588 153 891 918 388 704 787 973 788 440 431 65 796 258 825 198 158 1 759 595 616 238 143 832 597 88 976 594 40 729 243 828 360 795 722 664 803 919 965 460
413 340 406 949 44 915 566 865 764 436 428 454 768 460 810 932 344 282 870 115 57 799 814 845 857 798 4 864 798 58 360 275 45 616 385 933 565 789 247 331
10801