40
7
77 358 243 529 376 75 992 455 585 707 649 262 990 40 124 572 645 919 539 175 360 815 167 359 303 359 79 173 409 883 715 904 149 804 862 550 987 255 70 17
781 954 347 210 843 420 30 360 202 140 926 161 979 68 392 766 303 13 867 821 911 954 945 711 669 679 48 636 346 350 436 657 98 69 299 333 976 391 979 536
888 865 220 265 914 5 153 769 602 733 321 56 492 178 230 334 790 715 789 168 399 560 994 874 115 650 8 562 948 119 708 309 851 511 99 738 627 382 139 677
390 176 932 312 261 566 622 132 201 419 950 455 306 536 993 390 522 519 557 3 513 947 484 114 649 742 698 326 649 38 647 428 347 234 735 384 243 927 926 211
386 121 156 983 676 227 602 368 133 746 302 48 129 337 526 741 55 888 519 429 619 799 745 2 297 49 98 737 934 16 764 227 865 595 146 679 707 521 311 544
383 862 997 355 795 68 163 414 271 89 594 378 102 733 348 753 779 901 392 199 512 61 189 52 216 965 142 463 497 83 564 863 988 868 867 889 715 686 823 477
592 678 740 238 44 955 721 807 535 149 340 932 883 717 799 131 932 317 824 663 699 994 842 405 414 319 948 130 294 403 4 124 986 872 674 602 106 230 849 746
926 543 394 59 931 277 796 295 569 847 796 539 582 201 143 560 684 823 685 34 523 62 690 155 544 382 791 174 686 141 109 763 32 206 321 565 13 936 343 641
9381