40
7
909 90 593 357 24 524 988 733 588 120 109 218 32 937 899 784 548 624 895 770 859 601 814 662 540 844 564 376 716 916 686 394 783 709 428 142 261 946 693 420
133 180 132 556 427 916 529 836 507 25 743 920 850 568 521 531 732 861 993 587 452 145 696 765 787 270 983 662 46 598 254 464 431 717 979 664 924 229 209 386
615 617 408 851 312 177 47 399 184 727 672 206 555 186 959 305 774 126 351 199 59 407 336 295 86 658 318 439 470 940 879 308 196 130 682 759 181 708 800 369
203 696 878 654 664 466 179 839 378 426 468 497 820 669 286 731 763 43 213 345 537 299 66 25 618 657 721 182 260 296 726 751 590 569 482 638 954 939 442 338
390 871 271 668 529 223 395 748 141 458 396 188 126 919 220 259 268 915 622 20 583 704 363 48 128 952 439 650 228 648 686 190 871 658 317 435 686 784 864 657
608 126 168 432 270 467 280 90 700 736 853 825 488 823 281 133 532 142 514 464 686 844 970 862 469 961 98 90 998 890 823 467 123 284 88 136 934 8 752 923
106 932 525 663 682 409 831 184 109 341 137 283 21 611 368 847 363 308 507 68 901 817 306 363 334 931 75 369 72 944 605 472 924 413 425 360 722 236 709 512
277 984 271 417 760 163 657 902 753 888 841 579 449 448 744 608 485 721 329 352 328 535 968 362 482 116 514 83 848 843 794 187 561 279 730 918 214 304 752 357
10902