40
7
395 93 615 80 232 811 992 871 837 618 222 430 514 926 189 238 547 446 890 186 510 415 196 174 553 255 604 477 923 134 39 779 971 196 744 948 423 903 778 992
228 856 646 317 747 31 60 72 43 422 188 869 387 413 181 218 313 933 74 49 895 39 434 569 829 991 87 727 244 753 660 698 655 33 302 493 382 493 527 684
492 584 164 215 840 903 935 469 728 507 429 808 757 90 303 194 775 460 446 598 98 496 66 901 315 760 779 451 693 288 978 693 96 287 963 417 727 640 930 179
619 181 975 671 557 990 106 707 299 508 37 467 429 464 52 284 678 133 682 329 156 906 939 999 587 797 387 933 526 45 350 788 874 737 991 270 224 938 80 861
608 960 855 623 934 102 163 643 28 673 672 796 784 45 967 86 273 365 434 944 360 261 37 183 111 958 315 579 633 160 15 231 327 147 551 817 997 655 13 5
168 445 358 526 539 145 816 504 97 736 931 766 430 110 938 617 570 60 824 810 858 336 51 853 581 987 486 673 66 23 422 460 602 101 148 438 750 674 801 190
992 510 227 98 955 997 851 82 249 833 366 432 217 1 229 25 21 643 198 114 4 314 744 254 687 837 844 611 258 912 101 797 872 124 485 90 522 874 641 216
395 915 639 455 206 280 932 178 312 782 543 81 796 646 704 104 352 659 642 948 591 209 988 933 814 603 805 191 365 223 551 987 875 824 225 145 754 188 307 39
10593