40
7
948 541 804 453 363 285 294 828 871 190 946 213 513 65 944 286 130 730 321 660 844 904 329 177 494 820 231 568 143 678 97 762 74 72 489 110 287 358 888 364
345 784 840 178 436 831 602 260 953 532 701 992 130 323 693 660 744 699 180 918 940 485 353 181 728 406 900 984 460 129 623 911 133 313 432 36 115 797 254 83
418 649 414 594 489 120 784 891 815 818 15 873 226 527 49 528 700 628 959 201 115 422 516 135 161 701 45 435 967 135 831 476 692 176 536 290 630 912 102 776
808 420 270 33 75 931 469 824 63 93 152 8 505 769 446 843 599 2 586 18 2 583 215 117 361 90 993 695 746 203 580 940 460 498 159 234 915 4 689 465
991 407 948 513 771 579 412 970 837 848 424 353 387 582 504 562 967 234 989 281 296 103 888 85 416 869 693 397 431 723 258 464 102 168 666 570 467 150 473 131
787 552 977 303 482 609 634 153 752 631 239 602 907 135 519 728 532 433 675 590 756 651 409 704 920 683 465 803 142 972 275 691 618 932 598 41 286 98 812 146
371 297 157 321 503 82 232 644 354 584 958 181 670 19 868 826 963 689 43 717 700 378 153 28 43 560 938 392 637 918 378 150 637 755 868 476 845 90 834 655
629 495 621 857 596 518 289 307 332 972 44 694 867 246 728 937 636 54 635 209 377 919 925 881 414 773 728 61 884 63 120 508 692 982 607 142 312 664 969 81
10884