40
7
872 420 95 274 314 32 857 498 46 669 824 509 722 642 841 245 134 106 317 875 97 47 435 105 465 350 704 793 70 796 1000 698 641 965 451 89 717 640 524 916
943 344 55 698 269 171 894 313 729 568 809 864 770 529 642 246 570 268 856 18 593 405 860 724 651 546 445 70 348 910 86 15 348 946 207 136 936 260 587 600
489 605 145 343 509 596 706 172 40 117 741 850 735 739 284 344 834 191 106 911 82 251 36 410 348 113 269 888 517 126 332 595 41 473 989 679 904 104 62 789
290 668 329 255 965 546 844 600 848 19 827 689 628 145 351 670 804 500 441 839 57 878 841 711 284 42 543 871 781 337 56 945 65 545 275 801 395 613 332 678
420 97 441 480 697 675 127 995 723 972 838 998 422 153 655 881 635 872 337 74 304 901 955 379 125 157 778 774 357 579 587 334 238 758 119 944 691 461 285 401
636 163 145 802 447 722 937 568 816 153 917 813 97 449 462 193 786 939 171 923 749 242 745 44 57 469 428 933 441 132 715 288 625 453 840 516 374 118 22 896
855 411 484 298 834 596 923 113 912 183 644 526 400 130 440 370 353 1 392 22 241 64 798 136 234 171 700 909 568 283 80 814 890 560 159 192 721 847 103 317
165 890 120 69 245 295 989 352 82 152 273 543 952 270 876 508 510 739 996 129 438 99 694 170 345 395 230 724 413 825 435 788 909 486 64 734 927 974 855 934
10297