40
7
126 239 326 432 644 938 744 947 895 336 145 167 447 394 406 902 965 610 94 114 344 698 412 614 441 581 736 748 387 707 445 182 199 303 58 457 291 670 610 287
924 695 235 6 922 441 323 486 78 205 401 968 632 559 723 3 173 264 645 264 946 987 37 433 79 444 878 581 992 351 261 86 85 35 960 774 645 941 67 297
526 266 60 277 153 565 33 610 818 20 472 12 783 242 570 205 912 233 325 793 531 139 671 75 107 435 425 12 207 974 300 129 12 69 391 273 649 687 897 410
984 214 22 935 304 415 691 868 484 952 711 963 443 774 817 765 846 505 696 55 919 21 838 790 617 315 367 630 587 720 965 513 40 576 595 45 370 158 765 806
253 117 177 508 904 345 648 267 269 588 910 508 210 835 589 884 972 727 117 478 595 812 559 997 291 917 102 111 199 678 1 410 654 30 101 623 482 1000 476 412
981 748 743 600 232 22 151 484 533 163 377 677 834 867 44 236 596 36 698 857 784 235 176 235 245 533 180 506 517 42 140 667 673 953 5 623 843 945 824 81
494 109 425 916 917 111 292 77 240 194 800 321 820 775 742 707 334 674 372 186 598 991 429 299 768 822 447 928 751 191 190 892 135 445 926 416 428 641 456 781
332 35 342 817 541 684 240 697 265 159 963 130 307 308 343 208 640 542 574 931 83 547 117 771 968 812 335 923 10 780 277 846 823 926 300 56 867 941 16 725
10091