40
7
224 206 415 446 924 620 686 518 752 767 45 648 143 781 395 404 299 441 39 365 856 279 819 159 692 985 618 31 180 855 742 525 93 927 217 727 549 746 814 562
926 547 667 707 223 852 138 349 414 318 544 835 6 437 621 518 936 974 653 915 426 825 560 338 667 899 659 3 324 704 913 897 427 148 504 908 909 923 479 181
647 347 121 50 179 473 66 360 108 876 180 737 6 453 159 240 662 261 997 532 550 12 183 675 715 549 684 838 284 713 731 652 870 582 843 791 728 694 648 155
528 534 719 335 882 980 380 802 802 410 327 849 991 695 839 225 680 694 631 272 815 764 305 725 493 394 132 902 376 131 989 340 345 408 853 866 718 11 861 606
481 436 332 954 814 641 396 221 127 716 833 688 232 777 164 267 778 610 722 104 742 517 435 749 206 405 965 150 941 587 426 740 548 633 433 956 930 320 192 606
557 629 242 240 504 44 860 582 809 565 715 363 126 505 965 862 425 613 959 798 971 415 98 854 826 216 84 689 934 926 212 871 826 960 643 378 522 94 206 384
758 824 922 678 486 892 215 845 337 625 498 679 947 623 469 586 769 175 677 48 66 540 982 323 779 82 960 722 173 953 564 453 34 421 896 987 979 497 443 482
884 739 242 630 785 714 603 747 319 744 862 267 913 718 74 198 26 298 816 495 765 992 681 417 325 495 445 628 42 841 318 855 710 713 99 33 483 545 378 875
10857