40
7
37 807 120 709 172 530 378 475 563 944 682 154 221 605 881 387 743 493 307 196 695 315 926 817 531 915 5 312 976 793 171 19 868 932 790 238 616 421 638 343
14 87 211 903 728 847 889 1000 947 274 364 18 466 983 640 258 806 991 895 44 682 618 9 751 178 193 785 414 578 692 20 612 277 452 93 483 95 501 453 362
810 367 248 997 721 699 700 623 683 770 904 772 776 625 616 58 422 550 845 232 651 314 629 230 240 350 600 47 325 279 74 434 17 1 143 146 863 577 754 490
682 90 202 516 910 724 691 332 331 670 637 310 538 465 324 526 226 166 180 357 635 84 703 1000 742 396 688 195 799 690 708 326 948 18 460 362 857 757 842 294
718 788 410 297 314 103 355 429 409 117 763 330 588 29 141 100 40 490 290 379 947 40 225 275 36 315 634 202 994 10 981 466 804 397 754 74 525 733 609 65
432 602 690 85 372 206 174 585 448 911 737 297 125 583 379 318 501 299 823 773 140 615 155 959 865 604 9 226 936 688 464 161 685 482 817 759 269 450 831 948
416 310 258 819 177 170 845 122 294 943 546 520 614 628 43 605 666 346 759 383 57 343 315 453 861 518 172 38 741 868 138 385 781 740 245 710 337 403 86 729
457 847 957 808 295 239 704 901 375 650 150 471 654 570 932 231 571 29 826 901 351 927 901 633 164 178 215 50 940 489 140 811 450 551 123 381 494 289 335 472
10231