40
7
25 244 912 349 297 350 800 486 245 985 943 323 999 492 564 58 817 203 129 302 160 430 586 763 605 286 240 383 970 943 569 155 441 948 110 374 931 425 448 754
187 731 772 549 162 428 673 527 776 676 768 901 966 201 894 430 466 433 547 751 104 334 710 804 949 889 18 593 336 18 63 476 949 823 970 600 987 234 511 469
545 606 884 415 632 699 434 222 661 738 903 782 918 63 714 292 26 273 117 202 532 772 885 624 825 180 236 543 849 962 479 779 782 588 56 355 543 576 331 545
6 658 273 41 582 2 849 182 54 49 56 617 590 950 239 33 686 662 270 446 590 958 960 894 607 567 905 748 714 656 972 480 933 93 867 615 968 569 233 469
382 827 128 694 87 257 825 974 242 844 612 412 165 850 114 503 919 439 283 32 46 623 68 833 390 20 966 755 289 180 245 273 254 944 904 548 154 18 35 601
973 706 376 374 154 835 198 516 840 55 448 678 295 559 259 758 39 455 527 833 756 174 591 291 514 502 337 134 427 143 205 532 714 822 733 554 785 550 980 238
189 734 707 293 863 422 355 393 474 827 26 928 18 982 713 29 660 717 756 55 906 956 584 13 812 528 702 735 497 658 345 116 136 481 386 339 882 396 915 882
595 799 223 966 581 640 126 825 546 269 323 46 862 876 523 852 297 664 471 44 71 754 918 68 200 349 250 328 457 754 134 292 923 19 615 33 2 546 478 603
9161