40
7
113 919 124 524 704 877 826 533 973 201 599 7 220 91 639 515 380 750 684 299 733 162 186 924 603 621 791 58 340 683 323 11 19 825 250 19 741 310 517 930
163 529 781 165 447 119 191 287 363 471 775 718 227 337 607 791 211 234 102 304 702 681 554 975 986 845 562 511 121 548 480 666 196 970 363 120 164 609 778 219
630 714 204 375 297 625 308 602 437 147 480 376 658 279 367 641 859 697 769 375 909 915 456 311 14 585 107 905 562 205 667 245 561 1 659 877 121 591 933 977
968 647 879 992 528 147 171 723 457 115 43 798 557 888 790 864 893 64 872 895 105 89 592 316 50 968 930 883 424 686 883 615 901 606 587 193 48 510 834 619
362 813 112 798 667 935 40 761 758 294 155 912 626 65 917 8 581 817 516 375 713 166 822 561 663 315 588 971 528 891 777 728 645 811 28 394 501 72 88 469
550 971 604 406 822 567 469 385 581 98 341 330 512 312 424 329 171 730 887 73 516 82 926 673 59 795 55 763 983 501 759 253 862 984 986 625 249 718 247 977
258 465 995 363 441 930 675 741 369 862 252 853 366 213 840 809 287 84 860 917 453 352 39 59 91 844 704 472 769 507 10 908 745 478 201 367 120 988 262 95
190 843 363 331 782 756 977 364 45 177 857 458 269 512 38 843 719 910 3 102 55 875 463 387 447 665 707 648 236 276 581 877 547 215 89 403 234 150 334 741
9235