40
7
69 548 3 268 892 827 217 710 726 539 953 60 427 698 336 63 75 138 117 298 495 104 883 54 586 80 221 546 869 655 894 164 872 337 546 377 211 960 56 832
64 786 700 968 877 151 145 328 20 149 249 163 711 190 206 71 585 59 76 998 862 525 359 379 609 917 659 493 891 754 764 432 660 452 294 559 968 412 411 799
434 81 488 991 154 858 782 382 68 431 314 749 729 960 184 277 356 285 830 538 261 221 873 286 432 208 721 711 705 589 844 75 133 279 388 896 138 594 631 832
204 399 722 25 101 665 832 802 613 849 524 826 953 505 584 36 900 273 453 687 245 315 772 645 727 206 621 579 993 822 760 450 327 332 61 373 837 378 76 50
909 83 75 456 973 369 328 443 19 742 706 89 703 287 757 597 701 628 959 73 895 245 993 681 781 672 146 181 443 303 458 70 110 333 320 764 166 328 900 826
9 634 373 786 705 598 279 422 741 936 484 444 151 548 218 680 404 876 34 264 470 271 839 655 374 752 819 419 473 987 65 21 218 30 791 122 409 83 30 575
169 988 929 68 404 128 555 788 109 75 179 521 114 603 776 508 644 455 842 565 129 996 932 679 626 124 976 217 329 757 911 465 355 663 351 286 311 457 294 415
75 514 399 588 565 338 417 378 684 435 600 888 136 758 961 22 86 273 482 872 761 977 517 555 948 276 755 298 629 860 84 987 80 548 547 838 546 519 671 907
10887