40
7
517 943 725 66 853 191 936 756 684 467 600 428 913 991 620 377 310 92 229 415 739 640 487 251 173 420 561 893 835 578 720 664 827 1 259 387 117 580 371 852
579 448 195 236 973 540 311 116 769 847 450 711 628 389 494 611 621 622 657 470 511 934 70 706 384 657 276 449 755 925 899 533 555 365 755 884 250 196 170 339
355 454 941 960 832 324 963 834 818 217 448 325 423 734 269 582 245 536 975 279 257 657 83 414 900 90 947 949 181 926 754 931 823 200 950 961 732 606 245 975
832 971 637 307 776 294 411 540 784 730 981 419 217 936 104 674 957 43 820 386 316 495 53 684 630 215 359 889 131 769 483 85 42 304 58 670 315 979 868 503
371 572 130 244 107 195 908 584 221 552 196 450 863 760 822 516 817 337 293 314 392 351 990 323 304 380 588 775 776 83 825 376 113 780 837 105 482 159 373 36
10 304 4 812 845 537 59 399 310 213 715 770 839 350 704 41 671 702 624 447 77 248 961 424 645 243 249 701 652 564 9 637 894 285 847 186 396 816 342 235
99 161 55 706 876 235 394 645 101 832 227 345 62 729 522 725 746 529 310 510 780 124 246 74 608 789 330 180 386 714 271 59 677 49 925 574 678 574 849 663
22 675 944 929 728 540 158 638 999 82 398 67 373 718 919 398 689 227 109 374 827 255 434 839 460 66 405 359 282 725 900 267 116 943 722 444 717 192 434 314
9844