40
7
231 978 452 373 701 107 831 6 763 148 705 773 886 427 105 811 83 829 27 153 713 559 628 830 900 113 172 985 361 356 579 674 820 371 861 574 899 616 209 299
877 48 864 846 860 908 714 530 363 338 831 179 333 936 223 543 817 94 371 115 129 817 271 333 420 795 141 345 241 440 448 431 314 22 226 568 418 752 706 543
874 483 78 597 335 751 613 896 313 179 401 547 544 553 39 106 350 524 952 780 505 889 333 957 934 819 867 234 964 822 435 514 4 211 718 555 720 16 620 743
828 727 159 855 646 425 906 273 1 851 858 853 581 334 516 131 156 260 442 132 463 505 581 283 930 777 731 919 714 906 672 764 48 321 469 295 363 302 527 173
301 973 584 482 55 367 992 142 31 158 75 638 445 385 434 95 764 734 380 998 885 83 117 225 14 936 429 326 100 495 549 884 318 455 611 596 156 892 530 628
403 971 54 138 382 59 690 590 344 115 488 978 421 175 894 131 121 327 842 378 404 721 425 535 132 605 703 761 612 383 421 171 13 666 701 853 461 435 200 665
976 391 862 347 644 116 383 6 993 430 642 133 938 910 141 988 495 48 542 863 200 481 874 641 814 650 548 523 673 658 44 668 227 562 128 272 226 727 808 129
849 604 331 89 454 113 321 450 280 670 651 699 127 880 14 846 4 664 462 456 351 283 945 159 670 788 87 170 976 240 687 392 207 406 967 267 500 259 340 785
9222