40
7
715 557 643 459 622 408 314 587 211 642 620 8 322 593 294 292 892 242 89 719 213 938 612 375 791 2 189 376 318 687 294 319 908 405 744 427 403 443 962 573
890 876 799 822 277 745 371 462 738 271 999 878 145 694 405 146 33 34 702 875 153 290 809 890 226 914 25 573 594 492 530 550 615 737 42 887 621 859 393 217
663 123 463 621 346 455 150 142 755 71 836 461 225 214 885 537 222 973 843 611 609 465 818 467 216 957 377 253 126 456 764 539 920 391 75 834 83 555 260 786
148 786 262 167 138 473 715 606 601 836 694 698 71 37 463 139 30 42 182 642 55 212 521 806 77 787 208 462 747 559 603 524 932 188 550 620 115 722 776 266
675 361 302 162 631 485 440 542 715 217 835 49 936 635 806 520 933 89 55 822 502 843 18 458 391 484 540 766 669 366 72 329 202 236 263 477 502 83 861 804
655 206 595 527 691 191 48 200 735 763 562 427 578 867 716 30 983 691 586 456 460 113 341 495 368 585 258 407 264 682 908 257 253 897 337 128 80 308 799 577
88 953 588 490 475 707 460 126 550 247 431 28 866 76 117 360 780 663 561 751 905 388 280 585 510 196 926 798 358 495 212 907 366 393 397 927 176 46 806 595
604 368 79 30 697 870 805 911 825 471 76 814 726 717 530 876 196 940 808 743 140 96 594 25 18 907 280 364 56 292 565 361 630 885 664 250 404 645 275 127
9832