40
7
280 179 463 372 65 664 717 615 596 688 254 963 540 501 522 234 764 683 526 596 686 676 783 623 910 96 183 263 776 644 241 605 764 780 492 688 434 78 610 516
92 331 562 164 946 373 466 45 701 683 157 627 493 376 857 753 882 676 78 211 429 577 904 881 901 807 409 620 284 861 668 101 444 375 516 907 1000 767 472 577
988 962 823 457 249 930 20 551 659 934 591 941 973 656 623 228 679 43 111 271 231 844 801 934 456 656 951 773 367 144 175 781 132 910 542 128 235 55 752 91
313 166 798 725 133 161 825 925 868 782 485 23 969 213 451 793 727 257 887 657 818 468 84 125 911 282 100 818 175 11 475 210 943 351 862 566 769 63 122 91
172 691 401 468 340 961 159 282 8 139 261 904 640 302 531 123 607 633 617 300 287 467 246 65 716 297 553 621 656 419 976 19 926 383 588 987 526 421 476 565
304 259 510 550 189 788 84 892 609 365 343 71 663 837 692 905 974 425 37 992 434 768 163 815 798 248 126 497 508 559 349 539 387 693 416 481 257 160 181 365
309 198 860 898 944 270 4 883 817 352 646 668 216 50 860 121 353 880 722 962 650 706 56 34 727 268 284 364 464 853 821 544 285 786 685 843 301 879 905 424
119 3 644 534 168 956 250 178 777 197 108 244 358 47 730 860 538 203 742 373 18 860 157 401 753 152 682 876 859 605 885 491 570 297 290 721 334 178 665 954
9389