40
7
924 925 855 320 112 881 389 299 730 507 50 742 436 977 60 704 910 12 384 759 718 336 932 999 808 846 703 930 109 411 384 629 471 299 603 417 69 561 754 195
944 630 235 129 152 141 56 133 159 748 577 436 283 332 968 768 514 658 57 603 795 594 818 741 147 457 62 214 581 629 684 870 697 388 799 747 249 746 649 869
454 420 479 245 246 852 70 398 881 862 276 238 80 175 352 874 963 383 288 83 178 28 550 728 544 913 173 23 647 827 408 183 540 254 917 217 586 776 73 398
459 705 200 394 423 776 693 218 950 432 47 927 920 354 381 746 401 450 83 376 526 653 121 309 721 809 880 117 112 950 632 550 386 32 82 123 937 489 362 186
816 390 309 88 538 470 112 785 760 265 855 444 594 775 684 695 693 919 309 778 541 952 86 575 352 969 808 765 585 723 243 329 214 306 374 263 128 434 641 285
961 656 24 93 464 515 284 600 342 503 99 986 304 88 439 740 952 947 662 939 14 998 823 217 348 524 370 895 68 663 312 738 390 468 741 695 436 111 632 978
697 322 665 863 693 649 298 677 379 668 461 683 951 957 230 366 833 970 445 562 350 971 510 460 571 479 140 397 91 784 104 943 792 64 702 183 195 720 941 651
919 30 634 663 767 8 716 741 341 540 838 533 582 917 523 193 736 315 921 945 764 166 710 371 102 73 407 32 923 411 501 531 486 541 629 631 842 634 850 780
11123