40
7
547 610 780 655 335 634 545 842 777 599 591 361 701 701 115 205 128 145 313 485 65 663 863 73 275 689 166 601 609 719 256 216 802 545 157 335 212 249 88 355
537 95 986 515 162 716 701 92 734 709 860 53 804 986 622 172 472 695 288 42 735 31 666 111 325 187 922 370 541 639 478 830 947 689 892 953 336 654 43 828
160 971 700 226 940 344 465 679 262 169 452 943 671 41 310 799 754 17 486 28 421 560 473 388 166 405 700 923 34 172 962 349 621 209 366 387 935 153 580 981
980 152 903 200 13 732 25 248 695 347 881 655 569 370 219 716 830 296 709 42 832 962 455 807 860 859 229 756 958 149 193 607 610 259 639 602 571 771 374 297
985 442 240 20 996 866 520 605 902 605 599 726 710 668 119 719 61 328 213 498 443 284 511 252 138 333 548 781 148 16 893 457 563 866 736 969 237 923 763 88
877 681 624 673 103 419 276 870 987 739 60 260 249 174 715 822 429 34 168 770 365 48 456 745 685 937 384 257 599 911 331 343 669 861 744 315 626 878 535 67
596 632 945 768 648 478 538 569 419 447 259 629 257 612 106 890 522 137 530 987 851 58 545 465 204 877 307 60 142 213 215 65 586 301 82 842 569 393 613 502
758 116 672 368 493 211 750 675 596 95 307 736 692 244 689 340 90 873 915 941 308 808 748 867 416 879 553 270 165 121 767 877 656 915 553 551 652 318 467 107
10780