40
7
606 124 295 440 346 338 980 841 384 798 638 230 168 680 48 155 518 575 146 382 724 24 990 125 690 462 801 387 315 912 628 595 72 970 866 17 871 600 799 170
575 893 793 141 252 389 161 529 686 411 779 136 942 223 409 155 688 693 947 386 547 119 651 781 708 780 989 521 743 635 402 99 528 958 532 310 861 823 536 467
402 204 572 237 481 306 864 902 226 978 238 153 203 451 998 51 367 988 267 715 702 571 182 925 483 521 161 427 127 667 507 794 607 786 2 876 775 946 712 546
350 321 978 931 67 206 513 532 271 740 257 515 433 382 903 56 196 661 444 75 698 322 966 578 971 253 300 492 365 498 19 868 818 999 817 38 457 830 111 908
677 787 37 356 908 100 720 75 735 89 731 595 591 197 303 149 738 822 7 86 836 608 239 808 910 940 300 67 811 973 203 771 10 618 964 467 827 897 352 425
498 943 63 21 765 803 165 647 170 324 113 98 807 764 54 625 646 316 723 819 99 908 421 593 553 125 741 637 627 280 447 789 266 813 808 609 947 998 174 205
83 986 15 845 49 649 556 1 31 742 465 460 51 598 729 159 114 541 850 782 523 496 970 512 463 480 571 236 973 443 767 13 127 2 27 588 79 556 757 499
397 315 621 747 798 130 137 806 265 542 35 667 680 933 670 613 382 577 590 942 388 63 661 493 987 956 926 611 693 841 759 305 723 422 416 242 178 819 973 584
11444