40
7
492 55 460 779 468 697 943 833 703 876 170 366 426 655 469 261 264 204 450 476 465 96 772 853 632 811 168 120 227 48 436 853 180 316 74 97 14 853 988 562
647 913 143 395 734 892 803 537 743 258 584 843 347 679 946 14 835 969 531 70 342 470 202 340 990 584 529 345 548 742 396 634 478 289 713 98 686 568 926 785
268 639 530 983 688 860 489 680 591 360 688 64 420 669 999 376 568 550 142 189 949 383 886 566 678 953 192 588 35 419 179 955 105 115 120 495 903 735 207 371
987 200 259 565 60 37 467 683 848 447 448 902 471 124 950 972 677 497 123 229 465 369 880 648 245 146 349 175 609 902 65 813 955 173 693 733 355 779 259 595
530 130 828 257 723 822 397 944 730 448 995 410 80 952 954 5 876 173 323 258 499 18 783 505 789 997 958 604 724 145 401 448 951 451 45 372 64 365 869 824
261 168 33 17 504 226 761 500 238 981 700 585 465 583 454 485 643 492 990 380 929 389 961 744 329 385 277 390 535 635 860 295 18 586 500 902 681 780 592 197
959 721 118 552 964 378 798 647 496 143 68 779 40 21 746 909 702 895 694 714 713 377 690 492 876 356 577 954 528 586 845 429 248 973 420 889 547 734 229 972
634 119 500 33 56 852 406 604 375 964 210 790 807 187 907 327 98 657 748 96 397 409 725 341 580 308 982 907 522 513 724 784 840 498 805 513 86 12 882 87
10143