40
7
615 45 157 704 459 573 712 839 358 983 863 292 387 238 723 327 738 701 339 331 64 848 117 751 990 849 642 747 999 981 737 348 361 973 209 246 294 225 71 777
283 68 445 605 211 505 305 634 572 453 822 744 661 2 456 245 912 283 688 574 465 260 693 294 22 73 772 441 470 452 760 696 34 570 283 756 11 108 854 769
373 937 634 280 657 620 895 469 611 431 158 318 407 50 928 633 47 901 657 282 410 361 70 312 827 164 498 266 177 727 997 739 497 79 246 670 45 716 199 152
998 413 60 744 782 617 878 218 734 61 36 834 71 872 42 596 42 923 613 948 548 278 947 332 264 9 644 630 462 997 929 824 499 58 199 340 51 863 468 502
156 800 883 594 971 983 618 71 650 515 616 529 47 605 738 420 158 719 506 547 177 281 996 866 272 631 201 189 18 179 907 373 546 127 676 977 796 85 468 148
970 210 14 512 370 227 333 793 878 389 738 383 649 830 84 729 552 827 283 993 503 22 420 292 106 149 822 812 889 42 745 586 626 575 849 274 341 979 800 173
379 5 385 276 905 28 177 316 137 339 563 219 851 624 574 431 803 242 198 711 52 942 629 208 860 926 377 146 569 131 7 207 829 642 498 42 250 711 829 587
146 962 790 731 986 166 441 175 680 60 67 521 521 317 66 42 697 255 42 210 161 320 439 123 955 9 973 148 637 747 239 824 996 653 594 881 990 722 663 196
9573