40
7
783 102 997 658 456 818 395 178 330 15 250 700 599 216 41 217 480 958 103 104 639 852 560 695 869 480 779 923 988 223 485 824 96 8 183 686 678 781 816 175
223 566 898 174 2 251 926 47 886 280 350 536 16 958 20 285 438 406 69 267 929 684 389 111 334 109 511 663 227 927 511 759 736 217 472 667 107 538 388 653
452 37 372 213 923 36 240 180 863 977 552 794 36 503 3 215 513 455 889 536 44 452 637 885 583 566 868 237 103 87 750 934 434 461 776 403 319 797 59 78
694 552 510 288 524 272 341 212 218 228 600 633 273 401 699 974 140 949 801 24 764 824 323 179 569 111 895 752 650 113 112 718 869 516 718 881 986 430 61 988
143 347 5 721 559 51 942 65 408 811 839 161 532 365 976 845 807 900 41 536 175 10 9 725 242 351 502 947 633 499 83 833 575 385 511 544 284 471 148 965
549 41 725 674 212 38 188 473 264 318 414 639 734 630 431 518 410 295 175 716 900 760 913 525 775 129 342 401 161 98 423 267 312 224 26 958 797 885 62 167
193 813 361 328 791 48 163 140 643 385 701 263 282 824 610 623 104 229 265 983 914 631 188 207 869 643 161 635 481 368 705 446 681 538 999 737 513 804 659 773
842 90 36 781 56 802 130 526 761 376 607 843 829 437 808 280 153 415 640 212 863 269 441 866 580 773 201 994 10 797 232 344 619 385 460 671 634 563 743 500
10285