40
7
170 830 417 94 192 435 620 619 164 357 564 99 326 332 362 392 629 991 367 278 68 904 602 504 776 901 41 29 488 593 612 725 521 808 281 184 350 544 738 908
849 17 584 887 553 683 639 570 210 796 795 60 787 221 979 100 938 820 995 138 192 687 30 565 585 821 630 766 177 732 192 803 416 992 743 715 754 59 635 247
271 925 23 792 316 947 348 472 656 897 662 590 352 441 920 250 164 146 693 414 293 49 709 631 191 43 549 154 527 799 515 466 349 111 126 871 608 565 485 824
316 255 744 412 872 906 390 572 456 954 609 249 985 722 573 183 859 497 853 396 166 365 121 151 883 415 574 904 496 904 477 905 383 280 111 517 453 296 94 439
889 730 50 942 934 734 895 343 590 470 890 958 394 142 748 792 159 903 751 203 912 182 646 973 900 52 958 735 478 22 845 738 749 786 827 504 51 375 40 141
372 786 116 634 578 547 526 45 669 340 657 508 200 805 64 92 506 425 183 690 469 530 531 833 321 403 674 132 446 484 373 803 583 810 455 143 512 840 968 176
868 402 954 434 768 306 554 567 887 637 307 193 746 890 338 983 830 459 285 589 981 892 482 315 894 268 237 891 197 378 661 220 218 306 623 888 320 599 791 566
486 862 828 827 577 65 772 724 461 340 127 493 59 130 312 760 726 677 619 748 810 79 741 865 631 918 4 853 559 985 83 315 453 907 305 206 647 291 632 120
10499