40
7
125 65 615 579 853 387 813 234 637 258 9 20 498 351 162 798 223 244 742 422 773 899 42 801 518 443 849 934 457 855 147 659 577 14 582 25 998 805 79 896
942 923 580 802 324 198 410 909 228 605 402 41 330 735 308 15 74 584 520 129 557 612 390 789 34 248 255 81 446 873 156 427 785 265 343 601 580 562 841 667
969 352 601 397 92 103 302 702 883 141 910 646 53 255 219 171 247 448 452 278 60 678 747 542 98 593 884 674 298 933 592 706 439 615 950 503 870 807 470 387
996 313 359 248 570 885 248 6 465 69 951 201 736 476 142 70 272 960 249 811 815 230 421 901 769 922 401 541 549 527 140 649 768 488 884 793 356 159 479 766
346 605 259 795 486 524 303 377 677 99 736 383 171 658 704 858 399 865 769 544 783 754 673 884 376 614 240 224 829 11 178 277 83 552 254 784 67 887 92 358
322 104 481 8 908 352 143 835 657 395 709 116 957 389 810 98 633 899 408 843 949 865 292 438 387 44 211 514 438 966 48 234 785 878 343 444 107 729 471 905
994 635 750 746 789 939 128 837 502 846 837 389 205 468 354 444 394 431 281 72 887 905 898 920 284 110 103 158 9 554 591 637 787 902 762 202 305 16 276 282
251 626 257 787 865 250 280 985 921 750 929 620 425 642 997 173 272 79 889 416 991 762 773 891 372 398 523 353 648 39 468 24 471 12 535 610 448 509 111 478
10415