40
7
42 238 100 425 282 380 179 868 302 86 531 47 572 601 278 246 272 926 293 901 164 234 730 245 587 880 228 968 254 673 692 978 239 584 287 314 403 233 250 870
984 3 287 216 680 861 906 744 294 136 727 205 572 786 157 987 955 302 610 830 366 677 520 75 176 101 212 426 342 575 931 271 265 452 983 538 771 493 230 821
689 465 189 585 277 121 559 541 496 733 61 33 273 901 357 168 348 535 632 427 230 54 361 68 325 635 642 32 494 13 144 293 752 891 992 324 597 901 678 352
814 12 67 754 245 642 164 108 305 830 336 85 662 539 427 358 89 966 187 149 252 229 578 165 797 53 80 319 293 678 777 358 171 569 986 220 643 923 444 464
80 513 575 107 215 31 230 486 89 585 147 826 599 9 668 170 943 203 549 264 410 292 98 382 629 47 431 245 251 766 930 593 662 821 115 918 15 978 201 30
156 630 325 169 338 80 736 228 931 321 16 156 86 902 143 324 497 284 523 928 818 834 779 819 7 927 987 818 65 419 223 44 538 215 904 613 256 259 17 611
199 446 722 308 943 191 145 140 233 534 704 648 839 147 11 837 266 703 153 285 800 641 198 497 602 35 247 631 909 389 280 619 555 733 668 340 94 403 48 736
388 133 92 996 555 544 51 57 939 348 130 333 754 997 553 230 48 59 372 634 428 696 116 927 946 450 66 475 850 537 829 205 851 347 374 254 665 192 878 780
9540