40
7
971 59 989 684 425 20 637 921 774 882 478 348 628 127 774 650 631 697 487 878 477 20 69 756 206 666 629 226 483 918 927 245 863 294 991 35 262 165 306 818
280 877 510 761 971 790 283 335 854 582 919 461 604 899 153 459 994 586 10 878 972 938 479 885 588 190 392 367 388 563 572 459 92 979 370 811 510 598 800 221
494 585 83 930 492 112 471 921 275 23 112 36 197 165 452 738 202 503 234 113 675 474 604 444 176 898 480 793 768 153 829 617 669 352 824 54 952 394 267 883
245 312 249 579 156 278 919 904 191 548 210 340 235 832 203 378 516 399 839 391 352 875 710 995 856 685 76 41 798 26 269 337 446 712 516 179 709 236 236 435
19 22 909 196 174 298 516 109 474 254 232 804 564 73 763 942 602 856 892 493 384 565 572 30 951 451 775 992 853 880 374 346 296 306 94 60 270 496 492 933
683 575 554 973 397 16 339 990 917 221 536 585 280 178 671 522 314 326 625 353 793 778 543 529 751 315 823 196 492 811 991 916 298 714 15 158 245 745 648 859
9 592 438 929 415 533 828 288 782 687 679 119 960 802 422 652 774 144 852 932 358 785 654 222 474 415 330 235 569 437 212 627 26 486 801 158 267 694 25 563
43 960 157 992 893 608 335 195 890 186 842 732 731 750 556 607 626 623 153 984 458 10 670 322 265 834 406 597 474 761 827 503 51 186 174 453 264 448 315 865
10373