40
7
76 969 224 103 996 944 361 557 115 219 615 485 501 973 513 619 929 840 21 298 257 900 304 561 283 736 867 810 221 22 393 222 866 168 112 375 473 236 421 326
547 841 573 400 646 996 944 54 295 812 277 116 205 993 393 314 887 135 144 454 821 59 794 622 678 81 938 299 732 35 873 10 364 155 746 299 581 551 263 549
289 497 512 466 368 84 398 314 925 740 128 470 126 909 75 726 974 522 534 724 59 571 919 478 278 933 935 717 327 150 913 615 388 795 10 74 752 829 636 789
165 503 687 111 357 707 866 410 119 859 107 95 639 67 463 29 700 344 346 23 942 972 356 681 895 122 579 741 120 48 592 467 927 360 448 796 420 384 51 633
287 775 58 96 866 519 527 493 462 300 952 557 220 779 119 959 864 4 956 692 322 995 273 972 932 233 682 155 504 115 373 698 824 366 31 154 515 815 100 361
262 629 370 383 923 615 52 379 789 237 852 815 976 219 248 364 590 144 270 327 692 862 603 475 152 246 624 774 147 424 655 255 912 101 559 615 318 601 899 25
876 454 341 883 320 13 234 945 814 177 646 225 322 859 269 931 791 203 486 954 683 745 356 428 261 814 35 729 806 947 413 597 693 385 222 793 426 365 453 82
769 269 810 492 828 229 97 968 840 730 413 263 787 816 86 866 399 498 128 846 685 642 229 703 635 986 752 246 673 632 793 97 100 733 240 957 490 182 208 561
10839