40
7
707 644 604 65 841 595 177 301 949 320 97 547 905 643 242 58 515 204 818 898 685 9 576 141 756 498 511 243 340 220 798 86 820 639 673 306 672 522 476 268
699 776 221 760 923 264 839 968 342 459 410 519 187 168 228 40 949 862 625 569 851 263 240 286 496 299 397 603 452 482 874 98 857 47 935 164 105 880 661 400
735 619 696 49 349 578 581 710 822 960 733 584 916 750 92 391 649 780 647 117 805 783 980 434 15 949 822 731 312 52 296 626 623 714 493 553 346 315 660 117
904 458 409 505 913 942 614 843 284 106 61 526 673 787 545 162 803 811 994 418 369 279 967 759 376 810 35 413 662 677 199 592 963 585 823 935 131 636 247 18
646 263 624 493 436 841 119 799 428 703 414 973 894 344 448 678 535 475 794 317 245 348 554 613 517 501 429 684 639 672 193 498 994 75 339 943 434 550 315 237
383 837 798 344 73 293 250 803 797 206 318 486 511 247 571 831 300 144 9 323 872 167 758 128 802 139 790 227 14 248 635 252 306 797 993 152 589 837 165 202
613 501 726 195 461 163 720 385 871 737 523 690 663 40 483 655 832 40 619 986 686 133 61 419 652 422 391 284 949 73 260 119 96 211 196 921 126 765 140 361
468 652 165 407 77 200 382 816 112 310 223 783 395 33 501 776 100 1000 602 186 494 701 428 667 824 264 567 6 721 150 165 276 549 41 815 416 944 960 726 381
9142