40
7
327 934 59 449 691 616 113 731 995 645 514 51 996 495 926 472 331 783 43 855 211 170 111 195 165 915 720 583 217 917 99 880 914 782 615 200 489 832 946 23
251 450 124 458 12 638 282 971 166 842 619 632 232 69 284 517 414 139 65 849 627 450 994 262 684 20 107 515 814 372 254 170 813 933 852 513 87 368 149 86
367 143 893 763 783 731 523 997 639 742 149 958 359 616 561 376 177 670 398 598 100 496 768 242 456 39 532 166 242 379 872 392 89 225 789 668 916 927 387 626
808 627 564 130 251 839 325 639 387 970 718 948 649 59 764 221 641 413 466 603 502 190 878 38 256 456 823 476 216 356 557 211 76 647 463 1000 22 16 48 600
773 945 982 211 48 68 160 89 748 800 867 535 99 508 457 199 633 339 540 236 45 441 645 675 746 518 836 201 877 971 15 412 442 947 614 107 181 562 395 869
919 764 961 241 368 296 708 366 166 676 30 59 121 721 506 891 659 414 197 13 460 614 138 687 278 486 184 722 57 955 167 337 317 370 797 2 714 874 111 522
177 397 717 845 160 401 575 147 211 905 772 908 761 491 155 780 56 916 505 621 527 1 330 586 609 735 383 727 799 425 950 461 957 545 721 691 744 116 388 872
596 256 291 303 803 882 802 416 78 244 96 694 947 70 718 344 715 282 874 235 216 522 650 42 314 327 523 880 25 633 111 867 861 889 562 651 924 34 436 596
9855