40
7
129 520 858 55 527 361 800 786 740 529 419 795 907 911 952 510 999 218 225 850 142 555 386 859 334 553 53 852 750 448 656 284 807 984 153 436 105 491 765 233
960 772 854 421 817 915 548 969 89 863 608 20 546 292 989 709 650 756 187 25 988 697 73 870 152 671 296 817 615 430 347 270 62 273 693 82 634 618 50 476
486 403 694 956 374 299 759 548 106 218 755 655 926 620 59 705 250 638 778 129 80 31 576 113 391 776 999 633 991 709 914 726 69 888 639 505 793 212 240 298
632 275 342 584 297 946 732 282 182 945 183 622 346 406 793 664 213 5 759 234 181 350 465 753 910 117 243 912 373 252 504 782 979 216 450 53 878 144 261 991
778 276 333 762 810 720 24 450 526 625 139 577 842 314 388 323 541 392 982 151 978 216 49 701 597 243 665 450 734 739 648 853 515 345 28 487 379 596 994 56
789 686 601 678 114 812 253 733 822 52 865 421 646 960 13 422 708 510 765 155 605 278 313 691 65 318 622 619 96 403 461 266 813 406 614 889 850 718 434 418
841 550 628 380 856 792 232 470 206 274 932 525 953 11 11 910 296 844 946 251 956 273 403 353 373 56 894 389 456 298 804 103 562 442 375 335 600 239 811 69
152 796 954 962 925 493 387 872 109 375 975 417 682 121 590 766 114 820 405 959 175 617 300 554 261 394 75 615 451 900 296 633 415 327 400 97 614 670 401 635
10352