40
7
239 772 260 171 210 753 894 233 87 733 704 784 15 863 329 823 825 892 201 862 948 608 400 146 609 221 392 32 185 521 811 777 322 575 145 898 75 984 587 253
338 160 729 268 128 427 10 473 523 620 298 381 906 151 204 376 284 307 962 311 354 775 186 414 32 964 548 190 423 704 426 650 395 148 878 163 245 78 358 123
984 21 1 791 999 170 573 960 135 583 426 210 888 294 588 414 524 375 998 812 745 536 806 288 579 56 226 306 886 971 683 10 621 797 471 896 883 473 748 390
207 263 146 447 769 592 994 323 739 256 173 796 292 178 201 301 620 317 665 414 923 269 414 932 805 369 439 80 929 837 869 345 932 766 519 623 821 399 459 953
437 856 195 228 196 632 573 583 279 378 291 55 936 244 767 528 968 666 687 562 661 716 876 46 286 869 512 277 782 897 146 116 675 149 143 704 307 111 428 914
372 120 71 60 339 649 818 607 153 144 29 176 166 424 505 593 613 468 924 852 460 149 707 472 790 63 554 437 508 961 437 549 283 21 422 802 781 889 603 374
379 582 80 465 331 786 114 688 892 950 787 437 598 859 131 402 576 362 63 675 492 876 416 17 136 559 717 58 691 595 919 95 498 183 67 407 602 685 950 945
804 162 866 973 371 113 138 874 742 103 348 244 898 346 272 98 589 819 531 548 399 239 796 206 822 422 598 867 26 428 773 44 660 246 297 731 360 559 170 711
9597