40
7
979 938 675 943 455 674 582 853 904 79 243 573 909 138 703 618 461 558 95 74 164 712 980 539 488 952 573 358 132 619 746 654 435 104 6 597 657 667 74 610
553 755 64 933 800 37 490 178 244 458 781 183 798 77 646 912 272 713 439 560 603 675 390 672 929 894 886 198 995 196 878 905 723 581 81 708 928 451 702 835
593 10 488 149 548 832 814 985 991 825 778 137 469 361 96 463 611 130 474 966 654 256 9 699 12 46 92 925 667 864 203 313 300 356 202 518 542 1 189 455
342 940 377 847 540 543 946 347 372 239 227 237 983 708 435 890 40 323 498 707 239 473 748 819 919 536 197 552 367 303 786 44 344 933 808 498 893 987 154 101
765 245 866 148 468 322 440 88 762 64 420 673 930 462 500 661 811 513 457 119 842 224 232 892 155 786 97 168 254 367 562 879 514 167 381 497 149 103 677 365
930 619 333 432 233 612 297 940 326 732 671 512 781 595 25 1 767 563 491 299 604 261 648 295 183 474 578 54 972 505 114 928 37 318 374 935 464 789 254 700
798 625 952 324 402 557 574 716 932 328 66 769 792 726 407 10 179 882 291 398 597 788 969 468 968 47 69 545 70 791 535 209 695 727 890 258 825 488 88 402
885 823 199 813 58 63 927 610 427 773 528 297 452 86 52 775 978 11 180 343 784 345 595 829 897 93 503 564 148 913 79 577 213 341 486 994 209 44 395 104
9197