40
7
894 232 853 752 272 441 5 269 753 285 137 979 220 836 379 3 19 542 488 466 814 530 84 754 886 833 535 876 943 308 134 28 964 221 342 672 995 111 170 917
668 983 409 605 713 827 404 200 704 853 581 99 879 458 659 726 672 990 478 355 953 573 494 593 764 20 483 558 993 347 367 467 414 353 356 310 533 687 760 964
88 55 897 575 452 945 847 295 851 287 805 248 538 43 353 398 352 765 882 673 243 924 719 123 269 657 156 389 886 816 525 779 662 508 964 424 621 616 240 937
840 848 109 889 826 125 564 101 948 416 204 805 208 838 910 88 588 101 883 935 119 418 144 808 242 784 303 467 419 827 767 980 933 866 755 640 299 5 60 512
770 701 805 76 564 489 493 12 163 916 523 640 917 237 112 628 621 357 394 956 852 759 191 804 783 449 709 288 531 930 84 925 530 115 698 972 44 109 473 224
166 780 659 366 875 357 687 718 943 264 633 89 710 21 769 504 87 651 694 721 535 184 568 117 503 974 698 224 551 972 452 354 922 275 39 835 259 699 17 736
352 400 855 475 135 977 910 681 802 526 462 472 233 827 147 713 127 969 992 452 893 376 202 577 460 424 636 134 680 520 948 359 548 313 665 331 281 525 707 187
709 856 281 234 953 320 318 669 237 501 842 156 355 91 930 869 287 302 985 936 946 608 402 434 29 693 879 872 270 622 468 327 454 36 419 728 355 40 4 580
9999