40
7
141 149 63 317 216 626 716 397 332 356 353 791 489 113 214 942 31 451 474 789 454 174 695 833 898 617 543 785 765 757 491 854 204 950 267 560 301 719 803 889
744 755 347 646 272 419 318 832 925 286 641 475 174 468 838 154 724 633 456 648 268 504 859 689 148 224 637 455 118 209 280 948 378 324 315 254 771 394 836 749
45 525 439 584 762 611 412 396 714 688 633 568 804 433 841 907 131 972 234 784 151 589 278 717 716 983 471 129 728 313 945 819 28 998 264 396 896 36 868 257
749 872 585 487 380 775 371 68 929 637 989 659 51 717 368 591 382 996 222 15 657 109 442 220 699 707 10 137 959 165 365 465 45 994 271 645 250 209 401 33
882 878 416 146 792 112 719 102 637 863 450 144 217 603 199 927 465 186 52 940 270 213 593 926 803 860 102 239 482 542 810 30 775 180 208 1 319 199 916 390
251 343 391 290 886 83 740 478 840 710 308 862 377 440 59 34 575 597 275 809 149 485 576 113 901 746 489 696 767 941 492 38 893 710 800 174 474 800 959 585
530 279 925 461 625 790 35 312 613 685 297 156 765 946 936 567 240 889 21 36 865 182 993 328 915 725 104 359 413 70 262 440 815 933 436 681 92 476 765 857
25 179 918 765 530 999 25 763 903 843 931 474 707 588 622 57 923 397 239 975 443 867 999 64 650 412 741 406 818 228 726 400 421 163 108 841 623 854 136 205
10984