40
7
432 562 121 107 799 45 19 278 305 616 428 760 912 672 40 774 121 384 253 219 805 400 488 582 785 149 373 194 494 825 999 556 589 601 507 342 266 699 776 178
189 268 874 725 629 961 78 439 233 918 383 413 919 73 841 984 868 913 23 395 646 276 886 756 602 579 319 268 758 421 284 782 812 770 592 626 610 61 587 819
256 768 319 428 451 809 661 664 81 132 48 690 324 414 984 219 695 108 979 351 511 143 91 143 807 691 914 533 248 312 432 792 584 483 522 819 849 844 715 106
604 975 538 115 665 648 901 305 622 579 79 838 336 300 353 768 775 432 123 410 648 833 890 341 174 477 927 288 606 199 505 326 51 151 489 682 627 862 985 552
562 157 676 972 430 474 880 311 832 495 216 922 561 912 219 795 870 379 531 356 303 999 714 958 136 917 230 373 436 6 557 39 446 376 874 1 912 220 386 16
114 676 248 296 669 467 541 909 248 793 400 867 434 443 855 550 853 729 127 380 755 257 114 480 262 947 813 719 620 607 964 850 189 688 591 453 324 451 81 324
908 575 944 364 686 924 390 451 709 969 386 671 104 235 261 833 376 802 140 701 955 502 535 21 989 376 354 781 489 196 367 65 857 296 448 164 112 928 647 180
455 995 661 380 948 333 242 470 451 523 665 782 836 109 716 559 332 646 680 116 967 832 242 809 438 220 372 589 469 191 243 990 169 618 364 783 590 22 473 289
10285