40
7
739 209 261 787 89 102 382 773 670 513 754 806 153 722 780 217 229 825 801 473 275 467 424 204 696 964 42 848 771 38 138 496 470 365 648 468 635 349 793 915
661 368 174 747 301 676 429 424 688 664 948 26 127 51 929 480 140 305 619 595 663 824 472 266 624 605 973 428 238 817 702 399 412 353 590 718 185 193 80 746
774 864 696 492 207 460 907 603 853 922 271 965 962 816 170 542 814 207 364 127 451 86 851 671 252 517 6 495 929 316 364 346 782 675 345 818 583 754 451 790
883 224 90 269 670 536 588 426 972 285 261 646 732 47 700 987 309 345 967 254 51 880 773 649 711 765 404 971 840 990 929 211 622 61 972 893 885 913 546 464
25 889 226 102 509 861 194 148 24 299 459 711 892 856 401 501 761 236 441 932 12 225 925 177 616 857 44 4 44 246 480 690 232 449 706 870 599 246 984 14
408 144 901 635 626 415 485 742 310 947 935 465 931 778 540 169 252 315 266 427 533 642 143 161 355 225 780 225 609 154 544 866 889 266 842 501 890 393 128 618
459 410 358 625 910 878 451 631 962 249 775 979 534 984 831 418 512 84 34 49 601 299 93 473 174 168 613 900 369 790 220 646 972 476 590 803 860 777 967 771
454 203 403 244 504 753 961 228 225 370 290 804 880 871 895 201 198 720 657 596 914 164 67 556 276 885 40 347 302 900 169 538 85 165 998 218 403 117 22 929
9276