40
7
344 808 522 875 918 761 540 530 801 3 912 836 630 679 118 627 117 312 102 837 11 260 511 309 334 229 847 814 192 398 525 366 6 997 32 13 854 754 674 388
298 503 712 679 636 923 533 436 688 744 701 240 808 164 29 240 329 436 872 792 574 24 637 670 860 351 422 624 298 416 957 629 602 464 431 889 545 537 585 348
484 900 197 921 19 316 85 488 108 372 802 568 481 340 268 917 797 866 739 878 224 685 212 472 568 178 834 145 684 682 607 517 625 746 161 554 702 301 907 354
832 532 408 433 739 929 860 735 718 753 227 89 132 162 303 354 936 202 141 868 340 175 676 505 870 226 724 4 983 39 930 913 408 565 160 625 629 170 919 664
16 302 217 658 887 28 857 827 94 131 517 553 978 128 797 432 780 304 300 852 976 62 202 741 810 315 434 83 57 344 908 696 344 45 803 947 206 720 428 593
91 37 292 296 804 13 761 616 925 253 246 484 216 324 964 916 257 88 885 66 651 785 934 524 2 379 885 630 813 669 775 207 670 614 347 527 521 787 147 515
829 762 740 939 270 541 39 163 397 516 417 875 379 330 131 645 446 506 760 718 722 166 900 228 140 95 949 117 774 694 523 168 123 680 625 753 756 826 688 303
30 884 733 614 334 121 315 218 81 49 10 450 903 839 423 618 218 33 655 481 860 560 347 131 52 647 799 254 20 765 540 821 941 63 651 346 415 532 579 6
8669