40
7
482 894 814 325 436 977 212 536 6 166 376 585 493 323 601 448 629 999 677 789 503 733 339 244 570 894 734 933 388 860 559 967 446 47 466 346 258 224 787 914
730 947 894 40 237 750 831 703 647 668 917 402 500 771 719 496 508 310 167 992 6 408 295 432 205 73 45 777 643 278 640 484 280 835 150 121 800 9 928 484
996 599 473 28 76 914 4 262 169 109 949 161 904 123 713 970 773 465 997 771 588 143 480 498 42 796 490 130 562 892 55 56 187 453 50 162 789 354 266 806
561 589 652 223 153 5 512 388 732 697 994 761 711 604 382 511 301 732 784 90 569 712 625 295 660 335 852 405 166 658 515 995 455 723 286 929 703 269 95 874
878 801 577 109 192 135 931 32 782 165 176 691 295 114 699 288 485 145 716 193 39 378 463 605 291 407 322 116 706 116 663 911 717 231 256 53 776 567 135 135
764 498 377 120 751 280 794 305 854 50 748 303 178 609 589 151 439 18 20 25 358 167 834 117 150 747 852 850 703 867 961 618 104 579 794 524 957 142 116 576
160 839 947 581 733 951 839 238 831 774 247 958 70 146 585 915 818 225 678 434 104 490 611 874 389 143 889 398 737 789 83 418 604 916 582 677 507 926 592 624
829 529 604 580 563 871 464 85 48 379 68 861 680 622 73 769 543 88 947 323 768 300 34 683 575 25 308 249 994 494 573 382 527 579 663 993 357 257 359 577
9812