40
7
320 82 66 352 179 703 470 466 545 393 25 48 474 897 98 403 967 804 371 996 142 506 196 217 967 811 234 418 29 274 351 2 273 893 835 996 605 266 76 973
164 621 805 35 511 161 167 562 516 26 604 632 237 624 858 13 14 233 620 2 998 558 46 168 581 771 466 442 635 663 95 923 581 229 224 973 269 627 79 342
567 664 718 916 658 811 618 732 341 155 80 170 802 537 397 53 120 706 646 244 122 90 740 866 180 977 450 829 194 685 111 15 788 410 958 817 824 508 989 615
17 526 717 122 859 312 14 934 415 794 167 981 667 755 159 867 715 572 294 84 39 805 372 862 419 419 272 568 246 89 537 752 929 710 80 119 579 476 755 944
302 684 93 190 539 493 79 318 115 102 945 588 59 229 60 665 600 330 655 206 608 929 852 388 373 175 323 820 940 527 886 576 3 345 423 650 817 19 749 693
675 383 343 319 929 966 972 726 26 145 592 331 885 762 79 221 411 923 509 239 684 64 199 253 640 150 984 644 786 354 506 479 720 931 993 114 569 52 629 476
716 986 287 169 994 621 890 892 101 889 887 71 431 336 465 826 853 150 728 462 159 677 251 159 91 642 43 180 19 577 361 252 926 898 406 887 528 281 371 141
387 642 506 169 532 329 693 317 943 110 683 437 759 479 626 871 59 8 58 120 657 441 655 157 241 154 884 171 403 912 480 32 492 726 879 65 168 999 702 957
9452