40
7
192 453 969 612 170 837 993 981 592 18 122 735 519 498 108 266 632 316 7 448 150 684 770 832 69 78 104 562 670 741 258 162 528 261 269 447 411 641 641 191
742 314 911 858 726 166 447 534 751 979 466 800 858 260 862 141 570 727 704 67 869 947 971 184 199 172 940 437 344 280 7 613 818 259 477 604 997 902 89 595
434 121 927 501 131 8 157 438 304 932 261 742 137 354 601 998 652 257 226 859 492 913 211 865 475 988 432 129 172 832 696 840 414 83 2 674 500 454 131 95
972 984 170 108 279 320 740 906 619 416 552 178 622 409 853 981 778 813 957 205 683 341 406 702 162 798 747 809 514 606 244 958 322 990 962 175 411 86 195 413
885 235 595 153 115 156 399 290 824 466 324 998 139 803 754 325 884 223 142 624 617 597 658 270 543 620 129 366 342 12 144 305 2 782 300 433 111 576 571 178
872 958 49 210 172 708 687 374 511 540 329 561 844 803 936 869 114 165 144 468 28 229 596 966 407 164 116 321 606 323 350 711 825 622 534 745 14 702 221 789
671 115 198 822 651 699 446 265 663 201 748 142 154 828 45 566 393 479 205 234 903 662 293 479 989 850 137 390 200 391 996 563 812 720 144 133 596 493 584 380
631 962 912 194 699 218 81 516 833 754 916 851 494 761 463 30 157 53 819 348 138 249 432 295 893 300 979 964 645 920 467 349 530 252 775 345 35 246 955 65
10263