40
7
488 438 603 562 206 74 220 17 296 99 881 984 140 677 247 619 795 445 41 535 976 904 89 808 155 744 523 337 841 349 359 536 615 621 677 928 255 765 843 259
182 633 927 885 773 968 164 866 444 761 873 536 533 384 510 764 653 669 946 210 774 330 370 931 615 708 30 446 853 796 493 221 435 429 528 738 324 437 801 834
965 204 259 401 729 949 700 501 474 695 567 483 361 690 288 917 304 626 716 382 951 369 871 907 988 338 583 333 71 959 931 922 609 515 356 62 789 301 51 777
610 739 906 603 822 506 490 15 581 455 972 272 29 179 311 835 189 600 478 869 468 217 639 749 306 675 293 213 324 736 249 752 204 870 202 30 703 202 178 255
709 389 476 957 63 184 274 49 123 477 295 350 118 337 271 379 210 544 995 83 33 934 731 447 873 644 937 832 470 50 848 279 825 503 184 760 444 933 607 231
139 281 622 603 121 288 72 716 647 564 322 670 906 650 788 811 637 993 777 322 267 783 572 522 362 4 763 597 847 347 55 563 794 404 619 803 303 131 214 41
637 194 60 917 402 200 292 761 462 159 489 289 826 8 143 1 116 128 64 3 350 798 200 893 580 522 761 382 945 830 607 354 612 493 466 187 574 573 570 672
733 334 297 346 354 509 738 414 204 731 18 588 487 140 555 493 923 539 279 438 770 282 959 66 910 95 151 641 229 28 659 901 955 791 6 535 504 375 653 922
9776