40
7
889 167 93 917 342 66 625 335 790 181 43 623 931 718 336 691 557 556 324 705 304 382 32 662 426 432 953 194 9 767 433 717 790 141 120 490 262 594 645 123
690 1000 462 748 976 191 538 420 589 67 896 982 453 110 835 414 511 404 369 237 279 960 665 556 137 255 753 488 226 844 450 419 23 80 785 593 847 737 944 140
381 316 820 317 748 602 144 450 476 631 905 4 405 368 281 261 645 444 473 884 241 790 791 878 651 214 843 308 244 655 251 762 134 49 428 930 202 369 542 296
39 723 494 876 607 833 808 307 855 171 707 368 987 344 144 183 986 988 382 523 296 79 738 631 511 611 514 361 17 296 10 547 5 29 112 262 911 227 769 610
692 58 143 343 989 242 881 734 539 612 377 280 904 285 457 617 7 328 57 47 340 437 699 764 122 798 286 470 315 12 385 622 854 655 746 189 221 950 366 700
633 522 806 699 160 578 816 805 9 801 664 890 849 961 649 735 507 182 639 496 776 790 302 665 372 655 548 683 988 381 261 87 504 60 458 573 334 203 939 424
736 13 187 13 450 93 552 529 469 130 310 362 156 671 840 998 529 892 224 266 317 258 311 812 746 893 258 605 669 350 507 59 775 999 28 890 892 814 663 794
839 520 480 895 226 908 622 428 386 12 735 316 485 187 961 755 500 618 532 207 243 514 621 632 882 468 447 919 307 378 174 494 590 111 539 918 994 716 235 49
10422