40
7
755 572 418 336 643 750 148 356 652 761 880 511 768 655 644 547 262 314 169 678 503 25 221 13 215 711 273 46 96 150 852 748 45 968 44 780 731 561 637 312
890 366 176 974 752 777 377 102 944 661 595 630 175 804 13 262 812 277 737 37 306 355 594 259 112 249 831 305 351 230 16 77 833 980 768 622 677 98 352 906
964 965 161 54 856 324 375 322 172 533 501 9 779 951 267 747 827 643 782 474 411 804 22 889 995 426 671 311 113 56 637 125 529 547 498 104 427 222 139 646
698 858 220 475 95 911 293 224 233 268 396 864 928 398 651 672 25 985 372 756 84 714 716 495 414 833 282 973 94 116 288 308 149 36 931 813 439 450 492 484
646 513 908 238 291 699 502 132 703 855 824 433 924 52 194 104 695 275 453 12 236 843 139 2 585 131 305 379 235 462 931 968 101 907 614 12 209 539 385 271
757 347 382 491 142 164 735 716 194 685 851 132 848 297 946 792 71 901 239 416 808 356 361 387 206 102 715 590 812 358 860 169 206 167 465 894 286 463 94 41
639 394 906 2 288 821 576 518 873 693 625 402 226 975 819 689 286 106 317 636 437 120 556 11 280 681 373 832 708 917 49 494 945 160 443 945 308 760 905 617
542 985 321 632 36 528 86 135 50 760 296 309 512 139 669 247 730 99 959 450 649 856 592 471 318 333 179 570 792 523 189 977 656 352 596 673 666 213 757 139
9493