40
7
401 221 133 990 686 301 461 729 654 863 797 676 25 688 853 289 947 135 372 568 880 425 773 476 63 31 414 891 835 268 17 245 453 661 151 355 517 911 836 23
591 922 524 565 843 879 788 550 157 11 632 156 899 157 530 646 441 261 21 784 664 573 754 300 812 309 515 68 575 761 3 730 745 274 109 459 754 38 568 678
610 184 540 559 821 790 835 447 115 236 692 228 196 457 39 464 86 910 123 179 136 300 95 397 384 186 129 588 92 348 221 541 762 543 850 545 443 807 530 731
917 586 937 189 778 883 838 563 319 981 912 348 644 479 833 638 61 828 872 999 784 554 610 972 662 761 241 630 78 443 32 857 893 41 940 283 64 33 523 82
212 103 992 587 674 318 97 693 943 861 485 821 787 675 97 88 272 174 562 908 870 36 506 153 964 818 824 549 28 699 998 585 768 908 548 793 927 901 744 930
243 155 359 794 666 740 130 8 669 119 811 305 607 987 227 480 887 789 437 595 838 224 142 265 822 12 357 554 690 969 132 977 602 331 867 596 370 99 937 974
731 100 995 871 472 961 614 240 600 790 257 225 632 404 690 796 898 60 41 623 767 851 211 593 954 176 377 683 453 322 41 489 613 908 628 261 4 547 875 324
741 948 102 405 387 261 162 108 550 67 224 824 884 723 256 427 556 26 509 228 92 113 630 261 853 121 256 153 935 431 716 970 313 890 26 33 278 245 175 572
8226