40
7
276 556 63 79 720 351 256 220 308 869 490 949 390 929 701 160 529 822 949 322 817 192 342 33 358 300 273 808 710 538 258 937 975 477 851 964 700 797 145 864
549 920 774 881 94 94 711 867 453 301 997 903 636 628 606 606 282 244 538 853 833 478 386 977 838 262 513 453 769 519 646 558 627 668 986 760 714 988 501 920
518 533 577 393 405 342 211 528 252 851 730 478 637 946 481 406 429 766 117 370 576 298 752 765 539 683 894 167 815 17 430 483 147 290 321 172 377 821 729 840
744 574 976 674 222 225 384 22 860 762 278 515 430 454 510 845 261 683 693 8 442 140 148 564 260 442 855 283 753 188 356 787 752 540 763 993 740 79 755 175
887 276 545 48 143 66 217 6 829 6 143 687 748 181 790 848 111 52 874 680 670 34 507 916 836 321 959 476 348 858 250 861 159 944 524 195 464 735 38 403
144 33 120 442 875 724 703 140 479 728 315 410 569 427 125 531 799 837 12 353 985 602 402 707 921 648 358 789 305 587 275 621 941 275 961 220 247 33 188 511
532 312 20 379 370 68 215 296 57 924 206 178 436 355 837 828 278 559 305 252 993 625 433 360 454 808 378 753 801 650 539 475 295 306 812 419 461 367 370 139
562 827 319 473 550 194 459 734 772 63 109 931 744 462 209 204 333 478 617 56 764 8 143 132 676 573 733 849 53 980 888 3 911 379 979 995 334 903 971 136
10253