40
7
895 365 862 521 576 734 640 983 738 235 412 150 580 836 788 512 306 463 307 360 294 803 719 541 392 489 835 305 180 428 938 582 937 531 420 84 968 307 156 469
617 255 556 821 901 781 603 451 286 729 981 880 698 626 330 474 238 397 829 31 412 870 861 865 129 79 645 971 12 634 620 39 95 531 339 430 326 795 448 529
521 749 302 833 922 707 325 724 543 431 581 95 177 317 770 88 757 782 841 802 605 956 923 662 236 429 936 833 523 80 212 432 122 376 992 41 755 436 39 859
489 298 924 825 764 988 290 316 871 140 378 895 134 822 590 613 475 435 196 963 539 881 237 321 262 684 652 658 585 197 467 908 785 945 979 729 728 702 486 347
958 263 276 386 104 762 703 82 48 575 347 726 835 266 257 304 36 843 400 205 202 399 746 498 87 468 323 537 304 878 226 246 701 956 926 861 83 697 879 222
491 82 895 600 341 821 193 251 342 406 170 630 285 525 241 527 873 410 252 242 868 705 921 459 819 382 203 902 753 306 325 603 14 206 215 116 539 337 31 341
730 265 470 577 794 790 769 161 332 713 641 26 184 507 664 454 847 35 30 112 294 758 589 289 293 875 871 342 836 763 334 548 88 304 739 514 871 934 472 612
21 510 321 202 66 200 369 804 907 182 587 841 961 703 632 179 597 266 685 898 755 347 490 423 820 595 487 329 47 826 340 582 799 252 892 564 534 108 622 984
10364