40
7
559 577 80 674 292 483 959 34 740 915 793 435 969 387 655 153 682 549 413 420 53 929 408 84 533 801 456 793 907 802 530 465 539 27 470 123 99 113 561 964
119 874 512 668 888 814 419 811 262 248 832 314 886 885 608 638 787 283 501 34 663 544 910 441 202 747 399 550 721 822 946 267 729 199 878 665 444 259 709 383
479 284 724 192 14 695 612 357 927 149 532 335 301 39 917 672 623 105 440 336 433 235 955 883 279 3 558 373 257 20 669 689 637 714 278 220 302 646 989 6
391 252 118 167 232 429 47 825 607 925 77 28 887 319 63 718 297 309 564 910 189 627 77 927 893 194 703 786 992 152 829 692 937 367 860 222 200 258 377 699
197 415 213 516 967 119 800 436 106 409 984 24 123 455 358 783 719 693 740 818 681 314 842 858 193 124 845 215 171 182 559 320 395 636 949 713 256 656 97 113
383 668 970 743 167 883 743 233 244 910 330 536 978 694 455 940 780 586 557 329 396 864 981 529 618 629 530 912 348 36 955 665 44 519 986 31 263 346 816 953
194 305 627 718 888 790 393 908 906 756 9 654 455 482 737 438 197 894 168 478 349 738 219 822 576 574 314 511 343 368 11 683 709 736 571 64 383 823 673 990
75 968 184 385 334 52 143 224 959 126 137 436 322 510 667 566 218 793 833 539 845 213 398 19 824 350 964 268 290 665 549 913 255 85 151 620 779 365 550 441
9008