40
7
754 50 202 171 359 301 492 744 511 813 370 807 583 14 929 811 436 407 11 788 428 524 224 112 392 150 984 805 787 502 636 661 147 474 790 337 775 818 604 987
345 678 692 473 2 871 847 121 694 378 834 990 766 931 895 878 139 587 195 209 602 63 92 423 179 846 768 615 480 92 445 47 330 973 644 357 87 358 681 679
617 598 411 956 453 130 604 109 650 485 797 335 559 403 767 41 19 103 970 643 969 985 657 858 901 986 632 57 512 419 76 123 524 103 685 851 774 883 274 597
699 433 490 100 371 410 223 235 600 957 317 334 777 96 744 242 539 58 946 706 479 794 751 596 974 384 678 123 634 757 605 309 244 86 467 115 300 28 497 904
632 83 562 38 281 795 474 51 841 578 206 375 461 788 376 63 99 755 239 891 267 424 232 249 379 642 243 674 362 595 591 254 358 515 243 115 866 977 795 286
227 826 519 252 218 136 386 32 719 568 388 213 136 12 668 476 38 603 827 728 612 862 966 991 848 380 688 149 302 443 227 825 97 775 370 521 710 500 42 319
180 592 239 139 326 368 871 869 301 696 951 831 627 835 501 464 260 76 68 823 146 846 878 474 306 410 312 798 65 878 130 161 183 422 625 445 996 651 297 176
364 267 201 225 825 546 659 946 246 663 2 640 658 47 60 994 927 553 476 583 223 660 845 194 482 387 114 88 599 246 195 627 665 59 96 389 553 55 890 986
9118