40
7
819 974 669 513 962 371 526 782 121 274 472 509 47 104 964 585 937 990 944 745 882 146 695 569 890 85 92 675 340 726 152 166 980 397 407 186 408 959 78 297
672 502 940 631 918 72 120 486 863 242 607 68 686 323 351 927 741 48 801 964 796 632 20 780 645 223 769 624 25 746 938 136 613 122 11 20 377 254 23 441
55 347 483 382 728 300 458 565 562 487 81 618 856 303 415 340 235 738 213 816 757 624 497 320 876 120 112 339 606 292 885 661 23 734 975 941 1000 14 199 258
291 445 443 486 932 583 812 210 911 793 569 588 905 52 72 999 86 20 63 365 555 651 298 108 514 107 46 460 352 243 550 873 445 343 962 108 320 795 279 355
83 904 285 382 41 204 814 198 535 198 989 376 155 957 833 154 221 422 788 879 604 675 827 681 474 324 970 788 438 527 934 755 527 625 341 187 933 760 983 985
241 882 529 465 337 36 251 552 33 743 231 373 789 530 307 494 35 178 746 564 780 483 728 550 303 569 723 723 579 396 900 727 618 238 944 918 411 759 950 818
35 683 6 844 778 488 437 271 477 675 463 685 214 419 48 869 374 353 95 861 570 961 683 826 147 852 70 318 30 906 286 500 443 124 637 69 658 852 647 184
814 717 858 914 273 541 21 299 437 749 691 914 225 597 80 821 47 750 921 710 506 191 273 960 530 947 619 58 361 312 949 689 321 742 148 12 75 428 280 808
10294