40
7
948 21 358 60 558 973 439 917 525 977 1 64 34 369 366 484 339 63 867 534 764 71 138 943 852 275 10 443 260 480 971 692 87 305 101 154 569 17 822 723
340 772 678 333 433 638 414 633 223 158 961 930 349 662 888 754 150 415 780 394 93 744 392 904 424 523 303 409 587 393 486 582 589 180 881 325 472 135 290 843
714 377 543 513 866 112 543 766 689 163 765 502 129 896 381 101 474 256 211 256 805 289 511 180 484 173 589 427 735 662 953 983 791 139 28 588 399 54 185 880
177 281 235 342 528 399 780 281 844 851 509 256 267 920 755 161 924 146 260 194 231 228 956 980 781 601 144 377 632 848 845 470 433 949 815 677 210 603 718 76
94 733 665 299 363 406 183 309 752 192 829 260 577 834 244 635 450 359 759 461 628 744 511 484 510 184 656 959 955 949 768 995 183 36 729 348 527 405 354 64
493 592 927 79 210 776 58 750 766 696 116 746 163 135 99 173 46 362 64 713 596 114 237 755 848 523 107 80 197 36 116 128 251 13 808 937 110 564 469 817
134 834 171 129 251 882 209 829 416 449 407 713 750 699 647 945 195 435 424 12 75 771 320 189 339 359 737 365 962 7 411 856 492 819 414 150 246 222 890 626
854 221 451 491 810 33 958 901 690 272 846 630 541 222 280 546 237 55 182 728 406 574 222 570 928 858 115 170 883 765 720 308 680 28 51 399 890 460 308 597
9940