40
7
316 564 365 903 808 569 364 747 881 353 869 204 399 874 921 169 648 653 402 382 900 886 244 183 470 569 594 983 188 350 518 300 816 98 1 774 423 899 724 388
509 616 618 721 643 658 810 923 283 973 237 249 217 914 205 484 376 22 773 860 456 707 724 877 781 244 789 616 107 881 168 112 337 654 286 539 924 598 596 140
788 803 393 750 214 754 455 743 147 572 456 56 632 855 891 388 591 660 261 384 645 702 286 71 70 432 671 857 519 894 402 280 997 246 601 652 133 188 742 754
749 121 309 674 548 130 529 92 221 741 117 614 56 793 357 447 772 551 884 989 241 865 721 978 709 974 22 103 194 294 986 10 86 397 381 74 192 597 783 312
370 193 172 270 468 903 477 768 678 797 792 155 543 994 19 313 837 684 512 535 889 118 787 867 584 483 490 639 67 492 150 150 594 765 526 694 312 237 882 862
700 642 381 458 137 122 669 698 890 557 193 853 828 392 658 785 31 99 525 835 435 436 435 896 947 722 504 385 20 762 709 32 726 290 376 826 96 436 650 822
939 239 119 707 46 397 964 396 296 330 440 529 811 568 798 632 87 972 533 539 403 180 100 297 221 451 581 547 196 760 737 92 145 985 474 302 376 480 107 646
916 568 534 288 566 541 762 504 698 841 657 562 705 211 359 808 418 973 612 13 768 515 951 624 949 68 36 203 792 950 829 269 545 174 672 628 903 568 202 515
11349