40
7
300 969 333 955 553 983 4 918 11 628 777 578 960 831 880 355 398 434 13 538 407 646 926 609 111 457 693 877 843 772 672 696 666 182 414 558 136 726 58 819
792 457 528 667 817 701 138 843 611 393 774 645 420 412 55 188 296 236 155 49 611 758 376 558 589 596 486 51 229 631 906 37 861 545 583 77 319 771 200 953
790 390 682 740 915 726 440 505 726 542 238 172 300 364 539 328 287 793 363 254 88 876 810 910 319 366 542 344 393 250 549 590 451 454 541 855 382 751 602 626
738 466 577 974 657 729 447 590 19 510 658 171 755 980 107 773 917 982 838 323 390 926 445 690 314 21 352 761 182 614 940 498 423 760 605 970 780 736 771 580
178 654 412 278 607 631 143 9 222 276 25 140 136 652 923 314 437 858 348 677 294 306 153 770 273 420 324 705 651 344 29 563 704 445 199 847 715 75 244 993
826 564 174 131 623 587 382 524 843 97 642 682 702 472 77 219 816 680 743 609 303 868 208 259 374 683 45 825 337 920 134 937 579 988 442 809 712 638 758 613
784 216 374 237 324 580 387 452 777 125 179 320 416 726 761 930 183 198 557 549 163 894 366 479 558 291 126 25 306 836 568 104 223 984 668 396 268 584 382 687
143 843 97 282 593 637 315 634 15 516 219 38 731 536 850 912 415 172 750 878 578 893 534 289 120 795 602 615 34 469 694 272 602 620 984 93 76 925 683 319
9887