40
7
508 773 923 462 667 871 147 453 241 933 553 861 957 291 303 940 311 665 72 9 927 986 407 903 928 129 912 143 229 351 590 696 889 858 467 67 479 384 726 788
588 433 407 571 943 244 517 445 117 686 978 571 535 115 447 595 776 666 729 541 711 562 193 497 719 41 867 198 181 599 845 773 142 301 753 62 584 328 523 632
537 904 531 292 29 713 695 758 240 981 456 510 103 925 905 143 71 490 829 234 586 640 982 355 313 845 868 523 974 67 320 439 484 28 808 189 112 439 716 422
922 461 902 991 171 457 248 992 270 860 600 362 428 122 851 933 729 59 832 923 209 872 334 163 176 799 118 848 729 701 759 575 82 377 882 18 26 50 56 178
823 669 347 507 357 135 294 455 21 675 31 938 291 158 440 175 297 840 182 981 449 769 612 417 115 962 344 360 56 695 762 175 85 577 469 67 456 34 885 39
837 811 970 247 742 889 374 150 8 949 546 929 465 251 726 70 78 209 437 892 283 973 632 876 178 646 602 470 954 956 927 22 197 799 841 752 653 529 282 484
151 363 807 223 781 922 131 212 501 534 217 659 744 239 108 535 551 769 356 227 194 966 489 540 487 742 826 192 458 426 432 712 231 358 178 495 921 234 608 674
151 160 500 323 508 926 782 564 312 494 982 967 391 472 324 780 383 435 574 519 812 692 215 382 222 977 607 438 477 31 947 720 404 963 881 106 642 722 743 782
11155