40
7
133 605 906 733 572 42 494 674 640 105 140 390 552 725 146 747 251 994 691 775 924 291 740 423 860 743 175 834 41 525 595 917 34 702 421 827 454 293 605 830
645 733 536 103 586 324 784 424 765 179 505 391 282 494 887 999 542 651 468 803 915 118 793 584 282 799 275 814 844 851 545 985 166 700 589 149 612 128 844 860
635 363 359 375 733 739 870 627 754 967 462 852 459 165 80 734 672 686 318 207 925 401 530 88 53 370 654 37 773 535 834 237 5 93 194 541 988 783 129 285
796 232 890 869 576 402 832 69 36 320 786 622 744 959 463 43 899 356 659 888 147 762 451 354 401 225 372 599 600 903 339 772 618 548 197 172 776 43 340 999
80 50 945 349 711 543 20 903 750 541 898 956 204 696 5 946 949 319 469 160 192 217 618 784 834 443 50 808 162 537 599 130 673 317 549 567 799 927 534 444
807 811 909 866 781 863 313 862 901 343 321 17 175 304 244 121 787 350 156 395 912 459 296 386 703 659 1 914 500 674 638 344 501 304 11 999 917 763 840 653
465 64 10 579 966 218 93 440 856 186 847 283 98 202 898 718 933 565 298 10 837 773 51 527 416 332 616 712 557 326 668 307 900 662 104 196 702 814 709 198
395 817 59 512 428 389 96 698 551 607 752 764 869 759 760 560 495 993 930 60 295 833 552 275 864 270 663 400 288 450 520 626 583 702 687 337 430 710 651 282
10956