40
7
647 544 470 47 247 174 175 580 971 286 953 177 501 642 696 882 249 807 151 658 554 375 590 827 21 656 977 514 104 103 876 119 27 204 789 131 477 119 112 472
661 65 963 24 325 324 180 679 850 634 204 390 836 772 295 347 724 303 855 191 962 411 384 784 764 598 52 641 5 800 465 483 179 194 450 453 519 135 191 297
101 719 805 625 844 984 249 682 745 766 47 613 701 901 51 53 46 175 964 793 677 145 722 20 597 818 495 951 151 835 790 866 335 394 747 542 287 37 709 542
504 450 162 595 851 752 695 446 216 319 684 597 486 182 236 948 880 991 354 459 983 797 919 847 462 200 95 809 6 200 61 30 361 497 215 938 629 97 416 201
175 357 63 248 919 599 120 363 790 691 920 755 99 846 30 64 560 497 326 825 258 914 363 575 565 853 869 5 493 818 573 475 493 522 979 869 676 640 925 187
822 746 72 657 702 372 836 793 941 513 261 236 394 746 133 409 345 531 164 216 940 557 824 409 482 990 806 859 904 254 115 851 632 108 5 742 333 994 295 605
444 128 401 927 461 144 669 35 231 765 628 600 251 653 123 115 697 121 325 650 863 247 811 633 539 832 323 8 793 591 741 376 883 644 217 575 209 234 506 788
235 257 909 191 42 142 239 800 729 465 414 694 540 290 21 608 179 216 380 420 830 549 278 605 270 50 820 393 9 35 550 675 661 91 410 711 493 945 906 664
8858