40
7
285 200 882 630 480 546 140 425 123 780 645 923 639 705 751 738 152 90 728 39 531 523 324 246 88 216 430 364 621 71 250 13 983 965 28 344 166 248 495 125
381 577 999 208 758 372 851 617 639 859 420 757 172 104 483 39 29 706 121 1000 825 361 181 628 841 650 760 735 382 154 369 612 924 456 243 237 329 708 647 57
452 574 251 876 303 259 477 364 13 98 829 443 341 247 72 350 799 524 100 131 951 610 301 233 538 191 322 366 664 300 286 458 842 253 788 944 451 546 451 824
792 423 463 756 210 571 144 979 692 841 43 462 232 706 962 505 178 742 732 342 368 255 622 1000 959 966 361 864 766 135 138 868 648 598 545 749 471 90 810 146
840 582 524 158 274 536 992 55 181 520 939 636 642 229 638 556 312 975 321 448 933 682 460 189 669 147 624 272 321 398 751 37 800 548 884 513 205 285 543 701
934 892 536 236 363 197 990 549 543 979 397 926 497 518 386 74 436 681 884 775 49 171 899 520 125 234 551 328 504 949 695 771 899 337 826 752 150 256 915 569
272 569 781 473 710 961 15 525 330 96 559 211 467 145 69 178 377 782 876 345 113 981 720 854 146 298 619 246 992 751 670 300 415 879 202 94 543 899 131 163
155 622 82 785 735 58 856 826 829 908 611 778 699 797 953 351 157 183 264 976 645 765 787 141 414 396 984 614 567 351 778 277 169 775 657 311 845 288 118 71
10789