40
7
937 862 204 750 13 990 965 900 977 293 982 65 875 64 370 393 822 13 16 406 223 519 475 483 615 787 259 950 701 614 921 821 860 945 362 105 292 497 426 667
516 222 279 963 866 475 709 679 258 208 941 802 63 821 19 917 150 890 108 837 493 253 948 622 715 595 578 948 688 303 114 481 747 501 509 775 565 344 732 90
267 597 622 529 199 970 594 84 137 971 257 899 13 333 806 889 34 35 193 930 469 362 763 496 324 954 249 400 292 49 569 899 71 531 487 27 275 828 46 628
682 986 928 966 730 852 183 164 359 537 987 56 734 216 626 290 164 908 572 573 776 848 267 203 748 653 465 980 136 778 493 722 767 847 355 425 288 225 365 943
71 532 689 765 501 718 477 137 111 904 170 873 983 138 598 133 409 302 529 268 693 432 630 157 878 462 740 950 233 229 756 624 715 307 864 381 686 366 89 547
731 475 74 656 849 192 844 851 75 43 446 306 935 79 676 304 613 341 536 447 577 536 807 225 6 806 470 612 195 27 108 663 157 743 57 985 347 53 757 895
541 168 761 9 972 147 179 450 566 87 26 783 596 468 407 11 774 433 279 26 576 951 587 239 358 936 612 452 28 297 89 104 598 170 899 664 811 46 961 875
837 8 498 261 57 612 55 126 809 157 749 869 887 435 654 219 828 365 956 857 906 589 372 560 630 211 834 389 334 227 541 166 309 955 245 501 641 256 281 641
9914