40
7
596 377 435 261 534 170 92 997 240 798 482 57 752 626 726 636 976 48 287 994 232 764 732 832 530 365 808 393 328 855 738 199 827 579 868 736 280 572 113 489
406 179 795 182 552 84 411 830 467 892 934 600 718 549 5 118 379 593 70 623 293 454 911 405 663 86 564 295 595 703 975 297 729 448 326 43 810 159 53 985
177 325 464 735 735 441 777 602 833 644 925 722 864 715 544 120 1000 553 610 603 869 45 294 800 107 469 855 216 521 566 579 912 988 700 802 529 213 373 722 800
530 210 931 494 150 997 93 436 202 992 2 701 825 658 202 423 219 5 682 507 657 831 975 833 304 375 457 876 811 961 230 689 775 122 395 844 196 345 44 998
4 96 478 361 974 262 634 300 951 415 779 976 962 686 298 499 238 121 312 629 956 148 707 962 844 498 846 289 192 363 725 914 394 50 165 150 245 883 722 621
822 347 48 162 799 140 693 811 944 649 352 744 211 132 953 846 522 140 230 795 322 753 109 918 461 934 29 147 530 923 774 778 408 513 996 704 680 999 22 521
462 576 578 974 557 632 586 426 426 891 552 680 59 695 56 394 541 111 961 554 913 752 108 131 244 203 403 713 313 178 432 956 569 80 772 775 93 71 622 73
769 264 845 519 813 621 659 694 432 695 110 102 741 637 611 466 323 769 218 876 313 174 246 669 402 164 167 897 980 974 522 515 922 277 432 937 967 752 149 913
11268