40
7
799 358 322 937 876 214 400 932 131 905 602 462 758 832 588 752 941 683 170 144 129 853 674 796 475 333 140 897 142 447 937 272 546 541 51 154 163 373 393 597
681 552 131 951 424 308 814 548 501 984 809 7 19 388 585 618 711 73 543 426 827 374 145 956 842 649 434 722 913 226 688 253 883 636 876 669 787 301 603 585
250 313 587 149 210 579 761 509 727 514 170 111 472 385 248 209 850 507 37 354 651 740 408 359 30 59 18 338 22 708 857 624 631 596 69 299 117 432 213 832
273 944 672 498 846 369 566 564 286 940 475 849 45 780 436 934 475 813 267 85 692 15 256 386 176 173 214 939 799 721 964 454 361 659 393 678 841 636 361 45
918 88 527 88 79 582 285 84 815 511 704 898 210 473 222 274 307 606 462 768 826 24 35 923 29 878 121 892 359 401 349 540 2 548 946 965 673 623 767 229
620 525 568 445 909 887 937 924 151 825 469 61 972 40 480 782 132 570 601 832 707 900 572 905 960 630 117 386 621 234 776 178 495 764 102 219 217 219 467 372
736 96 641 997 342 409 674 857 862 772 608 268 155 197 207 472 235 92 760 348 90 528 45 333 744 591 610 905 606 174 355 700 913 770 65 404 470 148 36 389
628 813 334 894 934 697 774 576 630 480 394 447 617 403 42 53 540 295 7 128 283 490 929 772 396 524 754 650 281 119 324 432 895 863 739 909 837 544 790 465
10841