40
7
919 340 32 540 799 989 794 23 530 160 649 679 193 891 666 114 626 120 50 686 220 477 756 260 946 536 551 935 452 778 741 570 206 811 432 724 398 220 757 39
380 876 150 464 928 341 255 560 289 544 470 891 999 249 287 779 1000 758 980 679 491 507 883 636 960 299 559 869 534 292 675 521 521 860 652 234 243 981 739 962
537 190 766 749 883 373 464 293 474 313 622 657 974 784 447 87 815 325 86 447 720 967 605 990 212 512 574 528 896 687 968 489 878 351 530 449 515 56 86 618
176 830 488 685 139 885 933 452 383 72 62 577 258 989 938 465 261 386 10 903 276 808 989 714 721 666 776 172 372 488 57 692 819 434 55 160 995 576 627 822
169 352 241 245 229 497 631 898 780 197 791 696 603 58 836 658 9 550 52 903 339 833 252 195 204 400 864 492 505 389 553 361 385 645 652 938 257 418 703 146
577 383 325 285 8 941 132 387 159 552 559 710 240 619 394 442 539 761 146 468 59 95 54 789 678 304 158 384 612 516 869 497 7 536 680 523 988 313 855 801
902 636 147 178 967 43 538 531 163 199 397 800 361 435 403 586 225 384 562 451 586 437 30 582 324 888 389 806 947 370 998 36 865 626 916 687 271 326 663 708
257 577 483 134 767 533 860 415 283 727 433 183 857 63 763 935 233 19 658 530 604 531 282 276 955 685 492 273 386 526 836 559 643 282 649 357 802 384 657 511
10200