40
7
818 283 540 528 247 360 72 703 637 658 753 40 774 717 83 122 450 475 717 297 479 664 692 901 273 102 501 727 3 422 967 846 415 732 530 15 736 161 641 700
812 368 286 627 828 804 507 541 859 754 561 764 620 75 916 488 276 494 399 332 820 167 865 294 42 400 257 420 100 186 504 149 949 889 806 352 439 939 746 130
14 827 228 615 499 669 883 885 741 944 851 894 186 859 174 495 25 420 547 221 449 698 238 81 559 818 654 499 313 687 424 323 376 503 631 72 924 877 166 703
329 115 910 672 466 155 604 901 334 901 310 86 909 134 168 76 648 244 500 570 200 668 508 88 50 21 750 682 300 789 898 505 767 688 532 998 842 594 125 313
227 699 934 358 139 39 929 984 143 667 48 670 828 623 222 386 763 592 822 738 288 509 341 81 323 763 373 27 118 507 576 268 130 913 566 37 271 569 603 226
238 308 867 910 42 222 765 61 550 373 603 771 565 850 816 95 797 411 633 888 846 327 225 947 897 737 740 226 229 79 915 327 103 950 509 909 139 368 226 345
531 752 455 989 279 968 126 353 374 766 732 1000 967 107 7 546 405 915 716 264 312 57 934 626 148 266 59 925 368 606 696 738 461 507 802 346 508 373 995 881
400 316 406 676 496 661 356 300 755 725 645 826 997 173 773 763 569 542 553 901 411 734 729 412 19 890 7 545 441 889 819 102 480 869 705 689 916 952 360 174
11488