40
7
730 80 221 876 958 536 112 435 60 177 309 231 188 189 999 590 952 913 945 846 160 436 800 167 679 979 569 67 39 798 833 564 29 783 626 48 893 382 435 65
283 726 895 788 79 606 848 762 899 335 363 447 552 916 369 528 124 142 767 960 206 667 676 598 900 177 390 185 554 714 601 310 553 733 458 214 132 471 901 318
727 497 336 160 393 615 894 29 593 568 168 180 254 420 560 610 797 37 709 567 423 706 31 748 318 370 461 962 374 380 163 507 155 962 734 876 516 427 456 323
565 457 406 784 599 102 800 669 978 796 43 292 300 679 725 937 785 380 569 294 610 631 141 776 49 536 314 991 553 641 684 842 302 294 289 655 582 859 975 797
340 971 776 194 607 593 340 30 925 659 770 882 430 846 907 831 23 237 314 597 557 973 620 353 198 84 745 450 366 795 620 751 284 881 380 650 414 566 421 159
207 406 602 630 441 170 109 770 478 54 460 493 832 405 340 452 999 103 706 75 34 896 689 313 604 998 605 819 198 467 582 198 447 828 455 108 770 194 82 295
17 333 485 254 755 334 857 398 161 433 644 500 656 851 305 7 50 348 123 245 281 345 205 800 792 304 220 133 751 85 599 724 871 332 952 632 701 11 662 499
882 410 966 529 781 453 677 598 389 796 27 444 720 308 636 510 311 25 963 374 363 145 342 19 192 883 902 414 762 296 934 388 496 202 956 838 480 946 888 509
10877