40
7
191 126 949 105 152 484 225 219 910 688 610 243 699 423 28 316 380 625 942 955 628 348 820 944 728 51 496 580 572 274 566 516 154 914 9 949 218 308 573 232
359 183 769 967 258 917 375 834 604 720 304 144 189 482 416 598 790 769 446 784 982 877 189 216 534 942 611 206 941 184 650 968 789 863 936 662 588 571 498 185
447 252 78 716 917 573 103 439 791 281 308 967 171 295 590 471 616 528 585 339 703 88 984 175 403 572 354 929 173 698 278 614 533 515 335 587 806 351 573 952
311 653 709 651 690 691 809 804 315 909 598 885 76 997 7 294 742 149 928 634 651 337 439 498 299 339 627 417 799 764 987 763 53 315 363 59 424 735 270 793
396 74 713 413 648 96 409 928 938 1000 888 378 815 432 494 702 41 254 247 810 670 718 202 239 456 973 45 570 709 959 102 12 318 265 11 490 980 878 108 197
48 509 436 916 604 956 639 471 37 332 976 788 352 593 987 632 360 119 671 869 329 887 900 535 149 237 51 596 310 525 253 420 668 67 516 309 727 270 464 596
205 612 84 211 853 605 357 236 371 792 783 948 906 790 155 332 503 319 283 560 709 338 695 25 180 542 187 139 720 44 595 441 791 218 521 861 619 541 758 394
475 890 29 932 697 894 20 901 602 720 999 751 491 811 437 579 413 762 562 60 872 821 687 653 925 353 918 173 397 652 360 8 709 194 365 810 685 233 875 909
11812