40
7
382 986 366 588 14 299 861 64 838 656 956 860 965 658 572 914 48 390 471 930 403 434 344 679 463 721 957 96 252 904 983 362 264 530 328 727 893 934 937 19
491 633 659 647 215 406 272 447 134 595 949 913 528 144 642 240 625 83 685 146 665 196 625 731 666 926 679 332 5 737 651 498 301 502 816 81 502 706 256 571
391 588 876 371 471 889 897 898 184 772 498 297 521 583 136 672 412 129 378 517 694 533 634 62 781 462 26 863 499 277 387 13 105 480 994 408 705 927 877 461
176 728 560 463 257 802 744 154 582 752 831 36 166 599 208 579 831 217 341 521 55 520 110 955 658 33 741 751 119 222 53 991 443 904 390 536 897 915 276 758
34 952 826 777 506 377 712 214 166 157 376 493 545 527 878 270 168 861 94 851 118 339 657 858 844 136 926 527 521 600 416 214 864 967 498 355 710 601 226 330
501 487 293 287 322 557 554 48 158 23 327 182 884 127 962 949 821 331 698 758 265 914 559 416 118 85 442 452 410 703 767 402 712 976 832 870 951 742 837 14
712 756 255 384 363 806 865 533 144 310 247 305 219 755 444 804 181 626 710 698 899 881 450 419 930 331 859 918 275 77 603 315 623 48 757 144 142 418 707 818
869 622 269 800 810 755 379 913 953 613 611 596 213 299 720 411 702 625 751 87 336 688 243 602 88 519 168 72 637 750 994 663 933 657 705 669 253 440 777 804
11498