40
7
882 148 114 242 457 16 989 192 258 658 227 513 165 601 49 644 46 758 406 329 855 750 470 167 441 536 984 463 213 32 284 609 334 325 184 258 838 344 550 213
115 514 615 519 229 370 687 982 624 191 17 9 176 953 817 496 9 326 213 444 901 261 985 439 895 214 437 104 456 332 103 234 304 973 253 985 922 466 614 179
714 742 155 280 131 188 171 6 521 357 647 672 157 803 498 164 380 20 361 590 259 279 803 684 621 811 641 778 269 780 953 934 703 481 977 852 972 937 62 395
775 742 860 24 793 244 207 353 316 456 354 756 329 551 529 740 239 987 471 188 83 525 526 186 680 251 224 84 181 981 195 895 679 934 663 859 561 467 633 343
196 503 547 799 19 298 555 44 548 85 340 690 393 607 213 948 945 520 805 760 715 307 635 895 501 545 962 612 369 241 508 491 146 373 651 133 725 76 178 415
328 908 367 872 359 977 800 355 458 603 894 374 903 13 986 96 789 891 293 384 264 472 931 428 2 288 984 598 696 927 992 306 436 784 782 854 754 206 267 204
992 181 557 451 184 240 252 899 630 235 212 420 738 312 493 175 686 89 752 383 931 654 673 830 455 517 31 407 141 828 284 242 889 95 561 638 316 918 508 435
356 122 738 750 422 698 106 367 996 528 619 463 400 736 325 178 102 567 55 980 827 811 392 629 469 396 229 455 13 852 171 827 865 372 279 563 398 666 803 574
10050