40
7
868 287 349 569 547 101 111 722 117 254 318 183 746 396 318 880 749 949 486 341 328 198 100 367 247 442 88 658 103 618 731 304 842 629 309 877 72 457 60 482
977 263 257 300 968 410 479 666 332 578 96 16 490 161 331 999 298 233 577 202 674 577 3 630 760 305 803 502 596 117 269 361 662 110 363 611 461 361 239 213
845 625 10 326 736 904 526 483 701 838 120 252 967 655 202 356 970 258 493 277 224 539 860 890 670 367 894 992 308 344 670 811 952 108 403 856 996 816 55 142
53 467 643 768 407 539 298 461 917 229 22 213 646 268 194 645 399 156 525 738 743 670 701 624 207 84 844 805 366 673 617 602 132 735 883 711 443 801 695 360
733 262 612 1 841 368 373 6 238 352 706 18 78 290 613 690 443 116 380 476 486 942 867 59 29 304 853 563 368 244 608 25 978 271 441 29 255 813 205 143
19 560 750 229 149 345 322 383 131 726 98 672 706 781 522 436 284 116 516 132 917 495 880 490 596 214 559 639 842 302 853 259 316 538 172 367 710 83 374 482
109 56 594 15 944 162 855 912 551 967 769 185 453 819 618 873 904 109 79 754 31 511 335 594 400 587 340 407 422 459 175 850 26 979 904 719 930 632 659 299
7 576 819 970 920 360 721 29 770 774 617 46 310 427 574 960 904 481 358 391 539 503 227 507 374 190 344 495 209 348 756 56 384 808 78 813 875 211 813 305
9925