40
7
154 382 456 573 779 422 71 953 864 192 926 394 160 630 429 64 800 568 151 289 889 594 988 947 24 912 276 70 882 928 592 182 749 436 541 960 68 44 980 726
465 107 523 959 109 667 463 544 979 789 833 202 625 579 967 551 795 185 164 295 858 764 804 487 144 964 331 449 954 892 474 109 541 246 848 799 669 473 100 686
901 137 725 862 576 202 926 956 961 880 36 455 864 767 351 169 673 390 515 375 59 764 525 943 52 442 664 596 771 516 305 914 394 420 104 957 943 307 648 905
82 27 417 772 652 630 292 544 858 321 875 834 521 833 245 268 830 332 785 151 456 867 605 391 848 184 589 886 57 376 733 883 592 444 761 983 326 68 226 411
361 444 464 942 774 487 17 296 866 995 609 526 231 787 571 859 955 348 812 385 14 281 821 323 756 108 615 546 567 767 835 869 703 297 250 13 211 438 553 475
937 822 874 772 210 690 943 957 683 789 651 482 823 71 297 186 459 888 926 763 803 660 587 406 586 212 326 413 740 203 818 863 760 511 31 498 741 749 335 997
500 772 819 239 687 937 608 298 527 554 776 633 290 554 805 351 428 382 237 613 716 366 676 904 547 332 533 249 58 959 799 943 128 396 756 28 163 926 523 681
179 837 132 312 864 438 414 854 758 253 603 143 830 956 279 221 634 879 167 121 821 606 536 746 463 349 114 377 508 247 3 760 194 639 843 872 888 670 220 238
9984