40
7
966 905 336 474 478 917 565 508 72 434 203 641 837 819 523 829 981 117 163 109 809 524 194 475 573 821 198 796 90 880 691 761 664 434 203 941 688 497 591 711
348 188 896 199 671 748 698 4 37 375 438 732 665 499 515 646 669 437 967 349 308 350 938 101 535 59 883 562 285 973 420 936 307 509 689 510 350 351 720 206
34 1000 389 39 939 330 345 238 150 695 90 630 620 618 721 572 818 551 60 835 604 235 988 265 500 209 367 717 787 505 296 432 401 41 750 559 407 41 668 612
119 338 201 122 710 125 56 805 981 20 843 561 857 542 335 189 339 585 2 916 671 447 970 704 30 604 458 540 59 245 369 719 347 4 689 999 626 569 620 848
849 257 402 702 825 696 455 225 198 524 682 796 446 704 291 816 772 588 992 835 82 296 736 703 359 365 164 251 588 462 939 743 964 743 651 177 101 959 126 423
956 591 946 795 235 383 146 892 955 28 395 447 71 323 571 317 556 540 178 5 245 300 445 687 917 673 77 904 321 151 811 366 156 50 361 397 757 282 310 783
158 58 714 288 6 914 635 645 281 804 989 60 121 530 561 799 106 584 281 159 281 901 905 176 351 316 344 166 467 553 654 475 93 992 712 349 132 102 771 695
824 703 702 628 132 459 860 583 218 397 723 202 417 449 403 554 693 734 125 840 822 375 200 284 15 206 12 531 162 529 421 357 188 301 771 793 290 288 777 260
9114