40
7
959 736 129 163 782 242 447 2 408 392 685 846 738 443 9 771 494 438 77 767 658 556 66 502 309 183 494 650 474 368 331 108 646 846 191 367 336 618 344 28
412 565 264 885 41 241 434 407 80 927 924 207 21 645 483 930 478 745 221 850 10 567 13 174 300 308 486 158 815 358 309 636 442 284 992 291 975 116 507 34
366 577 240 624 944 200 81 952 84 525 542 943 58 924 464 128 198 961 114 135 832 437 732 626 113 557 731 603 148 671 221 734 316 110 467 567 900 784 939 417
22 45 887 142 496 778 921 886 588 961 786 522 501 595 384 415 796 977 766 698 358 792 363 987 279 222 720 137 181 621 915 739 197 30 842 957 350 201 360 426
396 311 644 980 255 527 548 902 480 68 462 451 47 103 478 88 428 256 278 478 83 623 909 889 539 265 950 305 377 741 263 527 40 601 894 684 508 191 23 202
765 542 723 755 738 730 468 896 887 11 213 506 310 404 581 649 822 457 799 474 100 958 637 108 741 17 313 546 226 601 745 318 33 200 495 208 763 677 371 409
140 390 719 200 974 630 608 603 588 959 270 285 969 336 25 893 819 398 329 657 776 463 209 38 523 138 573 89 468 587 492 499 813 352 234 541 75 827 315 225
367 720 940 953 68 529 362 848 772 581 246 426 797 508 855 894 868 96 348 95 531 407 949 369 680 813 737 114 547 458 370 102 429 997 349 962 188 593 161 222
10626