40
7
71 764 629 4 170 513 694 366 544 705 94 958 304 26 821 234 298 345 300 441 446 429 649 536 521 280 256 690 343 789 435 863 21 376 934 85 440 312 819 96
285 96 94 234 454 83 163 704 883 161 434 46 290 440 165 804 252 139 9 438 659 896 6 853 250 634 758 84 483 694 420 74 181 468 55 643 800 663 616 24
596 176 350 494 132 362 90 288 670 236 178 105 224 603 876 942 499 736 164 502 964 1 122 694 609 186 870 948 428 142 487 898 757 329 55 144 699 461 134 492
84 11 375 956 263 211 451 841 223 150 856 189 765 484 663 410 243 125 4 510 663 27 99 530 219 122 334 70 317 748 415 488 282 421 432 730 610 329 587 936
147 745 579 59 528 269 320 118 18 684 759 406 777 647 948 940 849 134 672 78 446 94 580 430 639 577 477 347 226 144 63 579 366 626 461 744 252 114 861 831
678 382 708 280 598 853 15 863 619 735 408 77 535 355 556 509 906 323 706 989 619 266 775 40 590 129 794 530 98 917 70 69 368 71 932 834 865 748 90 127
834 784 789 90 942 142 554 706 676 584 27 898 780 374 898 460 45 119 26 4 237 172 413 95 65 429 204 408 587 211 383 967 852 383 919 449 140 625 631 643
780 510 152 146 807 63 526 841 730 408 868 178 880 71 756 223 269 765 67 644 152 543 773 614 235 642 716 376 281 805 542 993 206 33 262 679 994 503 891 917
10421