40
7
805 420 888 197 842 713 859 526 655 180 570 871 316 669 256 813 980 555 936 186 195 808 43 433 204 264 458 927 911 994 990 577 816 426 442 488 805 988 598 284
699 932 776 841 494 872 841 645 157 62 909 936 331 990 433 85 319 4 748 474 554 2 656 85 461 407 361 334 245 237 191 523 730 163 113 823 987 422 467 1
713 324 592 922 588 12 551 840 762 960 254 543 474 785 562 251 785 251 750 449 138 641 415 592 249 628 815 488 585 667 209 299 451 531 218 808 270 728 883 657
416 948 285 636 620 392 869 457 7 687 390 172 390 643 795 71 659 755 2 839 108 976 496 654 515 799 218 533 667 200 975 875 71 915 620 349 346 43 863 961
32 869 345 782 646 952 430 249 256 760 913 693 474 335 209 911 324 676 749 86 128 875 160 205 326 763 750 113 833 790 559 176 410 769 368 60 691 314 171 648
692 67 722 251 888 348 154 550 433 336 368 570 630 393 18 645 738 817 112 879 249 475 738 421 658 295 575 778 872 190 209 999 606 768 713 659 794 93 838 408
330 717 594 278 722 38 823 59 66 874 593 874 540 882 571 45 759 602 246 128 667 663 391 429 758 649 867 908 763 433 12 30 616 396 853 384 534 426 319 39
539 393 14 168 362 303 13 491 691 84 872 63 504 116 732 333 728 405 622 153 16 55 839 83 564 563 70 892 265 751 529 192 711 631 124 197 302 178 986 247
7891