40
7
963 435 72 866 688 997 791 473 717 450 33 497 631 288 299 715 262 98 194 37 67 603 919 280 798 742 129 662 414 780 632 187 37 362 815 52 511 470 147 796
819 479 864 40 493 643 133 877 314 266 581 455 339 495 303 577 186 721 312 731 497 280 958 739 362 101 648 901 724 702 960 713 52 320 481 485 884 866 911 249
208 398 906 113 818 289 441 863 404 567 724 186 51 570 475 966 73 851 390 779 890 643 434 396 832 642 479 330 612 79 7 444 211 502 714 47 3 915 856 314
725 924 688 926 791 787 851 467 743 69 275 465 870 193 997 992 290 323 411 494 196 91 966 940 538 320 315 689 431 611 770 559 873 690 211 434 933 782 110 496
290 695 985 583 358 424 481 860 121 335 81 106 926 48 827 940 217 585 979 924 900 859 371 592 299 998 738 826 746 462 264 574 810 918 499 222 299 902 280 402
859 93 455 255 655 969 431 618 111 363 123 190 316 427 344 81 638 509 141 973 258 142 294 835 672 351 41 949 286 859 105 703 868 803 780 891 509 486 798 393
742 25 201 158 571 741 532 456 600 801 183 895 518 506 425 861 527 265 738 294 224 71 390 802 553 940 655 258 845 560 745 416 11 658 984 797 987 319 283 394
811 644 859 157 925 784 863 404 843 328 551 165 623 896 739 31 899 951 518 364 217 421 857 555 525 659 27 693 875 292 668 133 119 282 991 951 870 250 675 901
11658