40
7
954 488 740 502 989 67 999 713 635 614 544 925 286 460 658 828 337 919 790 967 258 108 231 864 330 593 493 304 949 526 708 149 583 657 256 782 193 178 157 690
567 718 832 133 600 325 375 77 3 92 466 109 148 168 149 188 898 98 328 83 266 119 298 829 230 480 654 811 879 781 93 294 887 734 834 104 552 966 319 475
379 698 322 417 105 107 163 585 592 996 79 765 112 353 817 536 933 368 622 727 574 986 318 129 472 597 918 500 976 898 749 243 112 376 660 663 687 336 166 58
807 649 533 865 731 735 888 165 778 732 827 222 588 372 322 593 417 126 705 922 844 65 811 837 527 339 261 357 56 270 299 379 393 936 805 40 7 611 848 595
982 713 31 848 942 212 248 48 493 910 399 849 710 15 854 948 743 937 358 52 990 845 931 605 802 680 187 432 503 260 868 295 146 599 962 668 495 61 414 634
799 447 768 195 239 630 260 479 802 774 629 7 931 156 990 754 971 193 76 54 553 144 972 782 502 649 435 735 712 269 154 887 791 760 797 871 78 250 773 620
153 981 313 796 999 289 843 750 58 478 489 379 182 143 696 444 828 138 805 297 530 602 386 490 333 83 50 169 730 464 258 104 528 913 957 8 835 983 840 313
617 229 339 488 693 275 448 446 952 67 538 419 358 607 493 584 989 149 635 687 783 535 674 512 420 90 223 110 900 328 771 107 855 6 330 652 710 610 720 713
10031