40
7
217 481 330 646 119 556 853 80 874 395 201 237 138 283 849 157 659 532 461 912 168 821 493 554 543 132 697 297 753 660 986 41 495 582 894 747 212 804 542 511
461 646 722 128 617 364 724 417 310 399 575 908 59 156 563 586 276 437 372 623 868 871 973 704 253 74 919 712 977 639 789 70 247 837 530 957 302 429 267 983
682 203 795 434 66 637 249 763 946 208 581 513 879 234 953 822 599 867 707 641 7 799 209 891 756 429 848 959 268 608 180 265 776 764 38 858 348 251 385 214
101 965 932 854 846 48 568 420 934 486 714 74 461 693 686 736 475 939 662 170 436 89 549 575 689 188 50 913 446 656 13 783 310 414 478 87 380 232 283 319
797 558 959 637 487 878 526 381 111 944 649 61 233 812 349 579 365 215 311 786 806 741 634 443 937 134 282 426 771 314 507 938 526 638 939 724 827 650 327 836
968 790 729 911 873 360 628 602 559 48 248 784 860 284 923 652 3 994 929 246 182 908 238 855 211 524 421 831 276 794 869 544 745 495 293 582 711 778 653 457
397 532 317 707 539 282 155 992 504 649 711 619 256 983 422 990 159 675 630 909 636 397 637 406 382 204 583 385 150 428 699 152 163 665 342 305 128 252 791 114
519 663 726 660 830 858 418 40 239 596 116 586 654 67 418 851 787 175 334 568 192 486 427 837 812 374 779 157 28 568 705 237 741 505 356 248 33 721 646 764
9861