40
7
477 246 635 189 491 304 437 803 583 304 497 876 787 999 465 564 136 363 288 41 19 276 89 862 991 878 844 432 966 785 792 8 877 397 848 759 995 611 285 904
607 351 184 274 193 461 443 227 648 329 60 365 539 943 716 994 173 91 764 612 448 847 487 110 611 890 112 995 569 459 446 708 751 727 5 577 464 561 794 11
748 766 482 760 783 71 903 807 876 468 85 597 451 653 369 51 514 652 279 170 987 447 278 973 525 135 51 332 501 256 392 298 940 296 219 999 899 322 281 366
640 330 30 489 76 434 148 407 242 347 705 911 128 243 595 304 79 967 479 315 13 100 479 837 449 274 685 795 125 500 561 827 606 224 260 161 666 823 712 676
749 856 48 420 691 56 674 367 321 411 289 849 795 936 125 449 921 214 154 978 563 544 21 805 749 537 892 298 78 652 856 219 996 547 128 857 944 151 84 45
551 74 999 608 290 29 890 761 759 244 955 122 147 400 720 690 258 192 156 165 168 688 862 316 97 485 97 737 586 894 337 736 912 977 776 115 756 707 83 572
495 352 910 394 50 826 184 193 378 340 467 861 882 95 597 311 7 787 598 738 969 84 620 941 745 983 801 226 286 328 733 996 591 15 706 418 523 517 609 826
243 518 633 54 436 310 812 402 786 137 231 452 439 826 741 772 688 973 671 109 598 996 910 761 225 84 957 316 508 669 223 629 150 723 539 854 400 223 540 337
10438