40
7
96 55 539 774 298 797 208 797 977 585 374 713 380 776 445 600 304 352 732 765 849 940 390 562 344 273 205 675 317 484 842 322 883 924 203 949 459 79 758 342
826 175 455 820 830 348 127 28 403 325 133 743 129 269 80 278 566 810 863 261 433 988 26 816 793 991 799 874 356 845 670 735 573 107 692 455 158 112 960 615
441 591 918 852 236 818 753 912 636 41 524 585 127 96 309 779 237 686 347 745 909 276 491 381 756 473 453 71 965 639 357 271 944 441 526 407 369 333 733 362
392 906 299 638 501 925 814 71 705 302 997 127 538 987 929 981 750 49 79 513 448 318 571 543 101 103 983 304 295 546 488 367 244 346 636 201 817 284 61 374
727 283 368 761 130 696 95 414 895 86 229 910 110 902 383 78 877 586 252 682 893 764 376 115 185 412 24 824 320 287 950 3 605 13 867 499 677 63 639 883
987 81 672 577 262 95 368 325 549 286 811 852 125 371 722 55 835 398 128 453 884 551 938 253 163 623 442 523 864 749 748 176 273 530 896 280 427 702 421 327
658 609 494 156 679 267 21 749 915 387 754 283 170 771 522 550 819 78 547 755 169 775 71 810 45 817 925 203 244 45 36 963 416 923 272 100 994 560 309 387
113 265 450 168 204 229 568 82 207 727 775 430 200 457 34 969 495 686 585 884 840 835 41 59 227 86 500 367 555 890 254 683 430 426 742 558 275 307 915 584
9051