40
7
809 676 630 225 249 173 696 271 942 709 335 653 316 961 814 80 163 487 925 528 214 612 198 556 424 212 584 535 940 213 998 340 273 777 448 808 408 884 391 694
754 58 764 737 469 189 406 917 621 24 537 712 989 787 27 478 671 574 212 854 767 732 249 955 777 84 633 393 667 753 532 129 453 173 547 641 456 591 902 379
922 297 107 640 789 40 299 827 47 273 937 633 348 103 946 859 739 328 457 933 679 624 332 320 159 438 518 576 409 198 521 146 74 124 111 946 404 478 572 651
127 146 186 130 657 188 962 428 230 229 895 265 13 871 897 968 188 155 230 519 555 20 313 126 588 744 557 766 905 84 167 580 279 561 518 15 104 817 923 214
193 848 65 693 434 220 492 486 565 379 533 301 816 652 767 150 191 417 354 845 678 326 689 714 382 70 928 231 519 722 770 747 28 408 739 636 310 819 178 311
201 125 948 513 789 203 550 536 71 22 494 450 906 575 28 968 815 224 343 599 994 654 251 94 99 586 642 72 952 289 337 118 285 775 833 408 980 880 387 863
899 992 398 424 121 977 140 307 365 812 260 956 288 687 672 689 337 185 188 266 837 439 935 812 226 987 646 494 976 405 90 768 34 698 144 577 364 400 165 296
978 322 192 14 220 440 742 334 121 231 714 540 655 169 621 862 290 74 658 50 498 265 646 588 468 670 753 701 832 159 362 699 13 141 924 525 369 358 344 319
8931