40
7
75 661 446 266 836 741 732 554 457 682 414 549 806 465 622 480 749 769 518 931 433 395 281 30 241 428 460 347 496 998 75 886 848 685 635 387 803 200 521 805
388 376 934 497 319 461 748 297 846 454 494 954 270 38 929 296 650 46 817 827 26 654 862 492 58 476 514 958 432 352 28 24 818 50 12 378 373 287 137 263
55 625 126 98 6 878 496 960 955 114 701 92 750 895 751 197 817 203 951 491 484 725 104 121 693 128 42 819 367 318 325 884 717 282 768 281 753 830 487 165
651 46 88 72 274 699 323 517 654 281 28 755 399 973 297 824 248 680 229 876 651 956 8 179 239 246 494 4 777 676 47 339 407 380 937 359 300 271 880 246
714 438 93 684 72 868 52 389 747 403 78 541 605 160 372 605 43 752 326 712 511 597 738 422 604 423 637 872 767 204 771 780 844 457 248 216 607 204 14 273
448 786 318 457 163 82 755 445 380 441 151 674 830 61 646 820 228 577 146 664 285 974 350 964 850 828 285 755 67 477 113 963 91 963 384 852 738 450 232 26
270 98 996 896 892 112 190 714 55 240 829 20 816 304 694 550 150 251 762 466 717 297 38 701 11 978 532 937 229 696 761 755 58 346 157 976 971 793 520 112
883 975 643 51 188 2 803 842 645 139 341 840 214 661 711 954 346 523 665 192 677 663 86 809 350 805 656 692 36 127 763 612 522 133 517 442 651 10 805 811
10393