40
7
894 459 171 639 336 181 241 401 149 856 147 548 831 961 678 350 449 539 135 808 549 57 905 817 744 722 601 417 96 327 251 658 255 396 950 576 544 503 75 670
241 163 81 437 625 853 761 508 810 345 820 988 711 236 236 894 560 353 239 57 509 962 688 151 349 726 454 38 972 789 597 145 467 982 666 51 701 381 32 302
376 198 403 832 500 414 31 155 763 747 52 981 677 31 199 428 902 234 784 198 613 794 127 247 766 146 705 98 724 281 330 898 304 111 398 378 373 741 474 28
648 441 653 979 724 497 661 915 384 64 894 954 200 467 376 94 923 588 512 811 740 212 904 280 344 625 980 458 252 168 232 57 754 434 906 121 517 107 768 282
265 138 153 579 948 50 252 485 132 286 66 204 376 961 342 169 741 866 669 721 986 67 455 739 885 290 640 115 770 411 655 84 188 57 310 795 607 51 262 851
57 351 790 803 483 837 561 963 739 913 989 451 963 983 273 491 849 392 547 334 995 884 133 830 658 896 871 514 889 833 97 241 400 967 625 240 789 372 618 371
945 238 618 116 421 641 108 560 556 324 215 607 380 141 923 717 913 594 701 312 512 128 738 64 579 289 689 647 111 997 676 53 894 817 229 778 634 556 205 958
546 513 194 47 350 544 159 494 638 957 196 481 588 658 530 153 388 914 530 326 645 220 268 66 31 644 879 177 12 525 959 634 372 584 764 32 362 753 241 860
9117