40
7
253 514 852 718 510 373 386 118 93 432 444 8 357 692 697 996 934 426 67 374 261 117 164 959 692 506 245 993 666 484 426 926 340 420 519 89 786 215 844 149
2 502 294 925 676 351 47 637 501 769 973 709 227 185 812 643 621 816 342 293 594 495 432 128 627 89 600 560 890 597 430 677 584 574 69 263 560 820 496 103
325 897 838 973 56 135 690 640 61 87 62 928 653 851 223 689 161 603 447 840 798 280 717 625 97 505 114 582 216 679 273 829 899 508 758 143 258 221 367 191
571 699 88 967 378 229 781 261 963 159 846 244 462 705 358 541 236 747 947 80 189 791 584 178 498 653 284 889 860 152 667 322 8 215 731 996 901 568 493 892
506 848 671 615 871 913 565 332 412 853 923 551 476 176 942 349 453 316 679 245 178 77 410 697 643 963 551 594 912 67 84 618 18 2 873 628 46 761 762 7
428 660 603 857 890 497 359 454 221 334 973 414 496 125 124 322 538 276 582 99 573 589 448 672 81 564 818 78 849 525 781 167 824 586 503 466 386 489 806 879
684 682 193 810 781 926 417 521 725 352 501 74 803 96 931 24 867 321 596 29 89 657 107 607 590 630 154 583 953 245 977 98 870 391 487 331 309 215 422 859
863 549 192 661 320 495 952 923 382 280 264 320 959 401 117 647 489 315 659 875 134 334 182 800 980 319 694 723 670 982 212 517 784 33 926 743 524 222 545 447
10717