40
7
46 682 737 982 945 691 159 429 169 889 57 443 689 342 14 733 83 270 334 204 866 942 860 238 834 602 943 115 571 579 870 646 778 819 949 330 385 733 712 709
446 508 942 864 789 736 582 191 546 170 784 545 387 852 456 605 650 724 836 163 274 594 316 573 157 970 303 385 192 243 774 723 32 336 725 78 881 725 566 355
176 398 22 530 107 188 595 21 358 473 151 426 799 574 723 987 480 523 356 316 845 406 336 323 18 449 363 675 67 808 931 972 645 350 857 362 598 707 582 755
21 415 637 482 840 381 360 459 587 731 684 897 496 196 632 677 99 526 428 768 767 618 496 128 872 705 829 154 647 72 605 661 471 809 277 357 211 19 17 76
57 428 108 710 822 482 714 626 912 953 968 489 871 640 418 920 902 190 766 592 865 248 879 481 84 931 618 139 138 500 997 867 906 231 757 174 113 903 525 540
93 289 203 943 468 892 773 564 702 601 151 22 666 670 377 573 539 890 363 886 602 963 959 618 833 440 264 574 306 62 637 885 946 725 409 496 866 575 329 73
36 132 782 228 620 280 892 310 964 552 115 829 301 936 831 723 81 839 598 513 553 132 284 406 726 508 960 90 539 139 474 525 313 658 941 270 5 133 340 97
565 117 472 189 916 160 64 79 341 20 389 233 702 127 540 288 162 568 921 95 387 214 457 36 359 470 233 760 896 818 871 774 571 156 282 331 552 584 159 617
8238