40
7
514 25 590 642 541 58 771 594 696 963 683 256 435 876 898 218 388 280 645 664 492 755 689 403 337 782 767 949 345 523 567 158 837 9 477 907 232 407 59 223
169 74 589 358 28 895 972 860 377 6 721 507 114 963 285 145 852 934 291 350 271 966 14 544 206 973 735 93 885 11 602 522 580 137 239 561 763 842 495 277
131 159 885 911 985 289 321 253 626 5 850 472 60 113 928 973 68 615 28 471 375 279 474 62 694 976 136 921 951 30 701 280 857 830 136 305 945 599 878 18
459 903 426 587 834 357 850 334 456 159 929 581 556 944 211 796 757 309 703 48 808 516 69 180 199 923 97 759 384 223 907 386 730 755 552 235 396 884 592 741
346 125 215 852 603 189 329 621 681 157 862 294 901 584 936 220 398 284 686 862 675 243 120 909 118 442 937 667 226 488 755 671 156 731 77 211 363 687 709 615
187 111 768 731 260 354 189 387 580 709 797 927 521 92 155 527 860 881 444 802 224 649 128 980 192 251 775 662 510 112 995 864 995 481 327 341 515 287 776 512
89 617 301 108 577 448 289 972 865 662 911 88 983 830 167 68 924 565 377 788 311 974 763 607 808 473 261 196 980 139 566 104 59 759 509 295 708 391 579 933
102 972 385 199 599 192 81 875 18 554 640 969 462 538 247 319 797 731 265 611 599 980 718 814 899 652 290 337 845 802 702 374 527 209 704 2 136 123 624 140
10017