40
7
847 763 205 499 240 477 136 728 773 679 308 456 680 902 361 512 71 704 458 197 282 153 980 500 794 740 333 923 207 776 276 524 90 79 529 13 69 949 14 409
267 354 862 473 194 768 588 1000 743 268 803 737 335 7 135 343 291 68 584 344 989 743 105 250 751 963 228 652 916 964 74 278 834 39 497 658 534 350 663 969
642 399 972 12 185 866 135 226 88 333 311 71 454 387 636 403 402 549 496 549 497 96 153 275 156 187 403 316 15 465 173 879 834 592 830 763 843 721 359 702
659 259 904 594 458 551 759 239 139 704 113 746 105 872 454 920 606 438 553 820 984 324 344 852 75 295 909 76 629 189 531 742 923 894 886 807 127 199 959 798
310 345 449 331 325 422 487 754 903 944 680 588 659 533 213 281 796 111 213 863 467 488 808 855 718 805 984 155 369 149 35 802 665 344 230 260 721 359 169 37
171 94 504 283 802 984 262 587 432 219 125 557 360 114 498 100 213 306 157 707 97 477 232 599 615 489 315 414 578 500 313 265 545 479 394 892 517 681 636 722
263 593 862 857 314 198 747 873 490 122 286 317 514 296 744 223 336 596 647 160 216 322 871 804 790 803 174 850 148 183 103 328 3 194 987 712 264 572 661 471
874 855 32 668 299 443 620 121 376 25 707 679 820 335 423 317 545 280 663 720 936 164 718 202 555 610 210 767 251 196 58 960 755 848 853 203 394 40 455 973
9975