40
7
348 697 12 730 245 315 314 308 950 333 535 61 577 163 1000 43 34 115 810 783 613 998 279 71 963 737 217 145 568 642 989 569 594 737 838 967 879 929 976 624
335 184 406 464 763 147 170 992 570 612 84 215 930 469 371 492 446 315 91 145 425 445 8 308 481 34 395 948 756 536 664 758 35 310 41 665 50 930 599 734
419 769 585 280 302 197 751 472 172 961 75 754 492 209 259 152 145 582 437 683 53 241 915 532 698 902 621 444 412 962 639 220 9 421 932 404 21 351 321 344
332 899 823 465 730 123 429 480 404 508 72 420 63 434 33 392 458 910 183 253 741 629 399 181 795 777 213 833 630 331 514 545 653 945 955 845 472 706 202 350
14 950 306 154 963 837 460 690 440 563 320 906 201 980 171 229 115 766 304 94 800 120 227 604 217 803 346 444 732 645 381 780 755 178 733 93 163 534 603 893
982 331 265 780 679 715 252 874 516 266 693 623 686 924 142 234 110 986 329 100 636 321 425 18 463 65 483 741 633 978 48 153 840 314 544 666 482 540 267 790
442 203 524 847 578 377 775 341 62 848 353 186 150 336 177 226 175 857 479 509 251 37 301 260 408 129 860 868 482 633 119 866 223 699 138 728 778 847 801 369
348 730 342 133 919 930 113 101 438 357 868 115 987 502 167 429 818 104 366 218 6 699 513 872 283 75 821 426 59 158 900 72 911 572 166 183 640 528 75 955
8950