40
7
452 833 403 731 550 518 739 754 599 886 332 235 966 59 314 617 21 25 121 450 828 744 19 595 14 664 111 598 434 316 939 86 525 447 779 721 639 12 361 624
676 615 160 295 216 895 568 187 208 549 213 648 378 842 301 317 868 646 757 486 942 487 197 384 202 71 865 945 80 8 91 675 417 778 733 473 484 526 713 17
983 666 397 967 32 422 974 30 818 653 384 283 597 770 891 55 219 909 370 651 568 447 684 934 192 236 819 221 697 12 318 879 103 525 66 10 199 528 321 704
603 285 244 451 162 190 731 986 300 430 773 352 216 361 833 416 458 760 1000 469 637 99 144 275 717 81 115 223 449 638 175 27 684 112 613 443 89 932 751 483
717 504 605 290 52 653 391 901 690 829 328 870 750 520 622 495 906 210 4 289 897 52 816 973 532 230 116 81 595 644 999 219 810 764 612 504 336 341 792 206
213 739 984 493 521 980 248 334 942 642 131 896 775 903 514 415 828 882 898 101 119 578 832 866 128 939 497 633 627 314 812 569 945 54 883 239 512 768 94 923
928 347 617 487 608 981 737 601 50 444 721 449 804 182 113 484 746 355 566 96 93 759 654 623 353 508 531 985 832 25 845 463 17 458 308 984 722 715 445 670
289 185 707 961 297 857 29 965 262 661 452 363 850 445 144 635 586 985 88 519 498 592 949 126 994 895 423 817 499 749 625 107 798 625 361 371 248 119 733 444
10627