40
7
471 37 185 620 922 574 83 682 624 111 229 418 878 304 966 23 798 671 644 433 446 845 151 768 17 708 644 632 451 280 236 244 301 680 945 666 694 763 740 237
793 88 808 310 837 186 830 366 610 148 386 765 681 173 620 771 799 168 162 325 129 917 213 254 83 348 558 53 226 577 41 725 498 164 243 121 454 27 137 713
846 767 26 297 933 350 252 203 425 736 84 748 873 149 865 885 158 64 223 677 5 580 70 262 8 141 889 940 795 6 251 930 416 402 706 810 585 325 609 692
30 470 624 453 571 173 161 651 88 269 264 236 926 256 886 567 29 119 488 263 800 338 195 463 205 234 887 448 72 427 58 316 149 822 536 482 997 948 718 947
974 203 855 572 370 640 903 721 94 657 860 403 476 56 504 101 630 752 515 123 395 168 755 706 729 899 14 959 141 720 31 691 454 579 618 208 575 277 997 957
848 882 299 973 562 146 948 290 807 352 135 962 165 73 203 587 613 273 525 480 849 191 613 480 591 523 340 151 139 308 584 306 950 993 688 542 724 275 60 579
813 282 186 85 648 292 629 509 474 903 936 31 216 362 231 287 483 923 710 901 488 132 575 848 942 820 677 699 207 344 905 627 597 532 459 911 903 153 733 216
956 330 653 945 822 570 868 332 859 78 886 472 97 305 901 768 258 951 601 710 187 500 668 19 177 683 460 567 640 309 975 783 16 313 273 473 279 651 386 527
10624