40
7
841 459 836 796 97 351 108 863 482 317 614 836 660 571 958 873 639 934 546 824 896 759 957 758 85 324 433 815 372 177 671 736 947 497 934 489 308 327 796 168
308 270 153 672 284 326 544 983 812 345 644 952 438 148 825 819 720 386 391 221 821 599 397 309 624 125 607 581 550 976 60 755 708 948 439 647 138 937 452 108
862 512 103 342 889 239 334 617 855 926 510 592 803 998 188 870 427 545 236 565 37 925 330 226 521 799 608 11 67 652 298 361 866 606 711 574 173 595 517 543
172 170 846 689 588 813 421 797 192 673 372 884 492 983 381 673 590 269 180 105 996 690 131 91 11 694 258 989 529 915 408 379 475 172 366 637 486 141 563 180
836 177 87 979 713 446 268 987 723 3 124 439 166 466 844 782 671 975 661 257 301 287 226 359 920 773 335 216 81 595 704 928 859 156 762 594 556 142 837 459
914 68 947 229 268 338 781 146 325 310 314 359 240 348 730 265 882 621 953 141 407 153 910 603 20 883 842 885 730 25 258 675 894 837 397 49 802 128 836 747
394 263 435 386 493 117 521 167 121 789 107 269 90 912 130 972 102 1 424 700 878 355 94 855 272 393 314 164 603 587 289 480 465 360 921 198 520 111 522 378
268 997 679 121 727 603 854 873 366 652 822 263 302 451 771 730 356 859 998 241 294 871 566 857 976 911 572 219 647 414 728 75 775 344 657 971 66 957 887 113
11917