40
7
165 110 757 397 998 939 733 423 658 613 558 808 341 420 632 523 169 251 899 636 433 171 425 105 632 455 889 928 664 914 797 374 629 281 541 777 606 982 707 223
989 193 471 759 145 81 835 934 117 871 525 472 581 596 120 278 971 415 497 702 65 245 56 123 891 62 919 321 519 786 318 847 638 439 986 484 860 240 160 592
259 3 143 517 741 348 356 344 599 345 331 176 367 672 315 9 546 636 292 441 530 454 172 559 341 473 613 582 640 519 313 745 535 363 426 717 767 219 986 852
48 113 840 75 917 335 735 167 683 414 748 785 45 841 265 320 554 556 951 977 8 915 408 654 357 662 212 846 848 565 188 52 206 315 693 127 268 132 611 351
832 790 821 978 584 703 462 984 36 260 160 750 264 436 429 383 351 436 721 32 845 967 670 60 439 40 419 437 134 983 79 321 279 530 705 525 294 529 498 403
505 837 468 814 697 298 136 272 195 350 508 581 398 354 174 248 766 467 782 835 805 588 632 965 594 862 226 309 361 621 362 211 438 72 99 571 441 558 127 328
408 239 567 660 848 581 200 513 855 666 741 192 299 438 536 46 378 640 18 564 714 115 919 362 734 247 855 901 326 127 835 860 230 268 854 335 245 144 58 625
865 344 406 767 783 447 714 509 691 631 436 599 126 966 554 634 865 182 396 30 591 444 375 133 937 212 925 723 230 960 642 697 520 579 707 656 63 904 820 741
11402