40
7
631 844 703 195 288 799 523 778 738 29 234 223 710 134 221 120 198 105 255 717 572 812 813 222 494 353 153 814 481 114 142 288 868 836 82 633 915 114 827 894
904 213 626 715 767 859 651 695 749 108 784 653 723 11 763 42 483 341 758 172 3 94 879 306 750 758 497 470 58 736 552 785 921 587 128 8 386 231 308 829
192 824 679 890 52 71 710 34 936 967 258 159 587 848 463 985 649 786 873 82 230 835 429 545 490 41 655 304 637 647 568 586 368 974 814 233 465 332 155 715
310 896 14 306 923 861 677 995 859 286 360 279 707 678 547 907 85 14 872 231 478 512 231 526 176 326 267 283 79 605 465 418 41 290 193 67 883 426 126 37
443 375 355 39 974 263 312 329 370 759 804 817 38 182 641 288 745 692 681 225 405 489 617 473 33 330 690 780 460 541 201 126 98 697 336 276 775 172 920 107
53 501 606 94 164 629 874 97 536 624 136 402 955 875 688 118 717 827 97 884 54 122 49 707 354 304 801 307 862 326 330 296 760 466 274 894 480 651 594 997
369 335 477 345 351 35 598 985 102 177 128 19 287 373 150 960 770 298 162 99 540 193 166 614 847 469 751 361 557 225 61 428 866 954 815 774 346 189 743 616
876 620 383 94 239 5 930 482 364 188 348 18 154 67 718 751 963 61 543 915 413 341 611 621 230 546 790 944 187 127 940 528 481 922 834 535 625 362 940 722
10209