40
7
864 60 559 223 772 631 297 632 799 312 28 418 833 625 200 69 274 561 291 622 51 321 911 476 733 830 574 409 407 583 449 779 972 401 79 595 117 858 218 191
352 619 419 377 481 114 687 107 408 956 773 896 963 326 754 382 765 514 997 133 759 882 515 898 993 115 76 684 562 218 274 986 481 623 620 568 894 899 669 228
260 282 708 427 171 358 262 418 350 188 508 36 999 144 364 656 742 28 503 573 15 120 146 586 333 762 285 203 432 379 710 672 940 62 938 263 197 312 920 449
440 560 489 18 177 57 253 499 502 295 154 837 394 744 685 835 902 698 67 831 96 774 128 709 482 398 660 470 624 789 44 791 214 142 727 993 466 652 940 837
460 676 332 593 9 34 341 147 946 768 723 558 435 539 53 430 51 889 590 366 902 387 77 781 319 8 919 926 639 255 314 91 585 291 651 524 722 328 341 533
986 214 819 784 828 623 734 413 944 318 32 58 203 441 853 486 519 449 336 902 409 37 82 968 569 465 126 247 335 993 461 29 797 236 263 642 798 44 547 243
253 971 261 470 206 35 100 726 769 214 820 369 805 243 458 470 587 762 771 702 217 704 123 874 731 113 441 536 242 178 643 651 92 376 885 32 541 967 860 692
34 655 801 144 766 817 173 191 880 270 610 546 551 339 267 686 686 696 231 645 246 894 992 675 299 170 909 738 232 324 641 503 845 45 950 775 662 384 945 529
10873