40
7
705 273 588 269 647 670 207 986 730 375 983 930 310 849 746 779 357 863 31 154 148 514 854 168 670 936 548 272 308 467 312 418 256 842 149 818 79 658 204 393
956 297 72 295 901 368 988 880 625 924 856 270 218 312 120 280 907 483 703 755 189 990 275 176 74 781 26 357 452 991 190 191 823 566 113 387 481 498 195 403
896 995 592 587 637 309 786 255 313 870 630 611 570 680 644 928 201 305 592 72 146 354 452 959 35 516 800 670 298 660 78 512 4 325 68 870 753 956 419 129
309 502 754 524 656 553 628 745 673 966 132 331 917 308 282 777 380 459 415 188 828 126 126 652 272 523 511 129 221 472 830 292 228 779 224 565 532 989 694 524
111 72 927 42 114 153 33 386 868 818 388 844 977 222 378 320 689 667 48 28 533 834 937 41 650 407 365 124 63 943 897 242 791 45 215 410 630 226 71 342
538 397 964 425 291 806 281 523 102 548 167 213 67 140 113 266 256 342 869 609 569 710 471 531 52 417 969 610 484 405 563 328 12 975 273 172 96 264 968 858
669 655 836 440 999 351 82 478 263 721 276 819 645 763 224 371 577 988 159 68 189 96 32 378 832 685 893 177 810 552 681 430 136 396 310 857 337 90 508 790
908 328 379 151 312 219 889 941 189 368 479 11 971 545 294 398 954 832 380 640 850 253 745 382 958 555 486 673 314 167 249 104 48 606 687 368 577 555 718 914
10199