40
7
884 355 962 204 885 585 155 138 400 647 237 129 535 513 347 239 639 922 248 475 419 291 824 357 309 981 847 454 344 114 260 430 334 365 802 120 621 488 462 896
678 80 414 124 703 413 955 81 604 828 444 186 205 482 932 650 984 801 534 811 158 852 55 847 59 87 212 526 424 550 66 34 236 52 933 827 690 443 240 159
63 808 247 380 843 895 782 364 56 461 46 897 61 395 137 885 337 967 54 971 875 354 228 506 935 738 774 918 530 222 680 222 142 810 332 569 595 373 97 399
963 818 530 499 886 709 549 647 729 702 433 360 550 940 733 339 347 704 491 105 560 249 451 562 998 156 472 833 270 544 84 578 432 543 634 514 183 705 704 959
118 325 536 241 203 988 299 93 15 938 367 200 201 689 227 409 146 648 805 183 49 182 237 790 204 181 942 764 461 469 259 376 347 973 304 489 26 134 563 605
504 411 224 76 191 763 911 201 995 747 370 589 224 690 884 144 810 179 659 327 975 159 399 121 338 896 566 501 510 346 225 100 763 983 858 945 558 82 66 511
527 608 764 512 499 776 766 874 387 436 624 865 302 895 596 464 64 79 529 382 89 366 175 317 860 864 997 190 895 961 638 181 578 531 308 489 376 213 711 869
121 59 104 244 108 645 449 163 909 313 918 66 125 918 686 641 143 637 23 487 748 28 588 467 242 151 939 811 753 139 731 903 88 236 422 191 267 791 213 40
8254