40
7
231 267 252 445 798 133 697 710 748 603 732 896 47 201 324 684 316 910 674 888 366 991 471 787 652 781 134 832 239 485 386 940 426 480 597 852 529 208 237 586
110 897 292 339 598 144 356 758 207 406 80 41 766 445 333 704 763 124 302 50 330 744 268 227 443 837 982 144 785 405 65 125 404 88 881 984 570 554 890 189
735 463 170 961 449 534 842 906 909 719 620 641 954 796 869 596 917 739 307 834 384 990 380 243 226 626 664 378 458 312 554 928 398 981 765 601 635 496 538 198
244 397 171 376 252 111 939 886 366 736 898 933 483 335 705 907 775 843 687 485 663 221 759 969 742 817 121 263 650 825 810 911 690 411 632 507 80 499 782 159
859 51 459 68 83 535 434 819 355 540 110 215 875 801 388 640 576 231 886 260 605 776 559 606 540 954 956 584 86 432 686 527 64 688 643 971 848 602 476 18
527 482 68 685 856 732 444 868 671 596 750 187 953 113 19 389 853 277 136 843 524 823 709 2 814 463 995 600 679 551 531 159 975 872 798 705 896 296 318 936
557 607 734 604 954 16 654 666 184 863 379 877 340 931 855 525 42 76 39 226 889 88 116 458 982 591 203 479 151 810 874 577 880 990 79 224 299 622 69 804
907 1 98 971 262 494 694 421 584 441 980 94 214 339 913 91 768 931 556 50 484 790 378 225 610 413 283 340 776 482 661 732 316 49 783 338 690 958 464 824
10203