40
7
802 323 568 628 800 723 286 950 75 874 492 524 293 827 351 434 130 437 884 531 13 154 22 972 958 677 202 893 440 892 885 394 839 611 912 792 420 756 773 58
566 893 116 855 103 229 380 57 673 386 471 610 149 791 775 725 77 119 984 579 524 841 101 422 683 764 914 417 48 992 457 188 805 779 684 484 2 772 438 371
943 402 446 587 683 985 28 956 374 509 60 197 806 925 741 563 111 158 689 807 410 165 49 381 438 322 223 530 717 264 178 121 94 96 928 428 813 771 407 365
206 795 393 937 939 177 295 767 998 670 910 391 941 932 950 357 604 952 379 990 935 64 873 460 239 498 609 317 91 361 582 559 16 424 918 249 655 252 837 860
845 767 938 867 415 319 743 703 442 480 73 276 423 25 168 916 294 733 393 10 135 264 547 985 468 173 841 150 271 104 460 240 727 218 41 954 447 684 992 24
183 937 795 677 491 299 769 612 759 706 906 383 713 973 992 118 132 933 150 297 469 240 812 798 990 673 474 493 626 932 80 423 254 908 974 357 397 809 321 11
970 126 961 721 402 642 867 457 701 398 320 324 613 585 839 16 677 876 693 571 37 676 520 4 782 523 985 4 998 964 891 536 84 881 659 241 858 698 569 512
598 825 439 382 922 700 22 722 16 552 387 997 695 595 718 815 72 586 204 561 477 368 996 381 542 410 868 780 466 952 738 464 51 779 25 966 146 854 78 226
10688