40
7
528 900 679 134 753 806 392 857 994 919 877 305 423 475 322 522 588 492 255 819 906 859 875 344 873 546 161 286 443 387 646 220 101 552 241 154 300 629 993 598
989 856 794 492 192 558 826 814 953 456 618 948 287 290 356 472 495 543 628 130 915 750 473 438 750 240 207 805 414 912 191 718 388 226 69 4 247 328 865 664
302 975 663 859 353 241 15 205 611 575 197 710 632 409 495 185 400 818 93 208 961 568 394 599 476 108 42 452 695 161 127 199 230 743 225 975 187 721 464 863
100 790 823 319 845 734 589 592 195 949 881 400 786 102 352 699 949 586 572 968 178 245 982 754 686 275 103 179 190 14 479 435 498 110 838 259 697 103 450 515
162 139 567 246 529 889 720 672 421 369 957 483 644 368 140 194 459 761 422 718 779 159 551 135 524 867 261 200 757 216 589 961 65 598 793 819 913 429 289 418
552 236 635 288 572 6 997 964 683 616 209 247 43 345 908 70 569 976 2 737 757 648 899 500 142 387 409 658 853 344 382 125 556 571 238 810 961 255 279 990
413 144 449 558 949 804 120 140 912 374 7 67 761 645 961 520 704 207 817 670 902 507 90 443 526 316 817 100 260 76 919 920 267 201 330 777 751 82 300 881
22 693 6 854 392 490 985 523 477 103 972 998 430 983 138 334 149 490 37 615 822 844 15 498 953 766 551 189 231 121 547 36 595 735 706 799 150 148 680 933
10005