40
7
100 810 418 914 725 578 518 756 320 649 179 766 394 309 901 336 289 367 259 812 477 288 899 25 792 693 230 707 444 648 425 436 788 159 890 563 508 320 697 193
411 667 150 8 146 734 990 49 552 534 190 543 74 845 708 331 282 40 672 956 1000 576 809 401 233 897 818 713 154 220 7 737 450 385 899 500 308 270 737 662
500 843 16 294 194 41 880 878 647 65 273 359 7 939 625 988 152 815 820 1 224 179 320 623 386 881 97 72 634 542 917 817 78 678 212 586 219 500 26 54
218 26 177 641 253 826 906 807 929 424 558 605 533 731 740 943 945 588 274 207 143 136 152 340 534 721 527 345 916 733 425 233 8 165 670 825 268 344 189 443
69 945 67 332 235 10 555 897 445 225 286 911 576 954 299 777 586 852 126 346 24 161 895 23 122 493 873 523 777 860 559 786 512 481 15 752 597 749 432 441
396 813 824 96 870 279 420 387 853 113 69 488 855 529 914 747 562 52 941 535 847 645 889 136 133 228 34 459 811 26 2 827 48 482 598 423 561 290 443 625
607 734 621 259 262 381 624 664 921 582 780 523 807 887 212 790 207 596 15 668 16 436 149 102 778 804 3 980 605 52 237 236 993 515 713 936 538 684 762 280
443 191 456 217 929 328 729 958 495 287 31 17 346 173 356 372 601 329 891 560 695 353 985 346 20 520 468 658 738 530 307 825 968 873 382 24 125 377 20 75
8999