40
7
602 912 759 333 967 486 984 165 980 660 1000 715 396 19 418 971 866 839 442 587 283 516 895 462 871 253 233 572 782 935 862 506 656 287 282 314 237 469 512 216
440 294 75 214 871 461 297 622 489 70 123 149 372 814 138 542 614 893 646 425 203 724 741 892 755 288 920 26 777 184 661 504 539 512 743 735 56 180 115 89
75 755 997 54 839 287 800 503 431 210 143 938 6 148 465 109 814 782 540 543 533 599 231 143 820 422 527 530 721 475 699 822 348 45 509 750 377 181 425 732
522 450 161 611 595 162 930 140 696 898 71 92 920 272 443 504 370 205 137 481 267 703 315 201 831 915 347 735 105 697 9 978 442 393 566 239 228 322 571 639
410 357 722 637 140 787 835 908 222 486 114 752 901 364 976 14 538 320 154 684 448 468 747 258 844 328 343 510 157 731 187 630 151 580 54 529 77 125 23 277
252 956 282 218 412 710 364 508 98 793 564 606 178 453 471 453 849 882 762 497 499 462 569 322 617 802 956 68 548 191 656 94 798 503 738 490 395 596 858 314
790 877 703 570 879 576 359 557 177 554 912 419 183 158 275 479 776 352 129 418 97 517 221 946 317 176 378 682 639 779 331 389 540 655 661 983 807 90 579 570
166 205 24 405 229 106 831 310 672 635 323 163 994 701 15 509 444 385 443 872 210 304 949 873 465 37 808 192 656 604 949 405 29 765 787 689 523 807 385 849
9859