40
7
194 409 147 290 953 261 88 226 687 102 221 63 94 65 388 910 147 771 522 295 385 514 987 534 279 186 665 803 799 845 95 782 580 287 542 181 6 398 701 79
864 942 718 975 29 134 944 802 601 347 618 453 953 939 659 785 969 349 981 15 901 566 10 778 943 535 105 2 366 994 380 964 69 43 640 435 72 601 62 623
393 660 285 857 978 543 838 826 761 13 22 439 943 150 669 420 983 953 335 160 785 314 163 835 112 773 341 990 904 322 320 641 652 792 399 638 284 269 318 284
104 267 953 525 759 958 644 170 523 673 884 651 190 448 80 197 350 681 502 925 481 692 208 9 826 238 99 830 617 232 223 944 369 906 933 239 918 709 400 762
14 941 870 8 575 393 376 557 954 943 482 169 820 319 43 1000 182 842 411 465 618 973 885 912 935 124 899 898 262 284 272 528 687 580 118 332 813 224 868 778
691 111 823 503 10 70 344 805 265 216 359 354 85 137 677 462 485 222 892 939 116 119 885 330 792 148 817 622 252 984 778 774 956 365 510 30 129 913 607 120
832 645 16 44 339 232 492 75 598 352 819 387 538 798 445 607 389 873 486 718 122 1000 941 123 282 781 186 651 905 2 801 484 411 482 118 925 339 916 448 454
80 598 835 89 914 368 212 822 685 59 999 427 838 898 46 885 438 516 189 253 319 884 346 622 641 942 161 734 488 374 923 63 16 109 475 304 449 389 462 122
9487