40
7
511 530 790 940 426 74 876 322 403 765 500 942 869 22 900 67 430 613 732 444 413 444 213 728 521 957 626 840 266 704 481 997 219 200 860 146 30 211 230 143
560 277 408 260 917 522 959 612 252 344 849 657 176 441 792 470 642 970 811 305 935 155 20 263 912 175 892 15 180 468 843 801 816 772 710 704 913 424 478 505
209 755 235 891 967 737 273 884 346 544 937 859 233 935 93 871 266 54 810 773 528 310 278 272 266 118 511 397 964 551 399 459 526 926 493 823 57 12 99 49
247 490 31 946 978 368 320 67 537 679 560 789 819 827 332 457 464 400 762 897 875 941 966 889 103 59 134 830 936 697 824 726 620 984 669 894 143 581 206 449
492 895 121 329 878 713 482 313 364 535 3 51 874 308 457 712 88 757 862 817 738 154 29 538 37 246 374 20 764 244 857 108 100 802 965 715 619 790 662 997
944 42 882 587 603 984 527 920 15 452 775 647 434 430 734 658 126 430 993 447 812 503 414 616 580 28 237 167 440 542 693 748 215 63 417 452 729 339 189 255
187 355 48 544 349 172 655 511 557 10 904 250 454 345 494 581 173 259 523 696 52 376 571 214 942 120 648 15 218 133 735 802 137 352 349 261 563 169 301 369
732 80 721 919 36 54 451 36 834 918 45 801 378 360 751 967 436 286 637 495 521 358 579 378 552 830 747 539 643 360 789 370 587 417 431 472 421 437 918 944
10615