40
7
980 412 170 670 54 195 918 235 956 327 186 941 737 21 254 461 432 455 37 161 392 118 576 624 415 411 19 535 449 578 771 475 599 454 490 207 509 482 775 436
988 938 110 586 484 646 252 34 530 888 968 213 558 428 468 323 915 758 360 37 69 882 846 652 371 499 11 608 620 526 551 738 384 344 400 798 980 554 441 384
374 819 392 388 565 753 469 581 91 435 987 923 643 815 493 438 241 352 260 555 484 359 951 979 878 549 193 23 588 716 818 79 655 484 247 328 908 468 88 290
83 333 765 271 271 674 70 127 436 284 790 405 305 959 396 842 909 932 234 366 20 171 507 124 635 312 684 800 902 939 658 384 428 601 662 4 226 304 742 466
253 882 337 776 478 733 815 565 176 858 80 822 582 948 61 686 873 538 563 164 255 940 315 441 391 336 246 3 353 527 678 886 332 885 552 102 352 914 858 17
150 631 148 356 709 395 497 604 391 737 810 731 165 482 520 785 908 432 67 602 412 702 226 118 502 181 260 554 481 480 236 883 889 984 472 575 496 282 695 158
42 24 130 482 135 574 648 898 33 522 848 502 80 328 13 985 943 231 625 634 617 879 311 280 211 33 152 218 372 806 435 207 538 835 469 939 931 636 848 937
288 177 768 424 116 22 978 800 365 276 501 967 575 107 27 949 383 207 317 993 551 333 927 415 210 204 670 994 52 370 528 322 509 639 982 893 468 706 491 632
10068