40
7
970 197 275 934 427 394 788 493 554 953 867 248 667 448 566 455 588 636 201 181 839 428 991 314 461 138 29 825 260 383 717 72 576 381 888 241 732 34 30 649
580 357 582 555 697 919 487 545 960 35 289 395 823 679 599 812 445 181 971 38 535 24 856 580 450 614 327 420 243 708 657 470 687 865 186 42 14 987 490 772
197 581 121 106 537 991 204 397 795 323 523 794 434 264 853 568 656 891 658 655 601 172 314 744 453 903 553 471 300 978 1000 229 234 296 605 342 36 848 41 754
920 659 804 467 1000 784 363 577 20 978 703 182 385 377 139 434 100 799 331 800 324 40 649 739 593 767 666 615 880 981 546 67 565 485 330 699 945 397 749 328
887 311 639 189 802 588 328 247 770 262 815 259 48 902 614 645 911 33 735 673 170 335 627 79 347 27 97 798 179 88 669 478 867 546 528 905 687 372 470 1000
955 284 482 990 211 893 604 300 725 807 38 463 849 429 461 433 144 191 492 271 540 518 835 414 738 58 880 281 660 297 98 597 17 941 318 6 873 527 205 135
760 896 139 312 640 859 464 732 997 859 648 418 626 325 880 338 611 701 188 261 1000 830 861 275 631 94 940 765 648 345 659 997 76 818 388 942 129 883 659 720
349 899 4 995 810 77 726 85 196 467 512 104 81 625 537 557 912 760 844 689 27 129 7 916 210 65 216 690 65 372 469 541 284 286 944 897 928 454 866 360
9478