40
7
823 661 131 641 913 677 992 834 902 375 872 444 980 770 720 968 127 144 192 877 134 173 571 59 418 709 778 446 14 671 260 961 1 583 697 248 814 777 855 704
95 979 169 456 880 452 187 165 632 142 243 686 569 923 952 203 704 54 530 38 782 288 958 909 381 328 740 826 493 756 867 384 873 61 947 870 796 191 385 300
165 390 883 326 701 910 741 70 916 400 82 915 829 533 64 601 168 520 634 249 208 487 52 606 582 42 485 959 907 991 478 275 784 12 847 163 451 863 689 269
573 292 672 515 50 405 20 971 559 265 661 200 925 687 125 476 540 149 256 551 528 665 353 138 976 28 933 666 535 143 218 709 71 868 841 986 494 369 276 592
682 815 526 627 685 683 427 617 306 85 188 550 902 362 171 779 308 480 455 580 477 248 594 84 943 907 629 645 524 673 212 844 617 66 181 571 515 119 685 753
268 234 577 104 677 502 72 584 70 249 882 236 73 663 454 163 941 537 829 600 456 291 47 904 212 860 408 217 30 209 864 339 690 833 96 868 447 949 51 893
177 144 83 352 868 981 111 496 473 533 145 760 328 771 160 110 1 991 673 507 9 902 715 645 477 174 506 547 411 452 612 971 962 616 345 644 243 406 627 236
767 293 723 67 200 48 616 739 211 663 853 948 305 995 854 727 954 332 481 350 436 438 872 760 291 609 69 417 365 874 98 730 841 618 903 217 678 552 67 81
10521