40
7
42 42 595 284 647 640 692 102 119 798 593 385 265 860 533 342 435 104 57 708 603 202 152 49 156 764 427 974 992 167 608 906 441 56 221 699 833 86 176 32
738 541 856 790 767 601 10 322 718 484 748 441 91 453 156 750 529 838 974 909 854 161 871 856 506 257 44 681 615 169 136 996 846 502 337 852 762 920 458 234
493 180 713 1000 406 34 247 386 500 620 346 837 671 505 93 913 226 868 379 969 540 30 496 251 301 137 265 6 193 43 3 190 809 600 255 976 332 635 208 40
365 159 333 90 179 490 253 502 918 641 431 943 589 294 580 385 76 539 147 557 708 496 147 783 976 526 515 889 112 61 822 467 653 977 47 353 978 688 209 372
5 998 249 393 495 771 653 522 265 786 622 568 288 810 344 123 88 792 442 76 449 65 375 366 537 369 271 351 114 665 90 68 757 903 151 834 870 590 761 770
841 773 704 494 700 929 780 791 882 194 383 958 397 104 695 619 185 12 749 340 950 890 824 537 150 563 346 237 360 904 269 982 775 655 992 215 748 837 903 33
255 133 684 352 386 141 482 27 514 496 990 704 684 52 958 678 410 225 372 759 673 81 384 544 767 900 291 796 667 113 316 231 397 783 323 300 624 641 888 528
893 179 769 935 248 668 397 694 771 261 150 570 396 944 717 844 304 206 576 645 188 153 798 391 967 262 712 996 274 216 178 107 181 245 23 614 251 636 67 382
9404