40
7
138 642 899 661 114 404 220 392 383 947 550 247 939 636 8 18 684 158 583 324 463 69 762 408 348 483 753 774 214 890 998 597 163 967 293 410 149 960 566 5
10 213 638 343 603 263 303 908 861 520 770 511 364 862 863 118 566 793 106 457 57 281 964 925 721 793 571 639 609 425 126 243 480 272 481 441 190 385 822 406
237 447 849 370 455 362 752 802 666 873 79 984 701 298 845 923 815 913 503 72 405 836 53 358 237 838 501 807 379 712 241 221 159 455 339 204 315 657 51 381
159 456 220 447 816 846 55 96 280 567 280 775 460 947 223 659 86 717 369 173 448 848 546 912 471 358 121 497 355 871 103 767 979 550 392 699 534 91 691 570
933 188 73 889 443 777 120 388 971 623 572 929 49 948 368 888 974 842 216 418 572 53 410 737 861 686 93 57 112 104 14 198 632 176 560 689 782 788 231 318
473 766 125 152 421 97 664 28 469 373 700 952 213 303 210 765 763 79 295 528 530 606 542 998 347 619 298 926 381 619 880 979 416 912 164 204 261 637 123 787
515 195 921 335 270 4 733 558 899 739 514 929 633 946 938 240 405 175 50 248 963 95 599 714 26 154 258 983 310 207 441 468 207 201 810 374 408 947 302 813
797 92 144 794 718 890 209 99 596 766 484 529 777 780 527 240 712 350 833 721 979 411 115 393 649 306 582 843 724 368 92 452 623 253 567 445 59 93 295 692
10000