40
7
574 404 178 981 92 802 373 181 759 593 704 159 565 583 500 330 940 362 980 665 864 745 490 36 664 212 636 702 348 795 841 336 42 458 69 510 640 688 758 818
17 1 781 909 186 249 350 222 185 277 65 623 704 883 617 275 67 623 586 1000 301 287 39 519 733 604 791 360 741 713 281 902 491 71 867 191 794 645 505 105
462 958 176 928 331 412 873 363 690 550 644 792 753 348 98 404 64 429 142 13 571 744 285 449 534 808 760 906 479 426 327 839 421 562 859 722 854 125 322 363
325 676 14 28 412 938 339 806 431 406 483 621 578 50 488 232 298 531 651 7 612 810 19 220 109 440 574 143 481 186 984 838 737 788 500 516 392 561 20 285
485 149 352 981 42 377 671 331 176 535 946 4 964 865 980 524 958 757 967 370 126 275 90 681 466 892 340 375 551 645 364 902 38 257 360 270 823 347 754 661
896 390 173 220 899 149 763 723 67 968 417 723 297 302 610 464 245 231 988 169 75 877 387 812 136 566 252 738 927 769 314 992 676 693 331 828 448 886 581 558
909 657 340 66 650 474 710 952 491 997 877 494 328 645 394 683 496 288 689 106 137 433 261 832 590 378 714 622 345 445 964 386 571 79 96 231 789 382 333 988
569 698 525 886 960 195 440 715 934 636 639 211 146 584 37 763 714 74 324 664 104 977 630 440 95 595 260 178 542 629 214 539 906 958 466 454 168 64 838 818
10295