40
7
251 35 452 87 328 667 619 491 803 403 461 782 311 128 65 164 847 756 711 342 333 426 77 857 646 312 28 170 182 489 538 838 467 318 193 794 704 156 111 393
729 894 615 588 822 393 532 810 824 540 300 922 939 464 274 87 148 974 202 217 839 163 614 990 530 513 60 288 458 449 233 980 392 582 431 310 62 180 794 503
76 550 429 996 59 255 122 266 968 340 875 765 871 602 911 70 620 65 129 647 687 202 437 357 153 605 108 23 359 301 6 52 39 644 625 375 124 557 129 383
171 799 578 964 683 512 161 721 959 468 33 775 53 230 141 726 507 475 729 733 386 769 92 913 750 907 754 233 854 52 390 580 638 838 512 190 73 333 424 295
360 3 648 987 840 507 121 159 895 166 966 817 87 911 399 198 633 344 973 308 365 40 907 941 487 618 912 44 898 572 743 663 919 833 373 739 46 187 965 896
344 108 14 403 726 878 317 304 812 409 815 930 826 358 844 824 562 610 713 92 954 427 896 12 496 94 877 789 471 82 682 902 596 269 371 14 308 802 749 900
43 662 279 101 908 33 721 159 170 641 85 895 799 216 999 845 892 116 955 366 927 229 143 887 919 164 922 3 88 692 302 450 356 456 489 947 81 559 90 37
320 614 640 688 656 551 57 883 693 236 981 535 669 686 537 98 624 966 81 81 899 806 372 509 416 449 101 763 659 61 841 321 768 291 220 873 363 476 272 730
10393