40
7
483 333 783 258 551 319 786 864 152 523 303 209 351 419 737 104 563 551 766 162 468 838 291 494 317 455 165 92 246 855 999 367 234 222 331 24 688 166 72 836
294 950 733 635 145 683 763 388 757 354 696 367 693 921 912 466 575 883 404 255 991 894 955 807 862 536 59 664 45 940 640 884 774 865 960 767 176 36 596 824
435 461 730 437 610 87 722 416 511 7 768 918 319 198 460 12 556 478 352 720 740 931 977 89 507 416 554 323 550 95 219 611 539 443 327 91 625 116 834 816
714 381 310 588 445 536 712 774 555 862 940 961 572 302 174 237 836 688 529 986 655 175 610 360 90 181 601 426 169 41 219 548 599 685 66 366 375 217 630 477
509 1 142 430 65 750 20 243 355 977 597 713 481 443 102 651 579 494 711 71 453 981 277 567 616 479 25 238 820 216 40 988 135 28 791 318 409 898 456 894
799 533 30 427 734 511 951 817 937 563 746 895 118 799 916 171 892 217 517 381 11 626 464 968 328 457 801 748 874 976 327 322 717 37 264 558 373 42 749 208
451 407 225 393 200 736 138 575 261 196 780 996 540 769 180 444 334 346 206 247 672 654 923 57 565 214 695 960 579 175 23 980 590 682 247 523 90 947 431 345
526 279 37 261 761 885 399 43 416 640 140 910 869 676 812 120 13 3 982 510 686 466 355 808 201 304 459 91 842 659 540 525 970 174 202 275 781 43 483 280
9213