40
7
265 357 128 618 366 759 641 93 284 251 957 950 505 730 971 174 699 640 991 884 268 665 887 573 274 116 538 189 449 939 775 548 906 8 646 585 326 901 543 550
776 695 919 93 773 391 808 200 438 231 664 798 875 815 231 248 917 420 852 270 918 259 993 457 866 147 735 855 234 524 323 882 271 742 678 58 280 301 58 641
927 632 480 313 650 488 227 594 172 276 109 516 771 358 671 714 257 616 626 314 390 746 125 546 930 320 66 254 663 965 950 868 753 908 769 444 31 244 950 364
979 329 452 651 389 143 666 265 512 613 380 444 752 384 635 878 351 387 213 20 670 996 787 936 563 28 151 680 490 979 670 796 70 945 865 494 57 780 839 580
996 931 299 433 974 885 167 461 348 377 766 553 792 431 581 645 637 794 759 734 612 498 22 805 653 31 287 489 538 16 571 763 392 114 707 312 856 130 466 554
302 614 311 649 756 105 706 345 418 144 895 611 401 708 20 276 664 806 737 922 167 214 131 646 364 964 950 302 835 319 814 307 801 629 405 378 475 597 250 23
123 108 872 695 34 998 368 28 875 716 769 906 998 644 453 91 368 745 872 536 177 976 908 4 904 436 897 39 675 883 189 209 3 272 37 255 116 942 88 74
558 404 538 93 393 228 160 952 869 176 478 744 633 6 528 72 971 683 384 43 116 660 816 24 328 357 516 294 201 332 730 902 718 92 477 894 644 878 781 774
9724