40
7
974 537 901 904 20 681 806 756 249 277 368 817 62 610 347 889 67 370 322 529 563 314 968 52 580 418 218 819 414 644 267 538 294 481 509 485 69 390 359 567
533 112 148 828 104 707 836 546 519 330 840 757 155 843 943 753 291 948 720 894 556 653 48 283 979 80 520 728 345 773 218 532 957 534 434 71 714 175 245 967
153 970 837 331 4 63 114 503 9 700 958 615 25 10 285 739 473 303 554 956 381 866 995 508 91 95 936 906 406 202 805 424 697 591 437 400 268 337 983 635
883 953 768 312 469 684 867 257 508 477 959 746 534 101 860 830 341 527 95 288 345 607 247 794 624 476 976 503 510 237 84 362 151 922 256 430 491 245 80 516
226 89 740 522 714 950 72 647 384 51 404 107 712 508 280 139 861 615 959 837 624 675 586 13 526 590 370 431 602 988 471 477 502 295 653 687 507 421 470 976
994 464 938 331 55 121 209 746 11 967 189 194 264 304 46 704 323 876 356 600 278 808 643 359 430 83 595 663 260 214 599 686 653 553 916 191 456 72 852 452
102 601 257 235 647 398 151 630 209 473 838 531 379 89 903 224 966 945 396 384 848 895 935 271 627 494 367 77 162 135 782 772 884 692 839 177 351 21 567 283
181 694 327 736 420 521 769 286 855 675 350 269 85 701 532 771 112 256 997 464 421 886 913 243 116 280 542 450 320 652 983 74 601 353 477 867 62 941 837 788
10404