40
7
51 876 416 627 947 998 226 815 351 799 248 764 32 67 795 88 248 771 624 581 993 360 820 482 399 256 653 747 405 823 646 490 304 106 208 758 652 838 325 636
372 117 306 426 128 937 325 378 107 277 326 257 527 983 197 946 759 339 379 781 865 159 939 960 964 395 128 129 377 38 224 563 470 15 283 164 511 607 12 378
549 607 67 294 758 412 964 816 877 796 716 754 948 875 403 950 479 745 195 368 741 908 880 604 110 908 717 216 15 319 108 442 272 378 275 577 644 233 406 597
465 406 142 567 470 706 501 133 384 793 386 484 116 812 115 42 189 134 637 97 386 947 656 752 690 226 675 744 24 915 116 881 216 961 777 46 7 815 494 306
762 318 499 871 341 581 507 259 110 825 869 372 892 747 205 900 406 936 57 891 77 76 48 239 825 858 851 638 13 88 652 399 951 49 274 41 275 880 913 967
53 806 95 562 785 86 780 823 823 452 122 449 253 697 998 709 95 760 617 921 317 499 907 915 471 578 42 700 614 655 620 21 152 832 614 812 791 676 214 937
31 320 174 286 645 575 137 11 1 555 44 958 243 329 866 547 455 276 768 278 851 436 419 410 973 333 350 429 725 14 282 495 547 250 950 790 705 586 864 993
722 155 292 393 224 183 248 666 545 803 2 995 209 183 359 776 755 286 976 267 874 319 763 721 227 1 706 888 295 634 662 40 582 797 593 188 978 511 868 736
10211