40
7
664 471 691 659 885 920 249 452 446 591 633 423 974 413 788 591 941 634 350 980 209 133 543 964 328 752 324 116 153 45 490 169 119 106 981 788 37 226 278 230
852 261 271 99 266 652 718 304 437 528 246 292 644 236 220 855 714 395 253 360 531 987 210 208 891 3 414 667 575 862 338 578 1 114 943 18 399 302 173 6
705 659 905 788 521 625 664 184 103 937 585 248 533 269 528 144 940 228 720 1000 388 280 875 375 376 561 963 984 415 630 212 918 729 728 44 78 925 553 214 888
230 220 438 706 307 147 381 208 204 987 857 129 381 626 952 250 2 369 820 270 876 479 628 235 963 150 176 793 853 857 856 609 255 235 261 593 565 692 111 44
377 644 660 857 734 567 697 442 483 226 55 57 843 227 599 789 557 253 597 701 33 268 540 763 549 334 916 2 64 397 35 231 612 29 411 22 553 532 821 75
393 124 337 576 306 600 480 167 957 439 995 869 788 536 337 564 616 538 700 957 939 394 819 4 492 226 704 589 514 737 665 869 245 720 780 415 999 645 958 842
601 149 585 32 744 198 592 693 21 919 320 993 817 718 285 166 548 150 501 423 983 789 882 192 704 391 760 229 147 10 234 937 479 755 388 573 143 17 704 245
771 417 584 989 412 374 201 990 917 138 710 848 115 632 878 517 743 916 463 252 389 457 485 945 89 911 211 109 232 251 595 695 760 309 818 985 839 78 449 492
10983