40
7
201 600 267 390 100 346 992 840 403 276 789 92 564 876 679 95 951 932 566 482 422 471 308 17 670 126 361 53 766 138 973 539 744 399 363 569 406 79 242 965
926 436 69 369 280 447 927 966 993 163 111 46 363 235 881 822 878 226 485 722 904 291 105 606 773 458 797 483 897 512 665 326 144 250 286 368 593 388 377 657
193 652 356 31 110 96 693 157 665 959 284 825 933 393 480 275 625 193 504 648 975 470 673 554 296 865 894 362 751 207 117 251 493 365 62 606 930 461 441 290
395 713 746 915 184 78 24 845 18 104 927 752 446 670 662 553 277 292 293 785 526 647 371 328 363 231 808 917 126 6 543 73 166 439 618 469 437 196 274 925
997 782 5 790 653 55 12 968 629 774 947 316 276 930 519 634 424 685 768 17 267 741 210 868 719 174 303 618 305 85 73 117 108 927 149 811 196 979 977 701
146 743 46 665 530 921 854 938 95 271 923 333 205 383 770 500 983 961 997 182 141 897 824 198 930 28 212 839 157 961 35 787 928 603 710 861 701 383 67 722
49 1000 83 353 332 450 740 28 782 538 301 139 861 848 66 43 593 307 205 960 665 569 580 228 56 131 654 484 406 486 367 977 577 623 995 14 466 808 854 590
253 165 209 27 834 566 545 247 53 486 607 213 933 907 427 489 457 533 521 689 206 435 280 728 130 214 978 444 953 282 499 743 488 247 210 969 148 194 24 774
9054