40
7
135 344 571 134 900 401 743 617 948 447 790 416 441 540 359 622 785 671 301 913 59 626 17 623 217 497 885 928 574 693 799 315 882 521 711 804 695 520 562 349
968 508 137 233 817 8 689 178 99 492 623 553 637 557 36 26 385 837 48 736 966 314 198 288 372 604 437 544 200 685 821 378 556 329 352 286 986 270 815 316
426 390 621 571 445 750 764 309 366 699 373 189 114 807 373 739 89 814 673 57 494 131 631 611 786 752 100 787 580 869 213 961 590 790 978 327 31 142 777 325
99 284 30 474 101 94 115 766 552 923 974 243 57 971 322 397 719 488 757 852 715 165 223 720 761 702 253 850 159 966 199 863 312 679 429 558 58 683 625 228
74 271 71 378 758 785 316 54 536 677 967 117 904 185 628 6 835 15 254 485 838 841 996 89 417 383 74 707 378 310 447 465 151 328 505 309 351 248 879 197
312 888 636 441 507 171 735 993 953 431 257 550 817 335 79 710 612 694 139 531 675 286 400 76 744 124 613 296 469 765 644 756 87 47 639 635 202 518 85 137
801 71 104 860 572 230 135 138 211 742 441 717 479 681 96 258 908 215 931 443 291 227 688 826 371 494 211 482 27 968 449 927 656 380 945 123 227 125 713 818
896 125 384 197 148 464 707 317 499 819 631 581 768 439 155 466 444 684 483 457 651 823 430 748 680 462 74 351 958 845 696 731 121 174 666 941 424 805 980 655
10940