40
7
41 604 763 239 576 727 946 506 268 667 364 167 762 741 869 141 223 896 119 284 462 317 549 753 945 435 393 980 928 140 926 361 762 458 909 390 447 128 554 616
723 863 665 360 467 185 20 389 92 589 607 143 477 556 641 179 835 322 87 635 41 47 802 723 168 677 375 734 109 137 384 823 206 681 36 333 767 502 493 192
796 209 2 730 799 51 177 974 40 630 528 249 191 851 355 278 180 87 657 858 805 200 345 444 173 472 75 865 749 923 587 567 89 332 927 951 258 535 561 433
625 352 931 891 933 18 565 563 369 563 374 113 302 265 503 176 201 998 450 873 658 621 92 521 296 918 14 559 804 736 85 790 641 189 563 226 820 994 115 774
902 649 960 692 284 807 698 162 858 798 498 998 38 882 660 711 620 901 995 221 92 65 117 895 719 912 266 515 295 491 684 306 723 559 217 197 305 433 803 565
655 649 89 966 559 18 281 614 751 448 676 881 128 802 821 258 645 143 406 896 618 765 109 499 101 980 245 228 704 773 366 874 190 322 257 600 627 133 706 595
324 178 412 112 857 471 748 735 237 59 841 187 849 495 443 448 23 716 551 517 17 189 7 414 246 243 119 929 497 724 161 636 872 710 327 349 751 193 926 34
826 367 413 157 66 896 219 390 256 107 869 356 627 333 687 107 17 469 91 791 31 803 383 228 116 307 261 425 851 470 582 190 112 56 554 647 292 451 815 393
8006