40
7
109 738 742 15 380 229 426 460 675 261 830 738 680 669 391 321 682 821 573 470 408 762 883 7 957 586 25 57 487 486 528 179 23 447 725 233 845 109 637 141
356 482 990 191 353 813 422 745 975 987 909 168 209 741 872 336 250 869 917 157 578 726 166 259 857 80 45 271 847 883 331 650 455 877 791 996 713 238 886 42
435 676 766 916 770 384 476 373 149 60 428 585 514 328 680 458 209 342 821 474 293 243 97 313 888 213 258 271 323 819 920 346 10 578 427 988 711 58 574 171
668 863 92 611 725 988 304 602 96 879 398 548 471 800 78 127 359 370 911 949 553 199 689 591 229 848 780 500 726 146 548 958 274 353 758 242 633 495 268 17
488 627 962 685 319 401 590 887 920 130 51 521 171 587 727 780 119 259 193 107 853 818 898 962 77 313 690 963 462 696 975 633 412 635 417 6 955 792 398 803
683 438 967 759 358 344 211 193 804 569 260 696 472 287 385 130 757 204 343 224 740 635 724 831 499 939 980 288 804 641 588 447 669 733 251 945 504 373 284 637
304 201 800 550 642 798 279 975 145 348 491 306 319 687 858 266 633 936 492 407 277 218 707 339 531 155 310 211 941 702 21 684 835 373 828 314 255 519 256 122
477 922 312 570 86 808 885 762 210 3 959 853 152 133 696 123 365 795 418 817 428 120 57 902 474 593 26 29 141 863 152 573 64 83 298 802 590 337 804 845
9264