40
7
852 983 873 631 972 16 643 967 201 154 182 218 840 304 264 890 872 288 426 687 60 219 609 86 366 85 800 310 885 326 495 877 41 968 254 493 187 942 469 673
68 571 382 652 938 922 793 925 104 346 679 102 58 433 744 989 537 659 789 554 915 704 780 88 339 746 568 112 769 693 88 261 603 634 589 501 458 709 226 772
22 670 502 113 349 609 231 904 558 318 530 895 790 909 466 737 205 69 24 301 392 234 519 15 147 528 546 780 166 237 984 436 196 606 161 618 838 480 248 113
268 502 227 64 219 211 526 866 259 291 102 743 212 134 679 23 483 383 843 558 326 425 305 659 668 682 526 965 967 145 656 177 311 402 552 65 41 181 860 69
818 646 343 860 479 912 114 299 164 317 393 847 789 685 46 975 947 66 704 849 347 722 732 144 529 555 389 143 179 842 505 86 384 982 305 875 417 244 757 387
470 356 857 281 930 889 716 301 400 744 338 402 352 450 460 79 356 795 655 527 598 784 490 146 973 645 953 33 678 840 795 934 612 990 318 224 951 742 138 146
932 16 386 133 270 698 741 917 446 904 785 866 599 817 517 759 991 672 555 508 861 848 710 522 890 656 121 822 507 928 796 111 958 81 932 47 603 302 897 756
338 705 50 39 422 666 984 611 605 670 681 64 856 824 204 339 465 588 396 470 606 671 320 190 210 640 766 186 304 459 825 393 873 477 688 65 267 345 468 853
9792