40
7
145 252 47 305 668 180 423 790 608 996 412 498 665 210 185 143 174 688 7 825 39 510 142 626 699 733 377 639 895 150 310 851 878 207 916 600 104 504 559 645
306 757 135 496 66 306 321 206 715 316 419 675 467 34 648 702 656 501 541 692 685 639 202 652 153 916 787 744 346 119 647 244 449 455 195 610 143 814 462 565
189 650 509 641 554 990 981 76 6 825 571 375 725 434 447 443 602 208 28 804 125 132 692 645 517 992 811 6 163 557 239 203 901 468 353 176 183 977 474 896
818 142 374 101 714 167 901 435 842 694 944 837 430 556 39 983 388 611 318 679 136 987 889 527 443 600 121 170 862 113 202 916 191 693 190 969 715 431 683 675
843 970 780 405 676 421 87 766 594 164 181 178 288 949 328 166 978 517 154 453 455 639 459 524 740 408 589 828 516 403 350 419 171 568 231 588 664 407 798 862
272 911 4 809 743 832 415 866 408 590 210 164 376 124 78 226 185 820 508 207 49 126 755 167 932 57 887 635 989 943 513 570 738 555 274 732 330 659 706 634
484 571 199 46 350 938 505 563 524 43 767 85 480 536 721 707 165 49 874 426 570 995 367 793 279 940 113 214 333 188 49 157 785 29 753 804 883 3 474 443
381 582 285 397 609 905 382 131 56 263 785 937 470 779 340 988 280 897 180 626 201 132 521 784 524 447 428 881 707 898 737 15 226 848 195 367 129 120 914 422
9885