40
7
218 160 634 22 638 621 105 798 535 177 356 683 116 274 820 495 717 172 604 721 130 498 697 302 733 835 967 869 348 18 234 577 721 94 633 519 969 406 575 586
742 445 188 765 673 921 727 110 534 223 26 45 60 308 16 883 46 160 495 351 358 421 971 609 116 448 784 94 434 712 832 371 605 971 492 3 688 864 871 70
269 870 367 16 158 165 669 490 725 275 937 930 488 472 50 699 759 906 765 724 126 826 119 665 660 67 730 344 290 517 563 20 508 521 348 978 91 406 473 872
635 341 522 891 884 431 844 122 330 652 6 178 786 769 331 730 344 830 381 785 899 565 715 341 515 126 248 363 993 94 412 434 480 65 891 489 49 842 888 711
469 497 249 744 439 781 602 619 120 976 893 363 713 494 496 871 221 16 421 148 206 270 950 868 33 707 442 356 127 986 913 53 981 156 641 25 833 754 412 499
99 231 231 453 947 235 115 713 814 544 42 885 314 88 229 288 348 141 735 452 565 444 487 884 717 816 999 555 900 606 691 583 47 216 305 911 366 124 718 617
249 217 479 88 715 937 922 938 363 307 86 567 989 920 605 350 20 380 87 362 684 995 906 679 436 379 61 965 537 395 781 385 819 131 709 996 724 971 115 823
357 909 658 212 875 821 127 861 541 441 60 276 822 365 455 237 363 539 336 859 329 379 303 689 675 185 233 53 508 146 605 287 183 356 667 325 257 897 924 913
9514