40
7
170 86 530 686 626 883 134 582 69 283 544 383 791 276 571 603 512 423 359 788 335 381 22 38 808 470 463 71 840 871 415 789 625 625 992 60 675 891 578 737
528 439 393 847 634 331 771 637 144 810 854 987 125 681 321 883 39 136 160 779 51 722 538 424 645 682 606 961 327 96 752 671 8 743 330 988 842 334 294 515
251 46 845 298 815 461 304 530 686 124 884 248 215 207 957 344 584 296 593 711 759 71 697 808 754 451 860 675 966 959 398 872 780 671 996 883 606 688 871 598
622 757 934 880 612 949 450 502 930 746 13 604 125 59 212 639 423 551 27 108 313 781 633 1 779 74 313 132 637 555 807 868 646 656 587 724 562 939 570 283
920 492 543 86 683 283 344 767 607 593 580 936 211 950 697 694 589 748 539 202 48 276 438 949 163 35 504 211 868 136 549 477 303 276 833 305 974 611 242 613
616 605 807 653 275 41 241 813 928 640 542 313 144 670 721 764 397 648 461 640 911 903 240 636 171 323 422 252 498 593 401 555 512 154 849 318 75 137 584 185
498 420 262 941 512 976 523 545 671 754 70 179 941 60 82 197 463 21 728 66 539 677 897 600 224 105 903 60 390 321 718 630 953 89 842 451 260 701 556 893
333 861 664 39 435 638 170 908 249 336 765 196 23 368 897 1 297 309 499 738 53 630 536 601 84 246 456 782 548 340 127 192 546 851 245 552 657 633 419 244
8734