40
7
831 472 942 201 268 166 89 301 244 479 75 876 800 122 692 570 379 951 597 532 477 97 984 30 555 646 140 790 991 458 110 714 52 172 568 910 443 750 377 855
379 503 192 368 78 608 311 996 475 475 873 557 919 734 959 664 633 244 575 392 957 866 898 183 489 658 36 272 886 264 972 393 65 266 539 417 756 281 952 83
925 150 143 723 450 965 570 553 368 371 311 837 755 544 231 244 489 169 844 449 127 759 692 268 434 585 167 649 209 826 213 731 715 19 761 57 836 138 930 936
421 803 445 629 300 504 144 273 90 314 503 320 554 388 116 163 735 935 302 583 73 180 664 598 933 349 339 338 134 86 512 617 837 290 838 160 234 554 601 240
460 735 918 347 910 728 719 455 497 776 673 796 48 637 141 84 528 528 847 898 368 715 995 108 717 912 180 563 294 407 147 567 630 932 439 252 944 955 58 193
493 359 560 552 538 212 510 83 358 357 746 645 551 446 571 165 454 486 3 812 594 291 700 603 238 722 523 668 737 507 660 877 46 203 340 829 886 753 671 119
29 810 378 950 994 511 572 274 206 240 642 476 669 444 571 308 300 762 820 839 841 152 16 884 808 870 845 550 647 994 781 873 765 749 188 773 53 581 419 550
319 156 90 235 203 187 963 372 432 945 669 738 226 935 333 611 902 813 661 235 576 366 111 534 787 617 784 946 750 905 632 833 293 205 388 951 628 964 571 407
11137