40
7
547 67 711 82 118 958 202 628 917 817 974 700 628 852 443 577 294 610 554 812 882 742 751 917 192 546 679 992 965 50 753 187 913 342 858 412 668 243 173 194
383 407 539 462 991 71 403 434 621 550 996 752 122 576 974 77 745 896 123 65 443 357 929 22 862 501 15 473 609 572 765 432 970 311 35 322 123 468 322 117
753 746 828 755 558 161 194 987 598 983 699 651 752 466 12 775 823 283 480 214 550 195 967 656 403 476 267 533 606 418 361 12 487 611 682 953 864 273 442 688
416 327 544 569 435 386 385 671 132 232 338 936 942 52 152 413 871 797 679 700 277 256 342 948 122 609 752 800 80 329 910 53 473 424 619 782 678 968 440 542
384 828 679 605 543 249 678 728 791 441 897 230 579 578 357 947 508 933 723 541 581 938 963 924 969 191 308 750 101 891 345 983 24 63 581 270 342 307 891 608
798 284 168 141 771 210 771 525 153 203 779 236 745 910 335 18 207 889 691 907 100 441 330 36 943 132 840 994 792 93 238 967 92 693 953 738 379 287 644 651
353 338 739 989 526 633 915 283 934 920 342 270 294 463 630 314 854 374 839 575 526 863 951 982 47 743 274 317 275 957 3 369 481 829 327 494 722 490 757 592
144 702 536 417 706 747 317 35 100 807 983 352 457 318 753 262 796 378 314 999 344 668 27 413 328 496 598 918 741 107 296 231 76 627 830 189 609 984 586 498
9845