40
7
392 676 636 248 196 27 535 916 147 858 646 423 904 514 118 498 387 924 216 229 673 274 498 702 259 732 666 924 803 200 701 350 421 282 290 165 244 866 820 395
574 132 74 226 763 699 66 306 292 844 407 397 600 375 18 989 669 744 162 702 731 510 915 586 789 944 125 467 379 632 265 560 847 452 446 218 2 432 19 268
644 55 750 947 615 400 990 483 820 455 504 907 839 173 432 816 325 356 539 424 677 922 352 236 702 440 731 868 168 760 29 618 121 610 37 981 12 707 313 588
944 977 55 334 128 596 318 369 28 142 979 956 135 605 916 866 840 539 49 303 539 717 409 419 507 199 529 22 95 627 5 264 682 115 708 698 982 792 964 232
383 282 86 751 466 186 186 649 175 401 536 631 780 155 597 735 176 829 565 83 820 473 540 725 17 707 973 802 541 599 540 368 55 68 801 459 546 46 976 459
623 877 988 921 765 748 246 926 131 828 120 451 994 322 355 161 730 619 966 25 41 416 54 253 999 395 240 226 150 486 953 652 468 983 344 307 760 629 133 888
190 403 239 111 303 809 666 183 664 749 186 626 416 931 779 155 743 899 731 320 770 449 443 416 477 361 95 151 21 67 527 849 835 743 411 380 757 797 307 779
31 127 707 754 958 216 670 995 33 951 137 425 227 44 170 512 632 613 500 164 643 31 162 53 599 940 159 641 810 316 708 683 436 577 17 712 909 805 192 776
9518