40
7
490 973 729 398 877 920 825 519 34 73 380 396 419 566 848 738 429 712 329 360 129 568 889 791 464 553 374 436 817 406 138 613 352 268 631 507 143 666 752 755
448 465 425 217 987 689 921 495 233 10 265 392 570 30 631 714 204 114 433 202 257 763 599 57 785 124 805 476 904 267 154 384 972 174 659 712 754 816 188 653
543 847 861 85 762 516 307 971 98 613 564 431 578 983 929 310 509 825 937 620 210 294 818 400 525 987 297 849 831 540 680 333 854 155 551 327 293 735 101 227
531 457 247 602 410 607 761 34 541 139 589 318 222 506 218 46 301 66 763 798 360 554 680 432 623 340 713 898 875 732 298 100 900 50 743 631 722 426 715 824
195 845 596 79 655 605 311 805 48 803 178 696 901 603 136 984 963 394 862 345 342 211 606 364 774 160 333 56 244 409 996 162 752 807 51 910 757 948 674 686
159 360 901 946 811 521 411 214 154 576 594 928 855 113 112 165 576 325 712 438 345 40 637 632 600 267 358 245 713 331 790 549 842 544 530 851 273 471 623 66
425 111 188 310 107 593 15 845 620 950 169 546 41 255 401 861 569 204 828 61 830 278 794 610 384 554 371 145 749 181 880 956 115 488 514 986 53 354 438 184
437 323 265 862 276 22 256 268 738 602 15 781 923 277 249 411 119 750 439 116 882 378 221 307 998 124 267 804 563 251 673 518 605 518 948 567 909 697 791 825
9988