40
7
568 402 283 919 648 885 972 839 928 761 783 737 367 532 989 503 612 585 563 476 513 506 251 969 338 323 43 507 691 741 630 411 309 942 174 510 280 363 807 589
286 221 988 855 113 409 954 824 61 456 329 667 141 704 878 162 635 797 663 468 566 462 111 652 737 116 464 126 354 97 911 87 197 142 686 75 478 671 903 192
349 113 571 942 949 303 270 264 650 874 587 629 65 725 477 35 462 903 810 396 117 79 557 880 268 295 222 481 578 592 8 187 185 620 305 303 889 632 830 557
437 998 682 990 557 776 47 338 227 788 265 741 819 794 346 608 965 825 927 718 314 820 643 571 498 363 194 114 328 476 938 943 921 502 819 652 89 703 100 119
738 56 523 349 864 692 381 772 108 775 410 14 745 815 338 534 992 329 743 825 455 722 610 427 99 606 624 98 500 117 175 804 663 249 301 973 565 487 511 235
745 220 537 799 671 187 920 704 425 403 43 427 167 565 170 286 574 6 221 520 630 94 46 287 222 512 256 767 664 599 28 810 181 171 696 780 953 67 713 672
315 335 684 555 341 719 352 227 756 500 666 630 943 764 158 920 473 775 951 836 951 123 698 783 730 246 327 849 547 524 34 242 64 322 179 172 834 805 493 680
921 54 852 698 287 323 806 269 586 857 152 268 400 493 979 637 783 898 265 167 375 866 822 721 848 181 793 950 304 945 936 123 492 946 241 884 545 634 697 9
11504