40
7
656 79 172 51 887 605 503 684 378 568 715 488 681 196 996 822 597 8 855 530 256 721 545 200 783 163 743 54 325 197 442 734 574 238 216 972 361 436 475 866
705 340 800 348 990 288 706 853 374 272 801 79 132 970 151 398 238 403 504 853 622 137 46 181 570 377 536 55 519 281 827 8 687 780 904 851 335 504 581 994
868 475 951 33 148 134 93 951 639 342 852 648 872 75 284 906 823 308 433 70 792 432 645 808 801 913 735 22 709 597 6 853 862 921 572 780 19 605 994 758
303 271 195 710 897 117 846 669 950 542 750 106 279 542 137 425 725 283 600 469 820 605 800 999 693 279 968 444 44 86 832 905 531 693 437 313 260 365 250 456
683 880 453 145 596 500 604 299 599 856 534 455 938 439 134 82 933 195 970 583 313 318 168 219 776 402 100 262 593 941 540 131 586 120 660 653 886 904 628 321
166 830 683 442 82 328 555 452 39 185 980 534 80 844 898 661 863 672 358 938 206 910 799 1 338 884 998 250 941 784 218 720 587 719 530 545 641 973 840 457
375 999 493 866 310 276 669 260 455 290 23 312 389 178 735 769 624 164 213 644 892 876 682 646 137 767 595 250 199 258 993 218 268 988 878 58 528 668 314 268
310 975 881 289 390 31 256 742 961 992 294 907 331 395 103 66 584 997 215 956 242 347 202 932 371 341 548 372 858 273 248 266 636 695 272 829 695 930 345 201
10139