40
7
346 377 70 595 251 150 285 421 614 40 149 430 932 701 820 989 486 928 554 625 755 85 695 738 88 977 21 189 829 756 364 545 451 510 229 33 693 336 70 195
740 514 280 44 318 906 384 308 683 944 203 826 373 110 400 663 562 330 146 232 775 850 219 486 846 355 728 106 229 260 310 631 886 505 273 177 893 172 206 539
577 237 963 81 325 830 175 434 510 948 448 181 962 251 819 816 808 778 362 478 892 107 255 443 768 527 958 83 603 273 689 43 214 566 150 268 589 564 63 970
124 707 994 462 455 953 426 125 702 281 344 296 511 256 884 491 443 816 550 623 197 372 132 116 86 806 75 624 857 520 361 326 849 308 358 489 720 234 607 321
552 47 239 139 922 694 263 427 813 626 248 158 365 406 166 373 967 322 884 618 420 658 176 474 869 395 474 133 970 980 490 155 397 892 382 169 585 198 443 593
769 117 603 557 110 315 636 402 827 780 520 932 62 299 973 689 657 900 642 918 572 162 728 377 657 139 387 104 339 787 148 980 29 453 212 861 984 103 446 904
967 68 22 981 35 497 136 971 339 264 712 116 700 712 726 208 843 588 4 167 451 884 274 592 630 180 815 612 423 813 184 805 280 342 213 719 179 4 817 574
8 311 415 483 263 785 362 509 516 795 462 742 93 499 21 866 588 640 391 751 313 418 517 25 389 215 438 644 194 826 63 74 409 691 367 444 864 433 886 641
9176