40
7
534 138 536 239 524 99 315 834 240 964 634 930 83 96 713 221 633 1 235 129 185 934 365 915 580 604 520 511 132 653 560 89 64 191 551 311 701 934 315 914
660 96 557 285 363 616 211 800 572 715 99 334 747 656 510 66 528 737 251 747 823 762 685 976 409 36 46 312 419 201 310 646 567 831 788 911 291 515 679 605
336 749 633 823 659 773 963 787 158 649 655 612 498 647 360 436 361 961 444 531 194 695 676 975 942 220 853 392 211 17 679 12 602 903 81 591 87 289 311 941
595 33 220 783 969 580 601 567 930 906 698 613 734 554 799 641 697 849 175 169 339 393 113 729 188 592 72 426 625 278 504 70 567 115 317 21 613 416 396 178
309 257 111 481 739 563 804 80 764 619 712 230 645 334 84 789 288 708 538 937 59 962 418 705 372 40 727 600 162 198 203 890 967 122 437 257 837 937 161 542
634 598 751 280 802 883 965 705 3 259 496 666 104 766 899 410 676 70 21 873 661 572 958 305 173 939 540 88 552 853 703 774 900 520 751 818 653 668 210 587
692 113 989 913 149 111 638 474 161 868 1000 832 246 1000 642 174 146 540 167 542 900 146 515 155 850 634 283 903 958 430 70 400 283 161 165 81 883 783 279 666
842 985 198 71 137 783 622 650 656 298 868 530 317 436 957 315 726 251 281 308 943 891 178 764 275 727 408 479 416 203 910 858 58 534 701 751 593 478 6 497
10451