40
7
240 248 755 314 433 169 909 153 329 249 90 274 324 621 35 578 989 788 749 645 190 230 681 149 388 729 875 541 449 472 314 193 44 246 693 188 819 851 296 474
208 337 850 872 690 470 50 618 983 323 745 62 261 261 944 211 951 618 273 152 758 971 441 459 371 418 297 415 717 413 293 462 164 213 541 30 541 205 583 26
374 900 384 879 296 641 165 605 124 186 122 845 576 440 496 374 560 755 862 731 957 914 799 205 215 844 121 344 187 518 104 969 379 490 766 29 805 252 109 99
543 337 96 406 373 562 937 422 299 918 993 805 155 953 403 85 929 969 955 294 3 317 961 400 660 920 133 834 808 63 49 486 358 839 549 451 376 532 654 937
177 727 941 587 702 127 95 348 666 652 725 367 222 709 229 489 750 852 840 374 207 618 792 741 202 847 542 407 77 433 897 732 110 948 526 672 960 226 303 749
752 699 300 369 584 967 953 292 410 105 403 35 112 260 513 731 818 871 767 97 16 972 19 183 244 850 528 588 474 400 399 72 762 480 972 631 686 416 395 773
698 491 981 280 345 572 522 102 55 944 541 805 699 471 913 118 983 499 197 900 896 519 826 877 1 33 8 854 256 126 628 310 901 373 531 627 906 901 181 90
25 642 795 635 987 939 207 362 34 323 4 14 746 119 853 590 36 205 726 241 926 334 921 85 398 759 866 972 709 993 450 33 686 3 36 929 904 606 358 354
9903