40
7
990 62 478 137 110 794 374 587 20 231 851 1000 290 707 195 766 980 59 614 888 942 611 468 467 188 117 662 496 303 254 500 139 423 201 126 723 464 902 446 461
694 169 944 4 524 473 566 979 598 168 121 580 890 953 870 480 984 360 842 497 461 957 337 372 166 617 760 237 992 142 603 226 672 766 763 880 234 101 985 547
703 129 67 93 415 186 170 792 687 936 530 778 83 547 728 141 174 16 661 485 278 430 532 541 176 916 201 379 133 473 964 891 247 544 520 291 783 713 950 172
803 12 262 636 741 58 603 285 488 590 383 350 62 563 706 610 743 431 910 710 938 231 14 20 976 638 169 175 363 808 499 862 488 113 390 304 370 818 859 359
509 141 965 748 423 974 55 283 936 428 260 118 954 502 705 181 214 118 947 367 335 761 785 883 875 308 49 746 236 250 311 645 205 64 587 853 805 25 268 444
198 466 194 391 248 582 670 170 12 276 934 928 81 196 571 722 299 45 314 494 529 15 75 39 607 585 593 57 832 513 590 7 398 649 988 509 725 818 6 249
975 895 250 234 297 493 537 96 185 638 622 227 863 336 154 438 560 939 708 9 731 216 833 206 866 951 177 736 269 221 291 345 705 84 45 477 676 269 408 464
790 847 213 666 317 567 345 293 729 774 868 841 415 572 71 609 423 20 516 544 337 674 34 186 341 369 831 912 424 1000 822 485 813 484 15 976 163 421 229 951
10444