40
7
938 438 138 624 238 639 929 319 296 116 704 372 710 475 975 104 528 304 462 397 504 140 725 202 426 61 521 335 333 725 15 348 954 51 59 782 141 81 685 111
122 549 188 819 341 300 379 573 239 882 653 175 94 622 984 391 906 653 706 888 179 301 677 167 910 913 566 803 486 355 848 153 104 626 238 195 239 199 457 964
744 739 523 295 492 787 622 809 970 15 97 249 868 81 4 385 199 529 661 799 342 129 783 775 763 757 998 521 900 904 535 885 902 387 28 714 500 214 568 259
341 685 521 319 434 496 820 110 830 377 183 776 352 796 186 569 895 656 809 786 751 356 56 111 543 26 259 298 232 399 265 461 603 844 581 739 586 440 95 829
763 734 413 142 820 620 993 442 698 796 879 321 669 443 357 832 766 865 710 792 745 705 526 745 860 574 361 423 697 459 721 866 653 613 214 277 513 173 870 462
467 154 835 219 503 243 978 810 855 862 322 150 883 585 891 553 709 361 545 815 638 682 925 951 641 546 895 370 524 840 378 981 300 539 710 679 233 396 874 671
529 879 347 399 68 225 112 889 202 184 123 799 396 353 561 649 241 780 702 54 122 364 8 743 645 28 495 485 748 213 961 701 584 187 291 927 183 530 526 312
910 882 309 707 716 822 881 230 820 273 574 117 668 158 444 753 809 602 275 199 753 32 240 902 302 357 167 162 367 725 203 639 503 987 669 55 443 565 759 970
10475