40
7
210 946 683 894 760 931 455 349 307 220 913 708 883 435 282 248 497 989 989 253 128 598 486 913 62 723 700 169 844 585 828 281 149 403 801 285 738 375 72 429
842 704 986 955 343 406 557 53 376 499 957 786 382 445 481 473 443 512 418 665 664 4 300 524 865 510 254 577 361 564 771 266 333 559 571 536 450 777 299 518
658 149 498 632 502 329 593 724 264 348 175 757 60 8 580 633 434 770 892 280 718 612 511 301 539 785 653 752 329 493 906 103 703 483 728 395 236 366 547 449
983 986 927 377 548 553 297 955 694 963 949 695 469 525 994 599 934 638 233 377 654 523 871 805 873 138 784 46 480 249 268 653 209 140 213 27 18 620 461 347
591 344 935 59 859 787 39 852 630 339 609 557 890 548 37 771 746 271 170 890 418 473 223 319 862 574 66 271 673 906 1000 450 375 679 303 524 986 182 876 573
215 688 624 571 865 607 509 928 579 255 419 224 201 75 303 80 949 689 629 763 834 380 512 491 707 256 29 74 259 420 120 426 96 858 372 159 49 40 202 749
241 435 415 131 834 598 948 187 355 491 660 271 289 558 703 741 785 661 320 440 128 82 180 808 331 527 949 465 180 842 343 646 430 673 383 823 86 861 592 112
185 995 907 362 167 67 506 305 904 796 387 17 676 420 456 688 576 552 897 460 415 172 215 917 460 475 403 929 584 113 747 136 129 607 655 181 81 749 722 803
9908