40
7
286 58 595 446 725 181 572 848 805 524 870 492 768 105 772 636 788 282 419 313 298 678 628 239 410 163 446 776 387 171 246 994 76 822 276 279 968 301 409 267
528 822 822 961 691 427 308 335 563 775 161 689 270 421 376 657 770 403 946 347 758 57 315 377 531 738 217 125 491 695 187 260 708 641 497 845 795 295 221 45
101 954 887 773 843 161 171 17 541 409 653 449 36 104 539 517 296 429 735 197 207 830 292 266 55 894 700 98 712 73 123 112 351 28 3 818 529 234 188 325
604 774 434 701 382 508 944 92 566 226 531 700 306 580 629 358 465 338 886 434 760 642 93 106 465 258 638 552 348 363 142 410 325 11 564 618 395 692 280 368
77 810 307 363 540 250 790 131 842 696 571 477 490 911 358 377 331 93 276 90 366 777 749 242 50 234 877 502 261 917 538 809 419 616 388 46 91 450 143 797
75 219 763 107 434 982 472 753 428 633 400 900 952 829 50 268 684 30 362 52 391 308 781 84 896 649 336 345 88 325 342 5 825 513 748 892 7 282 956 7
372 965 50 931 900 375 76 804 408 641 449 55 87 747 140 625 579 814 15 949 2 232 594 253 674 123 425 324 74 491 288 777 263 593 729 857 203 105 684 127
321 668 748 758 669 676 184 310 920 744 798 901 817 14 811 199 641 836 851 154 49 771 420 25 744 936 729 881 649 896 832 160 669 365 638 46 643 897 762 695
11914