40
7
795 426 688 563 746 136 277 824 380 456 874 339 718 137 78 875 668 763 657 743 618 42 949 29 330 42 618 409 699 684 266 154 771 819 820 133 777 612 74 712
913 848 637 793 622 453 470 935 441 977 288 833 271 284 247 194 358 690 365 195 485 592 180 812 894 613 248 706 564 221 580 862 217 916 755 102 722 252 232 206
993 317 576 285 32 507 538 149 419 968 473 212 486 849 907 350 793 525 510 335 342 457 661 379 302 196 8 555 619 259 503 896 275 67 294 920 778 8 731 773
66 256 671 768 437 353 722 429 469 365 869 756 617 760 967 277 692 744 864 93 351 790 145 540 772 969 886 371 774 631 110 570 784 935 739 85 809 832 743 681
449 394 109 169 349 230 882 886 172 560 143 635 378 514 489 670 991 128 684 901 373 192 896 197 995 983 564 634 37 142 825 848 320 871 394 199 953 60 43 947
734 146 242 669 653 929 545 192 770 88 361 327 883 750 358 332 129 200 802 179 27 863 745 554 139 170 345 595 515 170 645 171 394 72 330 568 165 537 580 744
97 896 316 154 675 799 828 358 82 223 121 937 520 570 753 415 332 73 391 214 366 988 761 217 607 906 990 136 532 822 392 431 163 526 155 1 876 995 351 317
332 957 186 882 726 621 254 573 472 271 239 365 362 161 853 149 398 962 12 647 286 304 883 560 765 746 802 905 249 563 802 196 209 263 641 284 908 660 50 543
10021