40
7
863 893 126 997 710 246 523 842 195 352 303 641 941 589 445 576 926 983 219 251 556 141 824 345 300 505 811 307 881 681 448 286 235 905 523 424 228 214 5 188
305 412 250 212 949 786 259 55 915 125 466 438 344 379 516 759 247 864 945 539 975 74 619 136 395 877 265 519 394 908 517 45 204 490 107 325 516 839 795 581
727 380 346 885 635 24 377 143 910 707 584 667 526 848 932 584 295 498 54 391 63 36 634 310 825 400 354 14 252 277 565 762 451 965 118 22 93 781 181 692
487 104 467 934 481 783 43 571 228 598 552 909 119 205 91 580 640 527 181 190 301 854 855 480 131 301 585 277 146 104 111 725 542 12 597 207 136 490 788 667
353 537 557 363 166 531 612 752 75 523 124 952 945 722 770 251 235 540 562 855 290 753 107 345 545 740 345 335 374 291 371 258 882 221 695 364 228 94 550 748
292 709 936 589 443 899 22 210 7 953 881 940 562 536 859 62 576 314 472 228 743 544 832 460 352 445 167 547 367 39 34 36 586 890 778 586 58 52 926 752
401 104 259 505 519 399 558 311 678 177 685 146 208 600 712 492 766 385 205 74 954 437 12 469 669 640 171 424 648 149 771 792 783 674 736 735 346 254 965 726
969 315 140 217 563 739 347 199 782 319 812 714 388 784 921 722 701 377 27 703 508 501 678 942 152 647 43 828 551 18 839 950 542 128 156 197 175 963 447 478
10241