40
7
979 87 172 351 696 272 363 270 434 608 978 914 947 780 282 979 664 473 299 788 370 440 359 777 75 113 269 364 345 626 274 702 92 130 294 584 875 652 252 659
179 357 121 112 633 976 939 66 396 557 837 699 897 584 319 828 814 313 415 91 135 277 100 599 356 732 472 492 293 45 413 761 366 3 785 470 331 994 364 229
242 392 517 261 110 7 140 735 832 646 359 299 771 338 840 125 211 607 962 290 950 486 206 9 491 885 464 442 898 371 112 785 652 699 407 912 254 786 369 416
969 720 711 125 827 123 456 386 495 71 838 913 625 681 608 772 953 714 521 258 225 865 327 41 64 366 560 755 891 3 393 943 609 316 754 418 807 90 436 464
382 213 644 577 330 610 643 304 781 511 94 816 290 758 302 395 947 270 729 766 640 58 643 417 912 47 922 169 703 426 480 316 272 498 371 21 142 108 146 117
222 292 196 404 4 315 503 543 923 856 175 186 813 725 78 907 277 864 245 546 468 288 284 538 342 93 882 948 522 68 574 851 838 747 359 841 561 211 224 332
376 569 846 469 509 321 576 10 956 363 392 301 269 215 354 486 468 989 504 794 680 353 919 413 990 42 571 519 288 498 320 380 931 666 803 875 356 530 553 697
26 319 542 861 978 139 414 623 795 940 686 760 777 550 25 1000 870 657 988 75 74 116 513 638 461 346 221 643 747 985 273 191 232 566 78 304 148 722 548 933
10382