40
7
534 808 590 998 725 199 644 549 958 133 217 865 798 968 278 928 592 8 505 719 438 281 966 635 864 207 945 338 384 673 972 746 466 476 568 529 259 136 679 755
34 647 818 433 74 701 813 543 964 782 187 876 146 886 370 644 126 791 861 442 792 373 383 525 388 344 339 730 412 829 413 111 989 39 809 599 259 374 211 799
328 896 309 203 829 316 340 464 807 741 610 774 632 83 573 287 630 332 885 976 61 862 58 627 902 801 985 774 700 425 432 899 964 897 839 399 168 154 947 208
249 592 297 899 607 9 968 418 251 649 549 141 765 305 595 739 647 721 582 514 582 679 61 711 10 856 961 855 8 98 93 306 564 264 673 20 587 768 274 224
163 42 940 782 172 458 564 36 276 493 912 884 868 756 484 823 4 899 110 125 143 850 22 488 948 941 337 786 521 624 376 142 245 570 371 844 737 365 656 439
719 352 567 855 406 840 142 440 22 835 272 202 529 932 956 908 630 389 571 217 467 23 873 101 646 991 381 636 622 11 372 28 61 393 688 579 704 939 917 740
860 857 716 972 18 211 321 409 425 223 141 535 104 364 911 156 757 808 688 736 839 85 781 401 413 312 68 581 501 699 747 141 589 929 574 276 205 182 513 80
537 397 763 15 383 856 258 189 614 661 921 430 532 568 434 59 209 408 884 484 66 346 588 228 916 43 418 904 320 254 184 444 215 797 969 446 214 573 101 693
9161