40
7
796 640 912 725 664 222 937 615 125 741 999 677 193 308 254 14 714 44 94 269 898 758 829 80 405 657 93 148 148 135 971 426 708 541 758 763 763 826 608 135
482 814 844 614 74 850 541 114 344 642 716 480 191 220 329 512 96 157 954 37 360 476 837 627 457 652 958 907 598 72 505 31 480 895 867 123 61 802 817 609
271 178 534 550 941 421 34 107 145 603 79 888 299 534 899 216 97 674 734 556 38 78 750 386 454 704 386 940 200 840 380 807 353 998 785 97 324 453 897 35
103 496 800 449 277 332 305 361 612 940 975 358 727 661 599 370 508 652 246 585 307 784 518 312 21 438 77 365 349 118 902 199 108 638 849 556 541 805 565 219
196 421 576 426 587 901 259 606 983 182 95 672 887 759 101 210 378 549 513 235 375 751 575 675 437 438 547 749 601 315 774 785 349 13 309 608 818 215 450 219
875 676 264 60 610 942 686 784 611 461 473 947 147 848 391 352 946 333 450 821 12 270 330 573 839 20 390 875 937 493 982 487 351 699 88 10 881 159 261 333
621 40 775 335 986 838 723 269 391 383 391 795 69 774 258 459 836 553 120 396 45 451 265 557 42 137 563 577 879 267 978 211 46 437 257 200 738 848 686 506
209 163 197 220 651 154 654 904 969 738 405 911 978 206 230 966 263 714 546 720 237 183 13 589 682 822 254 10 665 617 82 931 8 392 561 817 804 91 534 828
9959