40
7
325 646 495 958 750 80 281 633 436 901 429 413 15 411 299 620 162 475 289 738 502 705 73 762 703 137 97 402 576 351 577 763 478 327 910 28 215 647 522 908
954 821 287 901 3 893 790 599 74 832 669 188 506 173 143 595 503 569 223 40 248 990 341 135 134 654 883 901 2 464 28 935 758 535 331 121 715 250 228 478
457 934 407 425 433 515 598 694 886 9 685 602 445 132 900 892 184 411 938 571 572 611 76 122 75 821 839 57 675 49 415 534 704 200 78 25 372 418 18 782
863 761 145 211 181 723 589 318 489 322 173 995 641 973 146 417 957 799 205 516 228 20 386 321 733 817 295 345 559 497 233 68 73 88 607 203 272 452 35 42
392 1 414 837 850 874 565 326 456 697 244 532 65 131 176 622 772 968 912 571 703 645 180 452 260 719 822 853 420 676 268 401 288 338 702 360 782 233 732 817
843 368 79 403 614 559 176 664 538 905 288 939 934 792 641 879 481 752 510 422 364 483 781 599 232 101 83 536 744 440 708 509 371 752 91 219 589 862 103 636
852 834 996 165 388 261 88 427 128 573 121 79 281 78 83 408 650 290 711 19 511 240 36 662 211 120 20 655 661 642 321 794 87 83 513 750 288 857 638 383
545 118 828 182 308 578 667 55 797 352 434 93 836 894 583 149 730 42 524 944 363 922 324 539 703 772 487 500 17 700 586 834 982 73 878 436 197 666 374 812
10412