40
7
595 951 162 776 928 203 209 127 769 395 164 264 946 697 328 942 123 165 143 177 18 228 979 357 564 647 572 521 875 398 136 226 862 309 997 823 767 565 47 949
286 425 77 513 207 80 622 556 901 856 73 291 717 955 153 376 451 982 268 673 729 43 109 169 886 90 947 840 638 671 389 300 76 994 467 817 857 153 182 920
456 32 269 646 329 557 762 269 515 368 632 435 129 115 166 691 824 247 278 257 404 977 136 728 756 877 435 365 46 848 904 581 842 415 672 201 980 812 461 922
878 942 547 502 781 616 23 284 360 303 382 305 301 962 325 497 24 190 412 224 606 591 459 740 269 808 479 68 31 146 754 4 191 114 368 340 381 180 980 489
339 584 414 980 705 164 434 756 852 192 333 766 80 572 130 199 234 137 31 383 530 472 214 245 884 364 433 14 393 629 141 630 747 397 772 219 500 128 555 498
804 86 522 480 910 68 340 187 864 885 709 203 831 439 473 212 940 574 30 937 11 881 430 443 601 570 768 438 956 128 303 37 662 647 287 754 733 529 996 186
860 332 449 612 936 725 236 277 710 400 340 412 361 375 291 761 764 621 280 309 478 661 456 949 481 707 90 463 828 588 126 885 86 661 937 820 773 810 35 655
174 639 787 757 424 70 904 375 768 666 40 655 484 487 759 314 927 732 626 272 675 965 929 191 168 802 2 718 813 813 323 880 700 922 28 655 739 672 890 661
11703