40
7
982 724 572 752 471 535 417 301 837 104 823 674 380 5 346 277 196 960 655 447 781 971 208 795 785 7 601 64 440 331 374 434 614 490 188 711 843 746 621 682
209 823 951 447 951 959 55 572 214 432 438 425 296 574 838 811 513 962 466 988 833 962 266 869 467 376 164 55 472 249 585 227 515 791 456 214 164 385 232 985
953 604 395 899 615 86 963 313 644 272 62 456 569 367 385 649 515 76 554 134 331 443 764 344 620 906 789 217 936 657 125 919 755 977 470 218 804 613 968 7
980 34 930 851 498 991 167 101 477 639 131 346 388 673 147 824 190 993 125 199 332 164 158 566 659 149 562 289 451 666 811 292 336 596 825 702 107 314 605 787
620 405 176 90 850 275 64 126 208 261 592 449 913 279 669 465 418 290 306 813 657 581 116 99 319 199 219 586 316 66 474 233 716 264 875 515 964 577 780 615
257 804 605 73 720 764 824 862 134 958 155 88 699 868 273 303 376 422 766 34 939 624 25 275 814 776 564 13 716 617 975 200 337 711 607 213 357 614 706 901
452 891 787 357 804 48 53 114 595 87 414 449 547 472 820 33 510 37 540 84 248 676 139 410 283 386 65 615 737 415 494 968 575 72 999 808 120 319 649 739
581 579 704 832 769 855 834 476 415 353 357 844 453 936 165 188 467 826 187 674 408 80 740 40 14 176 138 231 822 193 518 546 278 907 615 264 670 786 369 85
9688