40
7
796 538 400 520 383 718 749 653 327 426 123 657 64 193 533 422 43 385 636 840 619 334 161 884 476 869 109 315 948 31 591 109 870 29 168 523 769 246 642 471
728 418 725 251 522 27 36 339 350 196 907 305 389 953 907 559 694 1000 434 230 61 361 473 979 260 549 191 634 632 147 808 15 641 268 903 30 708 176 25 954
547 767 983 872 765 314 247 185 665 154 928 835 247 540 137 55 710 60 542 169 900 645 594 344 494 457 53 367 480 355 428 328 407 552 225 985 217 750 450 691
192 970 395 891 566 663 717 280 393 298 616 526 131 430 677 794 413 42 982 852 279 284 151 596 261 197 69 193 450 686 664 928 151 779 160 12 890 778 613 815
528 659 152 727 2 450 193 266 126 236 81 823 375 262 361 624 210 844 736 405 102 488 630 285 176 362 499 613 193 589 384 945 429 279 606 448 728 811 699 26
892 970 885 651 739 509 154 584 225 966 61 299 445 274 723 44 605 836 407 551 68 631 481 378 29 496 89 742 406 367 241 329 884 507 399 388 805 719 142 139
260 834 521 202 961 130 56 208 392 260 526 863 917 118 901 408 97 781 686 639 554 88 728 651 565 302 858 553 522 370 377 899 97 591 169 927 257 489 544 563
719 788 733 674 62 666 921 28 371 236 401 619 630 675 310 874 344 109 548 353 999 628 449 28 497 985 482 333 93 603 371 468 92 161 510 164 332 402 991 366
9508