40
7
797 842 660 111 121 583 284 175 444 202 720 507 592 572 431 806 657 930 294 162 295 512 586 310 629 363 24 271 855 428 326 262 241 765 214 83 917 625 41 782
134 787 273 591 271 803 744 425 186 597 2 98 709 795 275 506 944 674 973 524 542 388 846 478 742 541 483 578 12 963 169 541 149 553 622 655 573 536 4 70
842 863 884 320 376 125 532 614 664 500 389 167 962 920 546 958 445 158 469 824 466 587 693 910 975 30 432 223 125 98 262 326 797 651 822 5 185 19 120 226
424 78 612 387 220 139 636 16 332 33 975 562 350 86 18 651 158 894 882 778 328 736 49 616 335 178 256 451 172 456 766 581 856 904 274 878 302 563 33 72
886 704 279 103 312 264 618 885 884 295 114 320 373 389 957 580 769 248 664 554 123 3 917 42 365 37 844 678 535 746 86 246 374 278 869 801 450 495 172 449
318 221 126 282 576 976 906 388 815 754 445 108 582 534 884 314 705 622 619 410 281 787 398 111 477 431 792 931 913 165 655 60 783 399 490 154 546 777 53 922
743 210 20 557 83 791 27 195 143 282 662 328 687 989 1000 781 433 317 882 500 463 966 933 419 103 799 887 594 131 347 715 617 460 734 650 28 817 829 421 365
10 908 422 628 133 312 627 475 774 868 649 291 890 203 4 41 469 465 218 988 563 782 419 487 772 420 354 958 242 126 570 602 763 450 586 554 557 321 452 590
9972