40
7
835 561 830 999 267 651 901 401 747 188 594 885 249 134 402 141 352 595 503 895 474 424 383 70 511 776 232 804 206 511 491 445 826 958 694 895 269 223 999 824
842 422 779 608 876 581 376 929 474 63 524 574 72 337 758 325 342 498 251 15 553 494 937 261 190 731 540 518 431 35 970 627 175 68 481 211 608 625 497 147
362 421 588 410 385 303 268 197 283 557 996 688 292 681 36 703 823 280 107 467 477 375 419 48 523 79 807 968 820 579 37 31 437 472 864 191 257 611 997 499
971 187 533 408 352 508 261 101 796 400 488 989 447 950 227 431 879 627 1000 714 432 279 635 25 143 595 631 535 8 694 417 768 708 624 225 611 1000 691 644 12
655 110 285 428 933 735 690 896 262 8 17 54 351 261 521 111 90 979 282 848 797 203 873 609 903 643 260 267 847 190 202 507 868 526 208 330 432 181 838 945
652 410 572 100 688 553 854 970 983 547 847 913 428 646 117 834 197 914 585 659 299 907 398 196 142 286 749 856 925 712 683 157 867 101 428 743 405 879 944 518
907 901 617 429 530 154 677 470 302 658 677 323 698 809 534 970 75 230 491 639 42 533 422 693 247 152 642 979 714 946 161 702 29 880 302 685 726 977 866 960
486 526 168 674 841 639 761 347 215 896 37 503 4 634 59 586 178 157 69 292 419 620 841 33 314 861 871 790 432 583 585 12 592 119 733 961 125 198 885 492
9269