40
7
581 898 938 363 576 982 325 371 137 924 83 954 257 651 1000 146 593 88 10 997 546 358 79 393 133 416 98 672 105 745 247 583 157 824 873 7 672 685 945 98
156 372 234 533 125 767 700 100 771 541 116 297 466 640 340 482 349 544 95 707 137 413 39 961 531 921 252 375 565 39 592 133 671 879 72 950 829 652 765 131
65 726 897 270 704 720 782 724 978 791 290 540 697 517 617 115 974 255 375 871 140 447 589 447 498 675 700 10 618 187 277 625 481 287 582 384 390 969 944 59
990 965 667 702 789 980 893 490 321 956 616 332 425 386 867 870 279 857 998 697 576 43 753 207 933 445 681 499 941 327 269 496 985 499 294 775 441 958 71 152
258 220 881 672 338 694 122 781 558 656 488 273 962 965 157 1000 582 845 981 291 222 515 175 61 103 496 296 784 574 504 917 532 183 503 281 700 451 88 517 108
704 49 797 592 353 824 541 174 161 341 29 287 16 672 664 190 991 755 576 728 685 703 753 52 334 510 959 951 56 992 717 428 505 362 431 10 846 82 888 406
508 696 5 377 147 303 628 952 933 31 87 964 266 458 383 52 860 353 796 667 525 523 25 156 322 724 580 752 959 296 738 321 308 328 383 214 666 695 3 569
570 717 466 61 235 443 997 705 210 738 988 712 339 814 482 759 591 506 979 146 967 428 944 292 73 96 740 965 499 666 998 768 242 592 345 332 707 295 950 809
11583