40
7
741 468 128 840 192 474 441 380 778 388 283 406 482 244 178 617 28 395 126 409 556 359 985 37 928 358 746 545 272 583 949 371 463 692 241 230 226 389 665 983
300 132 71 813 145 11 942 144 419 5 745 610 981 794 35 200 438 869 603 344 143 291 639 666 305 68 218 787 221 369 874 184 509 889 363 425 231 383 297 868
938 355 393 575 435 544 999 301 139 276 598 913 879 625 191 405 290 125 454 841 957 923 575 421 351 471 839 661 9 155 576 118 911 288 966 288 708 285 565 862
945 283 340 992 792 558 695 842 458 115 969 306 638 894 847 661 77 652 162 438 814 392 151 617 968 657 407 123 150 283 184 361 521 252 255 571 535 106 526 192
531 698 642 578 478 344 383 78 189 618 544 728 220 822 604 161 953 354 772 991 487 138 295 819 486 930 640 339 612 620 956 344 671 755 602 301 665 397 771 742
250 491 219 854 37 922 286 172 581 630 780 986 616 828 223 439 423 410 564 80 839 136 931 513 118 292 931 620 146 144 762 88 880 180 682 606 230 70 901 560
18 766 478 585 988 871 456 709 889 609 700 923 61 925 797 296 84 984 839 775 609 534 568 192 666 422 214 395 934 589 794 98 86 293 323 198 666 724 550 400
483 228 567 10 511 870 848 300 524 280 166 544 330 777 950 766 640 642 896 678 568 971 555 12 828 526 952 670 702 510 534 738 347 455 510 137 775 884 322 461
11234