40
7
135 751 434 272 31 813 390 579 669 437 219 911 136 954 39 992 585 436 590 757 946 623 319 788 868 705 374 851 87 56 574 156 15 280 940 736 959 611 940 95
592 669 552 552 309 41 226 908 926 409 554 84 754 13 882 800 860 422 904 785 628 54 226 15 730 260 244 571 315 340 45 30 305 642 606 944 753 726 458 800
743 869 71 493 921 112 172 492 247 805 296 258 623 174 734 414 287 812 212 487 706 740 777 585 5 666 19 990 96 688 163 870 22 123 324 449 687 419 870 892
511 962 267 264 577 109 234 352 171 117 595 858 4 382 482 84 351 396 731 460 644 747 498 563 215 288 69 595 156 407 425 434 162 607 843 339 243 703 288 781
551 762 406 941 757 630 603 260 935 494 102 900 612 52 394 410 802 940 708 851 478 326 448 922 811 993 861 569 552 282 80 942 97 472 369 859 618 823 823 549
884 500 8 32 501 269 978 243 954 113 988 337 791 138 528 908 626 653 991 731 189 703 121 446 343 486 898 478 93 763 845 151 894 950 275 892 299 868 376 960
498 848 674 899 865 330 282 595 797 418 535 601 99 316 633 154 315 86 651 314 818 854 81 50 990 610 486 570 673 855 642 813 275 369 645 298 414 376 347 892
761 48 716 658 556 949 461 403 724 941 869 702 34 821 15 464 97 389 753 164 3 546 150 373 799 126 628 697 313 3 445 305 935 759 481 157 23 741 289 328
9313