40
7
335 99 429 701 670 689 203 833 659 307 537 915 715 404 281 104 44 477 667 141 35 58 85 546 814 957 427 865 630 299 960 506 288 617 674 611 369 927 302 828
17 187 301 702 297 587 485 810 874 16 963 214 963 468 156 227 57 410 447 937 224 376 726 175 991 936 479 332 267 729 893 606 76 918 148 729 612 280 247 789
860 594 371 905 204 422 629 609 701 484 351 182 582 443 199 221 822 306 233 282 748 453 321 557 182 620 931 819 501 297 917 996 69 448 550 241 221 346 433 998
999 184 59 929 354 172 434 196 568 593 358 631 90 78 660 62 123 823 833 547 219 73 423 167 813 513 487 217 637 413 828 731 544 233 84 834 277 776 668 986
266 61 561 719 529 921 100 151 392 685 197 19 65 493 452 452 866 499 263 525 239 217 249 106 912 105 662 4 397 209 808 644 621 983 911 671 738 751 166 11
217 913 948 938 656 717 785 47 185 124 725 858 719 342 343 246 585 565 305 204 61 733 187 176 415 182 716 661 724 470 906 155 820 719 686 780 645 294 69 256
862 353 95 804 178 963 938 378 534 22 740 585 754 951 854 618 262 413 46 953 220 800 881 14 447 485 798 426 520 54 829 147 397 323 510 152 68 640 609 6
987 384 743 827 728 894 253 451 782 824 461 896 742 562 470 274 840 742 338 226 114 957 466 958 442 647 949 396 564 53 5 714 130 390 87 273 885 803 277 753
11144