40
7
117 734 602 144 984 989 217 198 37 189 632 229 437 729 887 59 8 829 532 421 358 835 389 894 889 339 339 877 264 658 570 540 413 918 109 652 765 384 838 846
640 597 969 465 723 905 703 978 540 986 586 543 365 448 792 634 9 844 868 704 495 770 226 661 835 782 72 831 22 455 625 564 226 990 404 533 216 973 485 789
310 969 779 630 611 266 181 453 918 25 812 134 532 795 882 552 72 108 423 129 9 84 591 533 745 529 117 164 938 489 365 52 378 193 599 399 978 583 819 449
110 395 198 474 181 820 849 228 841 736 151 959 137 823 552 70 291 322 177 479 850 223 819 415 675 16 18 298 895 504 259 117 468 728 528 558 806 238 393 334
582 745 38 789 768 550 359 122 638 5 80 571 76 262 109 947 979 406 641 14 202 76 170 433 655 108 315 739 988 634 998 623 145 474 483 349 43 98 669 434
988 791 153 603 998 454 873 604 249 365 638 915 135 1000 185 220 49 791 186 872 13 475 818 434 400 215 978 358 813 554 151 788 362 267 713 69 69 390 703 178
301 993 19 842 193 457 88 365 940 506 941 104 750 881 219 82 366 98 460 73 363 747 110 303 969 629 510 341 559 341 985 618 671 182 887 530 587 431 275 774
355 953 799 173 837 843 386 952 435 180 319 883 281 79 964 893 536 642 800 930 835 725 455 806 347 509 554 659 342 822 388 76 969 472 844 490 675 53 155 458
11437