40
7
586 191 617 592 680 151 178 262 400 822 703 275 995 492 4 243 667 35 794 710 954 688 951 687 122 307 234 378 314 499 182 598 579 983 692 721 934 804 830 716
733 832 286 497 665 598 346 428 328 568 962 467 461 382 343 511 532 184 487 219 386 706 394 521 268 610 367 878 922 348 405 408 898 267 772 376 857 552 393 261
602 288 228 515 441 345 397 383 286 797 880 835 473 539 273 505 540 954 807 747 804 384 827 838 32 323 340 971 112 989 99 388 330 218 323 299 747 355 505 415
596 876 894 671 145 108 110 221 895 613 194 153 103 29 610 826 677 306 756 568 57 922 964 466 656 134 3 772 350 754 176 886 869 165 497 458 157 763 282 521
613 655 573 601 904 119 258 479 507 583 286 935 208 671 98 103 800 660 161 499 263 567 401 617 242 227 41 654 858 938 243 93 483 964 616 482 989 614 720 881
329 907 283 903 606 897 670 727 414 361 488 10 110 285 867 526 891 120 10 874 154 8 1000 233 741 939 464 22 205 168 934 955 599 771 34 493 385 725 299 759
972 665 484 340 698 956 602 101 704 758 901 143 520 333 492 782 381 218 965 258 770 910 387 373 73 693 350 331 402 101 917 683 395 393 247 680 122 509 657 155
561 852 525 625 349 302 827 247 610 470 626 2 94 460 403 789 755 931 727 206 596 657 217 468 89 34 271 93 983 117 716 247 259 360 181 251 171 229 268 564
8566