40
7
460 957 120 984 161 806 308 549 523 487 607 500 535 865 335 314 306 628 651 146 263 446 355 899 340 658 886 730 59 456 171 767 412 157 457 118 758 571 686 398
422 382 521 571 646 706 664 948 156 223 971 353 900 946 309 260 726 803 644 317 591 964 563 197 248 244 950 210 796 226 865 933 234 587 834 7 24 261 765 992
324 583 317 78 819 640 886 947 745 616 187 25 909 582 156 898 434 363 71 759 238 291 786 598 938 833 42 306 970 3 330 594 541 995 112 688 533 769 855 419
203 507 353 111 521 56 504 228 831 793 372 570 899 421 237 585 618 595 897 56 307 179 749 301 808 720 423 442 118 438 301 887 199 345 643 693 649 337 582 99
399 940 446 221 175 727 214 374 129 438 270 264 821 233 425 295 622 925 382 174 601 506 417 612 946 232 517 402 108 510 135 177 887 77 648 456 520 423 587 897
94 835 533 771 411 506 153 71 408 676 86 894 725 800 893 59 180 124 385 186 206 943 12 369 450 266 436 905 889 866 762 524 552 976 699 19 744 851 758 506
884 255 584 867 90 158 653 673 452 227 624 611 581 178 472 849 745 90 761 947 994 20 288 169 770 205 470 724 872 572 973 114 310 433 494 812 977 931 790 979
92 886 941 37 705 402 940 912 203 199 543 973 934 721 952 962 827 162 494 171 83 178 361 349 262 515 269 838 114 901 886 890 844 235 48 360 412 941 705 737
10992