40
7
420 295 347 433 556 774 508 603 207 806 378 878 92 902 4 879 842 896 775 973 578 13 7 147 650 143 81 476 251 601 487 356 789 949 198 577 843 134 435 549
502 851 843 440 205 713 160 941 101 582 728 95 243 620 84 876 209 740 357 478 520 858 355 876 924 241 42 785 343 898 847 177 534 462 994 102 518 530 689 808
990 774 616 623 902 45 253 655 626 951 696 253 272 914 964 573 936 344 77 457 764 172 193 362 54 516 604 237 488 715 488 239 109 593 356 201 380 67 606 848
868 246 185 530 580 181 926 123 70 210 251 211 352 272 918 638 43 245 366 849 500 964 969 387 785 163 513 772 227 307 660 766 760 971 492 403 969 436 292 819
688 321 219 33 672 510 399 102 689 634 979 317 885 777 678 104 39 515 694 921 279 543 957 414 576 508 303 15 962 617 583 757 320 951 527 472 867 731 84 567
51 107 926 912 230 362 581 916 954 172 544 158 663 85 18 862 751 743 858 53 694 387 375 178 475 398 773 21 459 960 281 965 939 958 934 823 632 818 250 891
790 567 843 383 183 472 683 661 511 60 43 102 904 915 774 704 503 375 521 756 192 285 417 855 100 930 603 136 190 31 923 638 928 462 175 124 896 816 934 703
476 342 441 692 910 452 754 226 374 72 241 540 564 477 476 465 834 354 739 435 130 590 739 676 40 123 255 240 72 516 332 959 319 416 209 876 440 332 105 68
8651