40
7
179 393 11 264 172 851 719 198 227 386 829 950 308 452 595 487 586 423 803 759 595 994 637 873 80 773 700 559 173 740 283 215 489 789 445 310 730 325 756 394
298 14 666 100 267 629 993 668 605 623 370 741 628 565 450 244 468 905 985 670 715 828 330 737 213 498 970 358 613 870 535 982 260 85 334 964 808 977 840 848
517 573 16 820 429 470 222 318 941 581 685 155 563 984 3 972 113 818 215 758 848 160 300 540 15 960 510 605 54 868 756 278 541 524 336 743 61 248 707 424
390 187 157 231 355 22 593 914 582 475 627 611 796 797 893 402 686 673 514 596 279 932 204 123 227 272 338 985 556 806 261 192 894 289 471 792 496 58 905 2
151 477 275 699 603 81 469 43 301 295 888 134 512 779 605 810 826 160 13 46 773 347 729 633 921 944 722 192 625 544 475 947 444 697 627 671 556 60 815 89
229 685 392 993 900 98 985 95 847 345 54 10 32 932 686 715 41 821 61 732 947 54 659 528 850 18 298 435 797 562 477 955 254 533 832 922 378 20 936 867
988 24 886 529 196 912 684 862 6 998 999 153 142 82 186 522 842 433 551 322 888 303 842 308 123 473 548 914 288 936 700 948 804 151 675 239 67 392 403 815
862 778 807 946 42 117 109 609 160 427 568 780 651 633 867 744 70 293 833 863 557 715 852 714 101 59 873 813 988 128 282 531 240 921 999 326 81 120 759 815
11017