40
7
329 304 290 725 454 595 550 86 997 210 998 520 714 527 78 788 104 115 149 264 251 431 396 533 914 882 613 1 311 244 675 805 213 395 823 134 838 305 192 92
524 871 329 983 635 950 113 492 958 233 719 420 187 931 327 265 507 954 348 977 390 184 179 62 411 4 631 69 14 671 26 292 342 688 705 343 190 266 758 920
59 942 934 845 951 325 666 292 229 126 906 131 13 210 972 556 447 341 807 369 681 338 763 471 816 800 309 223 407 771 993 781 823 542 938 507 178 579 112 557
36 247 366 661 931 545 279 359 296 109 403 30 160 599 654 602 591 485 41 418 485 193 154 107 636 860 520 668 38 698 679 491 598 984 703 923 505 215 18 800
779 216 215 332 858 524 903 37 752 222 390 113 951 140 396 130 879 461 759 398 62 980 944 69 26 1 701 704 471 347 835 254 713 742 298 773 46 64 515 423
705 561 915 639 93 424 518 700 729 894 268 514 676 192 357 910 874 55 920 345 375 259 979 8 319 461 794 671 251 618 55 727 379 2 985 266 27 300 955 226
799 798 145 518 949 650 239 825 469 270 275 37 963 989 165 927 390 164 766 106 119 681 261 694 123 622 750 696 946 660 159 281 256 694 723 411 402 882 340 879
236 411 230 219 512 120 158 183 485 790 665 215 515 171 467 510 289 235 625 385 951 657 337 186 874 861 977 269 786 75 263 310 435 427 881 986 802 783 243 642
9583