40
7
644 134 950 661 13 791 692 219 59 378 622 949 352 857 940 210 669 567 866 207 495 880 12 160 927 280 379 33 294 510 480 714 836 479 678 465 837 968 639 116
381 348 530 235 330 143 410 234 815 87 31 705 584 603 206 130 707 874 380 623 948 101 300 482 352 817 266 389 902 611 322 370 426 555 143 879 735 234 900 920
654 971 238 313 624 824 491 567 178 715 162 118 490 440 695 206 670 546 312 542 412 860 331 288 523 754 685 612 326 869 609 717 309 574 169 850 856 305 841 291
623 139 352 130 599 408 897 42 953 524 33 910 189 562 753 78 437 777 387 811 655 584 379 583 289 64 557 617 957 103 46 156 942 30 631 284 282 353 446 754
509 940 940 959 90 664 488 727 827 25 733 437 125 554 344 299 407 724 242 185 80 312 791 480 913 6 470 374 322 495 896 243 599 716 576 412 599 403 930 868
971 601 946 631 551 193 973 274 226 94 615 561 749 146 604 607 862 831 447 881 69 518 118 882 813 466 252 681 738 808 331 558 254 541 12 284 377 902 46 789
159 395 812 972 383 790 458 49 207 419 332 155 331 158 816 23 198 289 365 505 207 1000 670 702 882 195 331 80 27 393 663 364 706 854 200 98 955 785 30 518
14 1 796 211 991 324 114 908 502 691 707 900 223 682 388 763 581 567 715 508 390 442 388 144 249 687 543 159 747 136 178 940 663 649 325 865 261 828 247 321
9874