40
7
110 661 643 104 892 333 445 522 526 721 84 228 573 757 488 656 526 512 932 975 590 553 420 495 556 998 459 118 393 29 889 158 514 130 447 340 863 987 141 942
162 9 152 738 699 516 696 233 164 632 707 999 2 824 119 670 10 9 387 693 113 840 219 211 631 433 759 35 55 234 936 884 674 379 231 342 904 832 554 156
1 372 800 532 214 672 553 201 864 433 736 837 838 436 652 430 120 487 869 361 990 59 498 939 3 307 999 170 185 518 98 750 202 723 509 18 963 586 286 719
976 956 882 101 346 228 213 76 43 712 323 416 166 781 75 132 946 52 800 911 416 225 201 126 954 904 759 982 44 48 634 45 225 575 981 311 307 67 591 700
888 494 84 247 850 987 966 53 128 382 819 769 756 22 491 588 843 33 271 825 498 745 908 199 665 876 865 938 281 364 505 960 812 279 718 323 949 703 2 213
998 87 986 710 882 201 14 374 413 621 304 931 43 263 863 207 292 395 798 979 479 451 622 985 925 273 822 621 183 256 608 525 75 726 718 963 326 403 340 106
569 490 507 678 912 118 419 958 930 265 630 425 410 776 329 385 229 492 459 614 661 825 136 895 407 811 890 334 587 380 567 599 841 692 759 661 383 490 984 365
923 644 180 42 407 428 613 880 579 48 865 173 46 692 865 777 113 33 757 627 997 668 680 168 887 627 236 934 828 428 373 71 811 68 943 457 751 82 290 960
10476