40
7
93 672 64 438 740 721 545 390 956 658 7 857 779 291 47 919 15 139 623 648 724 877 100 533 32 794 588 967 221 16 641 151 124 505 652 434 481 467 22 815
259 308 330 658 831 142 110 776 889 384 674 572 804 855 290 606 314 117 293 925 750 437 769 710 873 389 389 563 737 684 225 906 227 881 235 375 788 640 878 323
395 935 661 648 170 506 665 495 717 565 645 123 570 337 673 886 226 719 630 121 348 186 885 207 932 169 533 415 724 580 475 387 355 660 109 440 89 48 924 924
242 358 373 63 428 283 990 35 664 19 597 749 728 20 99 391 436 827 449 8 87 674 634 237 909 505 10 285 930 13 79 181 44 973 198 884 23 638 160 921
100 996 795 407 766 44 884 955 264 689 78 757 811 968 857 249 351 441 231 843 992 263 7 237 764 879 805 886 400 462 734 372 21 515 931 287 752 163 738 732
804 396 172 69 902 938 682 33 358 270 895 753 454 735 299 20 64 102 818 585 376 665 404 189 319 68 893 873 893 247 621 230 916 910 156 457 296 544 94 448
275 100 970 894 921 556 694 849 437 628 41 417 703 737 521 775 576 363 59 151 598 473 202 425 512 781 711 167 807 613 655 827 163 166 328 816 757 391 933 176
985 433 488 459 516 408 919 170 744 736 469 158 710 288 989 435 358 675 830 581 962 173 885 488 774 345 184 619 336 307 400 908 138 132 227 628 647 637 45 651
10419