40
7
505 286 314 532 229 23 44 266 5 805 979 63 359 682 669 974 85 795 879 963 2 431 787 178 698 771 666 23 179 942 603 288 604 859 96 492 644 598 70 847
415 803 349 361 861 781 631 541 169 215 652 504 328 295 684 987 72 405 679 34 897 170 668 495 780 562 633 640 397 307 254 259 182 603 332 781 886 846 155 127
33 398 855 711 552 822 523 834 234 424 393 916 263 839 447 88 113 556 340 855 174 165 811 621 516 894 800 373 428 218 914 375 798 813 130 825 510 682 663 279
288 472 690 346 239 70 603 145 458 815 184 77 836 216 142 168 442 922 721 609 762 669 645 207 893 952 944 33 833 854 476 528 63 544 378 452 685 273 172 182
643 1 413 24 542 999 373 80 519 262 272 839 550 302 191 736 97 723 256 743 518 166 390 448 992 347 20 941 456 873 304 795 12 499 952 684 546 408 561 922
437 401 441 88 154 496 120 676 381 563 550 412 781 734 502 263 952 626 501 783 959 65 226 279 380 177 301 884 453 225 75 826 512 918 944 759 483 16 863 973
895 511 640 203 214 761 898 138 340 750 464 352 615 698 717 61 347 700 847 731 713 894 795 1000 365 603 536 365 905 719 229 777 781 376 60 295 702 357 697 526
852 799 419 50 272 670 852 415 762 342 559 598 890 753 475 2 109 655 59 807 83 865 869 219 487 239 278 703 471 180 276 233 514 541 671 60 808 741 214 837
9815