40
7
920 775 611 487 456 946 791 729 836 550 576 297 968 599 700 723 441 397 309 528 960 627 370 851 585 585 865 511 471 347 433 443 96 834 596 357 587 919 290 556
75 527 601 518 514 61 532 107 356 189 145 776 314 38 161 386 316 250 943 336 820 333 1000 573 277 499 369 728 207 841 848 557 629 423 333 142 822 635 880 982
15 262 143 429 308 540 71 135 173 151 577 815 389 670 609 679 325 179 516 548 87 394 313 42 227 703 851 100 320 123 241 289 401 838 926 246 58 630 974 304
622 378 129 462 67 729 926 75 76 537 967 185 471 980 115 260 499 534 625 322 673 827 842 498 878 695 751 707 624 291 767 71 339 616 175 496 593 626 746 659
639 418 239 667 600 985 349 122 89 450 887 669 999 279 941 502 397 242 901 735 948 877 701 751 465 941 120 289 511 993 506 244 113 564 976 668 862 925 604 893
37 866 256 757 621 421 289 231 18 190 351 425 328 136 625 429 6 596 7 48 129 785 178 680 91 983 89 144 128 97 786 106 563 656 671 592 141 773 257 87
117 904 655 762 477 329 649 790 940 323 533 3 800 823 829 233 431 952 803 9 656 645 154 486 735 705 854 139 950 213 4 370 140 641 135 529 875 32 28 146
163 992 691 849 147 446 581 863 185 1 340 717 599 737 990 817 436 668 796 594 820 924 141 77 229 854 471 885 286 510 541 738 172 341 302 773 268 52 815 321
10566