40
7
524 983 993 965 560 734 452 279 308 567 590 637 287 92 215 372 135 707 701 718 102 336 943 885 681 403 915 400 966 141 425 675 978 919 233 345 766 160 209 108
370 106 930 733 957 503 84 160 780 794 626 527 609 421 340 51 254 864 754 406 792 461 744 980 744 855 42 931 101 769 409 694 752 494 600 824 784 387 25 685
373 831 15 943 765 139 186 668 345 637 232 767 503 849 14 288 122 76 265 480 852 51 512 726 711 571 82 651 94 329 618 641 546 454 181 204 203 961 681 608
895 209 924 94 342 933 264 555 34 382 100 518 89 74 147 244 726 319 340 633 256 391 768 279 401 260 666 588 393 336 704 176 785 623 601 259 975 980 292 557
206 450 984 688 353 851 84 230 641 106 272 888 424 930 411 78 741 141 665 23 150 872 4 55 786 247 282 956 414 609 781 722 496 86 218 386 15 32 61 981
164 264 780 826 900 688 957 84 637 896 784 325 871 154 92 223 233 904 270 385 760 961 471 965 938 491 367 500 204 526 751 353 627 246 318 871 440 477 478 774
895 145 99 529 103 760 231 527 784 449 712 36 594 882 907 26 600 844 690 184 156 937 192 322 698 667 506 306 494 166 170 970 123 761 777 244 926 100 737 308
1000 172 788 987 117 346 861 608 753 677 226 882 544 661 268 172 993 849 42 756 640 828 215 276 107 754 278 130 10 370 803 588 746 333 762 90 738 814 704 302
10595