40
7
568 92 193 178 227 690 626 731 992 902 858 860 605 981 55 744 249 71 761 229 872 288 908 777 321 463 335 178 303 214 852 983 803 855 9 779 310 762 680 968
706 109 995 426 334 985 691 898 663 948 367 536 751 891 884 349 904 951 104 507 318 142 592 607 383 460 709 604 142 486 724 830 385 787 640 953 514 701 893 668
956 24 811 381 441 642 870 803 583 428 320 393 877 70 166 89 202 36 54 954 668 331 976 116 943 219 104 75 146 669 746 684 936 327 878 994 957 386 1000 87
924 228 869 21 42 588 113 111 401 623 249 999 998 496 58 137 795 709 771 395 33 652 217 107 539 879 426 401 48 139 837 860 988 993 758 577 233 143 799 767
431 697 684 89 600 50 613 955 468 361 496 229 779 109 557 342 60 549 831 404 442 388 241 619 909 272 997 662 517 537 574 840 84 502 311 312 39 481 503 409
759 307 896 338 210 620 595 64 487 642 655 402 101 58 879 345 722 383 564 557 105 868 116 27 310 204 315 791 861 677 243 967 311 776 368 584 460 730 188 700
842 386 335 325 421 247 863 189 14 545 253 478 768 945 975 148 556 521 345 999 564 511 521 979 805 453 628 306 18 994 951 483 557 4 16 697 282 222 757 596
459 976 370 25 266 3 42 345 652 779 93 562 670 109 559 752 957 618 638 956 465 94 564 922 793 21 333 581 281 326 942 19 241 847 526 693 363 146 850 225
9532