40
7
740 854 3 76 432 372 146 968 719 283 187 16 778 13 899 85 168 470 750 831 951 114 414 406 148 959 60 420 40 790 327 496 870 554 185 780 970 720 598 728
273 644 984 241 287 543 390 12 333 877 204 666 706 434 82 248 209 128 699 834 704 616 621 575 387 478 758 620 727 37 728 797 89 895 248 58 858 944 124 34
792 157 714 737 112 354 75 426 867 174 682 527 968 871 843 296 879 632 499 259 165 896 226 508 997 228 565 185 190 75 333 223 937 443 1 655 963 692 20 865
285 532 162 738 396 491 671 597 145 594 301 541 336 423 312 524 509 914 911 586 777 293 250 371 75 759 598 163 246 161 247 942 119 346 372 455 216 173 79 943
288 195 733 43 238 396 823 856 753 271 331 420 243 407 553 620 800 189 682 963 748 606 584 739 98 341 666 951 114 175 213 565 839 69 364 29 408 290 823 123
757 673 255 207 471 834 78 124 268 475 711 657 129 917 959 799 975 237 895 954 138 89 68 267 77 442 591 293 448 748 914 232 685 330 449 805 429 587 104 364
736 561 28 170 22 469 654 172 117 886 618 360 528 93 407 691 437 252 273 947 717 429 618 515 749 195 932 76 565 937 546 611 838 650 161 82 433 490 590 475
486 349 530 857 33 441 1 569 597 738 277 635 950 435 219 411 209 673 102 993 609 53 144 85 619 887 37 193 600 85 760 627 25 576 656 602 481 650 867 857
9459