40
7
906 438 62 344 423 977 221 479 23 346 518 664 672 231 943 6 950 733 362 742 481 966 862 735 718 636 965 240 435 432 593 558 252 26 341 207 435 310 207 906
365 498 25 845 104 6 658 845 441 190 14 436 358 260 610 642 653 902 54 746 288 759 831 147 137 180 97 408 641 7 287 302 34 386 791 277 457 161 945 541
278 974 620 751 681 367 790 576 328 311 305 483 825 461 199 443 836 956 689 874 446 951 105 227 503 357 322 887 885 652 469 814 921 612 571 425 517 479 487 269
864 3 242 571 287 46 722 328 996 310 434 732 130 783 410 340 696 45 335 441 989 139 4 79 613 628 617 241 546 999 202 144 869 17 193 986 778 33 556 814
562 24 274 525 723 536 401 837 124 297 149 265 471 547 191 262 595 798 570 833 616 369 596 325 682 588 753 890 571 999 407 446 864 484 828 558 565 746 681 80
243 505 347 837 23 483 157 631 44 424 227 7 15 697 267 559 76 569 609 904 26 807 712 165 502 887 133 87 50 375 183 236 409 813 196 170 425 948 819 72
401 926 321 469 305 62 428 616 335 394 727 32 940 242 845 774 809 697 226 620 416 589 958 264 25 951 342 855 479 794 865 853 859 700 29 234 476 18 956 8
657 50 204 978 947 721 648 136 47 502 948 681 434 798 576 469 776 223 981 201 410 89 417 875 441 627 619 679 503 242 929 400 898 311 489 32 136 985 7 475
10271