40
7
795 243 44 502 982 27 502 255 566 476 844 245 907 950 426 517 779 967 245 488 129 560 469 915 114 381 77 29 143 900 782 787 210 326 464 759 930 943 330 231
823 144 809 819 643 185 633 442 872 74 907 173 894 654 40 736 799 216 360 217 199 89 368 348 571 576 822 960 200 760 72 289 62 367 568 603 966 637 752 953
993 509 652 118 355 381 835 38 92 892 38 728 506 336 148 899 471 167 346 763 791 295 768 599 215 331 344 936 269 346 981 795 949 336 807 687 29 576 320 53
212 166 412 589 168 400 895 807 416 489 273 98 746 652 834 892 125 986 643 667 937 977 64 459 193 477 103 242 556 251 987 683 892 625 511 306 446 693 456 790
194 279 146 732 787 208 452 248 384 110 845 118 823 798 707 983 531 461 141 805 824 702 979 623 127 70 683 844 759 10 710 259 652 377 59 763 595 416 858 147
707 975 169 320 425 144 533 171 12 338 802 18 708 371 36 867 943 589 605 995 865 508 643 566 801 613 331 175 600 474 177 506 800 279 541 881 825 746 475 290
101 612 108 305 270 57 637 143 176 226 966 220 952 880 754 253 242 970 93 764 126 247 630 338 265 161 430 919 551 826 373 789 7 91 417 379 238 997 365 124
578 150 134 788 868 2 991 280 275 640 530 315 897 186 424 775 955 42 721 10 10 992 541 492 541 557 712 602 517 955 390 323 391 775 977 645 390 11 148 949
10240