40
7
667 88 769 236 373 771 202 315 40 493 716 203 443 749 124 622 125 408 467 108 635 149 661 434 676 86 147 290 668 289 753 8 136 877 169 156 76 396 879 557
964 752 203 968 46 581 361 444 106 679 722 556 40 604 461 192 418 708 348 395 694 691 290 165 90 466 573 867 307 864 364 641 96 440 393 946 808 108 579 778
58 210 150 152 869 532 305 454 894 984 418 653 300 470 239 970 583 929 779 242 20 174 968 688 619 204 98 898 314 272 49 19 762 487 783 935 354 707 426 521
26 836 56 928 431 63 143 723 124 629 928 238 262 548 427 432 2 616 299 549 620 415 788 576 207 902 977 539 187 601 402 897 118 422 600 153 767 837 130 479
101 875 528 584 34 622 852 834 42 776 450 393 231 388 88 387 77 196 465 822 237 677 1 300 204 745 443 360 243 448 362 200 747 267 335 358 151 975 477 225
875 35 981 103 811 713 860 560 405 270 183 754 360 348 201 565 682 655 558 750 548 347 7 804 688 450 236 969 862 153 523 329 496 305 955 500 778 690 691 136
494 995 505 528 167 398 435 954 84 856 661 236 907 908 236 585 538 417 953 973 121 145 196 381 43 678 582 760 552 11 199 877 363 238 996 746 134 310 844 544
766 554 65 787 173 205 811 372 960 732 777 476 945 45 57 177 730 177 517 468 139 557 765 894 783 804 318 640 462 23 221 843 447 423 717 979 512 814 402 715
10626