40
7
1000 974 182 151 132 101 16 984 389 13 17 237 383 332 53 198 417 405 598 577 94 990 48 191 524 218 830 328 261 532 94 743 305 818 55 470 501 168 990 149
796 59 432 786 29 395 288 932 621 312 659 248 190 373 738 419 45 726 469 624 25 40 410 764 395 342 248 189 860 546 392 343 593 209 493 43 572 131 47 49
950 83 788 33 488 442 119 269 222 952 119 386 32 642 981 192 172 660 10 630 263 7 224 809 217 50 325 786 549 555 737 636 619 226 79 61 387 196 672 276
275 952 196 331 98 849 483 391 652 827 241 260 978 267 753 927 613 541 341 246 34 656 332 227 450 515 666 687 609 425 293 203 301 748 616 793 292 848 621 368
409 75 908 223 869 914 701 124 860 84 172 47 387 866 967 320 783 930 194 696 709 965 102 242 157 740 223 504 124 112 824 59 630 505 36 866 906 104 720 877
681 157 463 325 414 360 805 198 349 576 512 336 416 234 59 815 141 596 181 708 443 726 501 97 516 374 33 911 333 218 365 323 636 547 718 308 358 583 165 716
729 634 80 402 110 483 788 547 645 131 997 259 220 676 383 874 902 994 58 673 751 552 438 403 932 296 57 320 97 325 711 434 139 334 254 215 202 749 956 124
276 911 10 709 947 651 336 615 817 986 76 951 831 367 481 644 38 868 60 600 721 465 74 798 177 343 53 514 798 836 74 566 656 769 21 416 669 159 550 111
9972