40
7
757 574 263 884 955 847 501 722 322 675 102 7 983 558 934 912 518 725 704 358 96 990 488 321 68 831 61 371 461 297 144 896 63 439 743 246 476 226 482 645
129 767 760 512 555 702 660 398 315 708 467 246 41 740 114 187 781 810 893 447 10 104 623 963 187 21 879 671 120 61 66 950 517 567 664 350 69 1 241 806
829 281 559 146 52 193 272 557 763 586 37 174 452 230 762 995 571 200 287 410 510 588 510 850 344 987 174 129 996 192 956 353 180 50 169 16 968 395 189 179
790 447 77 507 181 769 903 393 587 271 459 548 306 40 24 736 963 848 270 315 106 313 878 950 560 211 964 867 631 12 139 460 196 481 209 714 302 424 239 491
714 384 629 510 656 168 285 371 220 991 77 709 25 331 806 70 748 486 403 74 523 964 364 20 647 782 415 334 557 47 134 253 629 979 680 82 308 589 274 526
153 20 388 45 526 941 189 316 283 430 336 616 892 300 77 718 237 63 154 264 257 550 692 446 184 535 717 379 444 538 307 651 327 433 899 281 206 226 269 690
63 175 614 822 187 9 589 141 142 245 851 39 49 266 36 676 514 814 407 513 934 834 492 611 17 313 42 735 953 962 699 550 382 635 329 355 647 985 121 10
927 88 162 153 49 661 7 596 774 769 660 842 408 777 580 186 435 855 968 751 594 375 255 122 368 896 207 387 74 885 649 520 287 317 10 991 361 251 211 777
9593