40
7
211 997 617 490 18 481 711 998 966 743 783 604 705 161 775 315 560 930 506 107 809 423 493 88 261 146 296 548 540 669 730 149 147 893 248 758 538 262 213 951
180 45 451 750 512 379 20 640 255 581 592 495 743 591 185 586 826 549 946 544 699 391 949 380 877 486 39 97 823 899 795 893 812 845 92 652 544 38 357 533
757 976 154 253 120 958 452 750 380 535 454 355 76 778 638 643 547 21 996 43 826 463 918 349 535 304 175 344 450 517 839 304 799 793 418 462 782 266 693 168
953 63 117 150 687 100 495 197 583 413 63 118 675 804 128 185 682 65 131 860 112 592 107 945 555 157 942 199 347 654 503 178 538 874 693 719 446 383 601 984
194 117 874 708 141 135 163 941 454 590 980 810 784 144 294 135 682 649 996 822 425 494 107 535 786 210 702 357 550 903 615 235 964 719 960 570 386 813 861 441
434 118 372 534 691 857 715 58 812 42 27 811 681 499 849 985 181 909 310 224 989 233 215 856 310 38 749 648 64 922 244 148 899 107 858 68 872 398 466 493
678 523 612 82 797 785 193 676 445 458 675 366 897 831 72 647 94 30 258 55 817 231 356 436 340 518 581 2 320 45 803 247 193 289 79 742 274 759 546 275
21 606 738 523 343 863 128 735 868 724 28 598 236 41 660 187 543 14 536 74 74 689 471 531 961 68 429 299 511 304 332 701 594 667 457 603 392 643 477 504
9087