40
7
578 293 31 832 221 51 521 218 452 556 244 445 125 861 322 299 195 74 55 991 726 925 9 245 810 12 633 225 881 639 582 197 261 181 133 763 908 801 84 905
639 4 999 408 846 541 335 103 94 184 398 419 146 225 665 382 229 365 630 467 439 339 534 308 928 973 545 645 260 909 264 87 333 569 86 319 347 555 150 845
455 74 291 607 419 601 799 431 275 777 2 57 817 138 817 622 630 861 925 999 714 721 470 983 146 426 152 306 192 508 679 651 181 992 833 653 444 960 558 529
966 463 807 831 772 928 642 769 570 746 405 389 323 904 670 804 852 147 878 614 416 196 321 883 102 882 434 766 175 979 762 324 656 678 397 747 339 594 587 451
202 239 643 706 117 976 279 143 628 767 634 563 832 303 727 701 493 513 262 501 152 496 844 653 576 692 596 94 499 61 518 176 322 783 835 779 692 902 804 41
93 535 831 987 555 719 469 64 76 85 985 916 266 518 240 85 213 336 110 829 982 49 899 90 632 973 104 671 626 841 36 881 870 383 8 925 398 669 871 465
354 403 474 552 765 873 169 156 519 128 60 928 906 198 407 542 732 734 836 13 817 250 350 185 938 858 15 503 106 170 984 954 699 514 76 905 418 171 764 930
84 850 484 536 920 713 405 110 602 823 588 81 463 380 381 76 571 308 6 366 898 116 327 82 910 415 645 245 142 568 546 867 306 264 763 498 454 951 339 921
9502