40
7
239 546 998 424 845 578 807 141 465 808 309 531 629 398 349 771 693 71 196 374 303 248 420 567 613 3 601 151 272 515 272 253 176 338 274 855 971 263 974 133
72 889 627 24 515 99 414 538 456 255 201 169 244 676 217 560 352 879 659 382 484 332 271 125 645 887 55 642 913 443 985 837 351 944 558 423 649 55 30 168
646 473 136 387 766 395 848 116 553 13 455 375 445 535 175 93 893 100 892 49 156 290 775 734 89 181 394 690 611 239 385 864 327 398 667 170 78 966 414 6
846 591 465 227 563 908 179 984 404 400 603 883 711 665 513 232 394 264 537 178 370 680 721 419 675 21 133 661 79 283 368 169 925 246 889 665 550 299 623 849
786 285 221 624 672 479 532 669 191 638 181 425 352 420 343 364 159 620 450 704 29 844 873 390 824 244 726 281 551 768 619 731 337 278 129 620 142 557 433 91
27 460 458 678 536 439 172 709 337 952 735 143 807 73 985 886 934 205 446 653 334 760 264 571 854 788 520 574 709 839 806 837 173 296 181 482 802 914 246 284
71 182 849 203 486 33 543 239 673 758 180 343 446 710 103 631 819 175 766 118 325 713 381 33 718 632 412 623 604 501 318 144 185 198 970 478 208 697 644 584
909 69 487 185 726 162 826 950 32 745 662 42 999 48 699 929 500 233 195 657 728 105 219 323 890 965 946 870 651 423 413 133 639 587 146 922 653 751 729 723
10936