40
7
756 17 687 225 329 337 340 547 343 718 497 761 999 305 514 836 889 343 986 448 290 689 687 474 118 706 384 940 837 766 82 351 671 922 943 931 408 268 467 759
622 424 873 792 685 749 766 639 756 917 241 966 638 486 339 646 451 744 149 484 459 87 815 682 251 892 166 406 81 357 26 321 583 928 854 892 792 200 876 83
130 456 561 827 848 67 309 648 644 763 640 454 939 450 475 965 457 690 427 17 421 33 361 881 550 684 619 178 629 914 699 188 763 438 286 924 136 652 835 638
631 853 554 335 205 78 795 790 493 267 835 772 848 533 268 966 355 107 762 572 912 889 718 331 668 637 247 525 621 936 789 427 949 781 870 882 759 214 965 924
982 383 818 913 684 5 267 678 947 968 210 854 528 20 510 871 759 744 620 734 330 581 817 12 989 850 103 57 304 967 938 335 331 674 870 866 542 762 973 976
79 280 447 845 863 444 748 709 578 440 872 878 511 854 656 448 635 860 279 786 707 486 830 506 780 244 58 318 102 553 579 100 115 372 103 768 907 539 419 789
530 843 844 737 42 181 568 415 713 853 404 464 722 513 24 879 459 165 933 160 512 450 141 169 492 278 657 600 141 983 371 579 273 511 858 470 259 6 74 710
682 293 274 227 163 14 354 252 980 490 403 700 304 827 172 746 67 361 354 42 471 717 477 262 442 845 88 158 618 793 7 154 532 589 712 821 482 96 692 462
8562