40
7
605 863 158 264 792 514 111 962 450 640 801 646 170 384 95 887 446 491 87 679 443 706 270 982 573 656 397 348 847 254 708 956 796 739 330 178 957 418 873 814
875 394 896 165 194 658 955 497 756 306 308 760 430 758 652 587 388 595 288 365 205 179 386 514 122 442 831 358 206 22 692 570 196 566 687 820 696 95 789 384
328 943 705 149 56 120 954 11 773 585 93 358 7 84 453 574 892 286 77 819 507 220 373 264 570 34 592 298 621 95 862 480 787 806 498 23 123 743 421 144
689 450 666 411 558 319 82 380 122 562 287 941 403 595 485 230 982 851 559 358 199 800 834 890 798 260 320 579 385 784 407 69 269 114 247 413 34 819 689 456
115 883 861 696 191 49 394 144 152 338 573 671 618 955 872 280 351 97 61 244 776 914 341 384 151 503 870 255 27 879 734 656 387 868 747 462 979 77 226 462
13 919 768 535 114 256 186 344 540 6 837 2 487 591 504 894 742 640 67 652 449 27 567 811 981 592 606 404 148 365 566 943 138 574 180 199 980 561 114 821
513 347 724 443 998 567 226 667 942 632 898 846 815 269 228 400 296 340 987 115 521 18 323 205 359 975 416 634 102 345 662 107 158 978 519 741 644 875 312 610
742 602 946 48 734 554 325 830 234 181 206 872 882 752 941 30 318 28 738 811 465 749 693 572 915 951 218 139 932 395 127 678 12 980 438 464 517 740 352 923
11017