40
7
609 848 148 229 344 7 766 739 653 612 14 915 558 738 531 132 76 463 43 199 876 463 445 852 994 22 261 60 734 327 519 750 223 252 234 103 835 904 304 75
256 259 780 553 397 4 4 822 398 891 382 333 334 495 212 795 662 399 132 710 146 188 280 596 336 562 159 633 724 919 5 492 896 674 373 915 410 606 183 794
121 508 964 968 821 913 681 378 315 8 487 889 578 63 630 850 175 83 13 303 341 64 216 379 631 897 444 147 918 691 365 511 379 552 871 81 14 597 960 234
728 654 278 46 798 138 827 884 151 386 444 253 186 966 205 67 431 588 538 969 179 908 169 766 921 996 554 754 141 220 232 430 294 142 927 276 214 213 635 819
441 802 77 343 616 926 30 600 239 893 644 701 967 567 879 911 223 895 167 434 846 986 438 769 62 424 554 603 862 82 551 755 644 142 196 351 684 458 677 931
397 216 705 103 738 565 500 180 702 573 243 381 73 306 917 184 419 211 967 326 229 468 777 83 562 18 656 693 768 651 71 658 876 92 726 508 725 75 212 214
94 31 814 434 761 16 629 614 711 497 697 423 764 863 723 272 297 795 487 19 728 632 419 281 222 310 604 398 214 824 926 917 978 82 641 57 154 31 902 953
524 211 129 317 360 632 28 835 714 792 84 579 517 740 382 367 609 118 243 542 178 160 770 457 927 68 184 354 893 964 270 845 858 377 998 654 949 188 226 805
9924