40
7
329 457 671 533 307 360 561 191 399 725 698 886 710 389 852 684 181 282 892 309 178 680 182 506 337 196 498 494 642 381 990 606 843 99 151 515 316 257 522 675
317 457 317 326 945 31 148 636 616 198 125 15 715 303 204 667 322 934 721 94 211 458 447 420 568 39 921 589 453 219 599 904 976 262 681 411 170 451 136 694
973 860 497 595 501 679 740 991 542 912 725 803 211 121 407 75 731 536 429 810 153 949 717 888 549 684 64 794 171 820 1000 682 86 150 688 114 529 702 226 341
352 693 372 489 941 40 285 850 215 871 258 214 671 863 569 674 910 311 897 112 265 984 996 986 806 145 595 685 807 244 694 354 894 426 577 560 598 282 739 949
482 785 881 946 961 994 840 261 85 816 255 940 673 619 526 999 672 37 86 316 244 567 86 471 140 207 355 219 739 866 5 481 753 238 956 795 915 394 150 963
528 965 576 217 57 741 282 909 93 155 576 955 817 495 291 652 309 21 483 892 411 492 753 670 23 1 376 976 12 416 672 837 436 187 169 427 901 806 961 393
504 965 824 568 182 805 462 265 934 674 441 193 138 387 993 606 151 857 999 356 464 300 177 177 818 343 779 512 983 353 864 694 603 895 197 898 427 785 614 673
130 655 863 477 985 410 675 717 287 196 237 914 87 200 461 840 100 466 719 19 56 264 525 247 623 259 331 435 728 471 794 181 839 345 369 616 167 383 789 106
8983