40
7
50 222 258 50 352 949 333 869 653 538 511 335 924 347 706 496 526 148 993 461 29 485 57 440 339 671 214 761 194 423 855 918 934 141 883 936 890 118 800 712
536 591 881 408 372 593 570 167 466 240 877 453 230 776 835 166 26 786 607 899 199 932 93 914 400 669 16 355 493 504 293 477 765 92 836 88 773 967 762 290
10 779 223 163 559 923 677 334 866 863 774 330 60 575 935 887 403 289 492 416 998 644 671 488 35 862 876 598 989 990 488 444 908 597 768 79 82 586 620 894
488 846 84 697 335 457 374 953 228 666 313 308 28 102 477 449 384 705 435 383 203 774 173 760 34 971 161 79 243 382 337 475 380 649 972 602 678 167 97 151
819 212 422 324 483 812 969 802 72 140 417 912 914 349 89 889 474 432 279 453 64 34 472 756 274 508 337 213 819 695 119 952 164 82 894 86 525 930 994 463
590 729 341 725 6 810 235 536 370 39 998 35 841 2 476 425 866 189 476 559 316 447 235 235 894 741 44 160 942 874 83 360 651 50 141 138 482 133 164 151
47 500 519 479 861 123 911 45 938 759 788 668 294 710 151 182 884 180 124 431 347 688 308 606 767 245 629 614 403 419 576 435 160 820 829 106 442 807 628 248
63 656 474 372 811 518 411 346 594 818 505 358 66 361 925 612 103 741 207 580 97 509 495 233 447 449 581 515 794 684 895 589 780 718 633 937 22 715 950 274
10419