40
7
724 462 466 508 414 372 515 665 686 313 77 67 778 258 830 912 579 705 893 953 28 994 142 796 352 241 165 906 106 458 105 48 755 596 542 963 470 764 140 251
410 158 488 972 853 852 259 917 573 180 373 306 296 928 105 608 458 47 441 791 686 656 619 785 190 688 909 76 63 979 132 663 537 885 367 746 639 392 200 550
156 924 673 828 232 409 85 734 424 829 217 98 246 996 320 615 978 717 772 894 794 400 722 43 707 968 496 286 579 890 889 658 885 260 257 506 565 55 843 345
73 433 759 13 879 452 332 928 295 86 729 8 958 512 187 592 589 288 644 130 572 52 89 49 69 464 767 346 624 796 546 512 590 512 67 578 307 319 995 884
71 487 433 190 97 958 937 306 625 154 101 161 847 876 224 515 537 127 422 374 70 877 565 784 254 169 93 364 964 302 488 59 189 280 330 187 247 431 852 109
99 409 647 790 629 544 913 971 820 214 114 714 357 193 10 623 163 327 943 686 201 903 841 186 180 726 90 34 882 710 872 469 542 104 79 488 802 246 993 731
805 121 250 339 654 164 457 990 504 974 284 161 343 638 697 505 728 273 915 350 892 932 526 986 132 894 120 862 729 818 826 282 515 749 850 743 85 438 600 503
918 438 761 194 716 680 981 833 714 787 492 301 171 509 252 624 198 360 152 484 380 44 605 350 345 459 272 360 557 201 114 568 825 891 715 150 43 58 74 946
9261