40
7
980 531 39 873 536 780 479 27 196 291 976 63 400 38 290 662 633 574 18 514 536 24 12 523 951 30 991 639 839 488 701 954 55 428 590 303 243 547 273 328
246 747 764 168 139 648 289 50 311 723 929 561 48 196 939 776 219 851 559 513 784 74 228 73 834 899 336 480 668 702 499 904 968 326 988 520 810 256 963 50
156 870 643 145 268 189 979 314 125 611 373 718 269 709 41 46 564 63 46 521 649 64 425 846 244 403 544 855 178 659 589 642 592 246 964 89 376 509 52 469
212 419 859 815 373 223 96 667 255 143 500 270 307 1 762 124 879 430 677 458 824 614 458 465 759 401 691 17 61 480 20 341 240 502 606 260 935 855 730 670
962 833 878 161 936 742 219 172 781 737 251 909 684 313 465 320 202 907 537 211 19 245 186 29 404 934 374 840 861 956 294 149 896 882 247 445 663 950 778 620
826 565 51 241 191 306 954 35 842 105 951 266 24 615 976 78 402 186 218 711 221 511 779 881 380 678 633 374 552 691 966 230 759 994 90 338 432 810 632 703
18 772 462 227 59 301 574 457 990 926 436 696 19 196 311 318 869 811 851 463 708 253 288 598 923 980 7 518 738 992 319 808 65 604 767 17 746 495 330 256
26 632 330 734 456 631 359 253 317 144 392 245 39 94 942 802 737 69 507 9 994 983 344 828 10 656 135 624 520 595 603 284 386 854 381 400 557 576 511 340
9150