40
7
54 611 302 796 622 580 601 288 702 246 40 749 420 125 219 612 664 108 80 243 745 690 465 12 563 510 475 239 935 959 588 174 152 617 621 937 373 275 853 989
642 678 309 334 311 458 563 826 182 410 589 116 932 262 150 256 24 380 53 886 180 985 604 256 852 282 873 683 742 115 939 951 960 174 552 880 141 879 402 374
222 900 527 958 866 426 927 840 861 680 590 830 15 406 522 476 518 323 38 497 257 960 265 658 977 766 671 530 519 858 991 114 595 686 564 739 508 766 856 522
394 220 201 464 890 182 709 551 20 256 20 932 259 300 369 585 856 756 951 156 737 273 472 138 553 934 573 532 91 305 252 388 144 775 589 346 56 33 490 483
340 932 137 882 137 729 311 56 393 521 892 807 836 64 484 634 901 615 892 959 36 225 507 244 374 4 935 947 263 856 346 829 517 358 789 854 803 276 126 439
395 200 746 973 1000 390 455 640 313 338 183 760 731 39 92 385 242 847 354 789 221 248 247 369 106 626 772 481 201 719 392 878 590 839 329 955 972 258 307 839
908 472 731 831 547 785 662 719 610 515 626 609 423 469 983 210 298 875 736 661 157 314 773 150 814 382 444 932 727 889 543 192 941 760 681 514 25 749 734 203
985 429 83 569 665 475 771 53 732 998 729 256 960 949 377 372 698 932 184 419 983 376 532 340 998 310 945 227 792 745 300 649 431 351 931 691 833 366 575 259
11635