40
7
854 932 780 136 696 877 270 142 203 531 537 386 174 17 256 225 443 764 554 134 836 735 610 487 912 606 741 627 878 549 526 613 843 818 529 185 725 189 720 167
27 350 478 665 665 237 66 960 154 160 625 270 486 552 874 411 923 877 797 760 54 733 491 648 732 917 735 602 431 813 650 3 684 767 894 613 573 868 32 775
21 744 127 91 451 146 779 31 8 448 562 872 707 423 626 801 367 607 55 440 522 560 967 627 384 137 693 266 118 11 840 219 606 971 739 859 329 547 791 130
147 134 467 721 110 387 472 870 389 812 167 139 920 604 306 70 664 850 264 825 29 890 902 504 981 319 778 582 661 681 978 518 196 581 134 593 296 534 440 187
846 48 950 98 940 894 643 222 80 105 860 992 794 739 897 204 209 887 394 801 574 871 562 858 955 668 945 673 103 504 23 780 851 476 185 747 868 669 655 174
681 983 556 731 919 129 938 885 367 766 281 847 522 715 585 589 494 423 945 758 162 775 865 738 150 832 400 139 886 836 161 280 50 15 888 365 937 81 425 292
66 603 285 702 72 448 696 339 552 989 333 34 392 937 464 589 225 531 272 120 303 839 64 368 674 396 197 380 966 686 364 238 95 662 208 655 240 393 705 997
30 152 286 422 988 605 549 487 298 683 607 711 661 762 589 259 384 709 903 941 475 537 141 736 484 390 99 509 459 887 947 143 394 525 641 738 866 460 296 249
10501