40
7
165 333 802 140 869 716 871 526 834 273 961 793 903 67 167 823 923 145 376 532 799 157 694 549 122 176 2 875 754 149 184 92 621 137 318 257 650 125 510 846
221 364 806 960 253 803 828 322 268 730 761 439 867 503 10 5 239 936 603 504 126 417 267 587 92 165 882 117 874 794 603 106 807 842 868 359 980 678 564 797
94 266 817 280 271 135 934 29 166 324 255 708 607 770 398 788 156 528 802 396 405 719 135 324 594 429 439 237 432 958 539 574 763 642 761 493 360 324 918 83
430 546 543 741 629 110 918 327 22 272 576 21 810 435 269 175 7 162 794 491 832 867 571 888 472 749 67 106 396 800 115 218 959 103 520 424 622 182 878 23
429 520 918 146 569 176 90 467 242 341 29 419 680 50 535 408 480 456 177 635 818 554 293 539 129 175 609 466 441 954 135 868 562 525 482 700 655 310 31 867
514 632 237 558 414 117 22 194 349 763 89 276 818 897 790 983 215 613 624 254 155 264 783 778 163 296 503 693 184 59 138 117 950 425 145 972 514 721 655 735
706 568 731 218 846 988 937 596 411 320 382 333 638 842 748 865 135 473 68 223 203 859 735 309 591 837 872 988 133 452 12 71 67 727 701 388 635 618 278 685
975 330 856 457 457 307 264 686 636 458 382 562 38 940 552 854 143 953 226 771 943 604 772 415 375 367 573 189 190 612 878 27 443 436 133 182 424 262 4 197
9437