40
7
634 461 429 857 307 389 790 598 60 647 240 244 522 948 433 278 747 673 322 893 229 235 209 759 738 956 240 119 490 535 932 301 115 955 823 519 915 610 604 6
305 726 830 384 624 285 545 475 557 909 202 249 59 889 948 529 173 76 363 569 682 593 194 71 590 513 135 352 604 538 11 885 442 989 393 202 398 863 312 387
743 51 819 559 595 676 664 561 122 261 706 226 533 113 659 314 768 818 338 995 704 550 889 799 115 839 472 43 132 705 985 272 16 840 213 207 856 277 705 783
144 205 245 856 103 624 761 57 324 947 531 900 828 7 642 390 327 957 307 727 77 297 824 219 190 674 495 429 783 779 411 195 265 311 208 133 979 20 328 271
467 574 878 808 710 357 352 474 720 51 19 188 54 442 516 663 912 158 294 796 609 5 220 695 773 566 887 44 824 156 736 343 200 728 387 90 196 317 9 671
470 310 123 602 899 279 826 958 929 586 486 68 402 706 514 397 527 600 230 181 445 5 886 310 906 953 459 844 385 110 662 65 954 140 500 548 672 197 428 425
34 984 991 157 281 489 169 856 718 173 996 233 808 643 999 257 138 720 678 527 999 398 221 250 501 936 933 552 393 149 806 681 689 178 633 460 194 566 841 723
275 570 20 813 457 140 20 978 294 531 4 974 557 671 768 132 406 895 502 183 976 174 574 850 547 790 445 537 711 697 610 398 842 440 746 660 939 477 841 33
10739