40
7
813 871 421 644 659 491 295 896 6 489 522 716 435 892 899 936 973 893 906 651 158 95 655 562 874 343 231 957 712 649 21 244 338 902 307 703 742 150 154 230
995 133 868 49 935 910 899 101 717 587 529 46 937 278 621 859 833 259 768 730 845 358 327 190 920 675 576 997 236 227 370 372 740 545 326 20 951 508 885 30
239 678 467 105 727 492 841 250 215 374 50 960 534 267 107 76 326 357 283 23 916 3 49 210 827 790 217 306 186 83 941 916 155 12 626 757 905 219 470 891
341 953 168 823 767 761 835 526 326 368 197 946 284 912 709 901 473 772 672 532 552 198 59 928 751 744 494 392 154 743 508 780 494 265 466 813 906 126 667 692
386 986 240 61 438 196 444 283 208 537 511 386 562 686 97 139 940 465 502 774 986 821 561 601 689 387 647 377 281 321 386 772 645 147 985 160 33 893 101 313
51 173 801 998 663 964 714 99 347 281 138 615 872 553 584 975 978 266 741 975 743 285 406 568 540 516 455 178 56 56 235 685 798 247 968 413 143 776 926 60
885 564 29 382 497 978 302 825 836 881 30 209 838 631 149 448 656 829 511 22 765 226 725 916 434 134 910 878 952 515 476 273 574 629 241 477 880 115 140 36
839 25 172 227 982 535 492 851 868 688 947 235 227 473 744 23 987 228 598 506 80 163 619 394 751 520 568 158 792 552 825 126 527 264 25 104 909 414 312 289
9520