40
7
883 12 871 484 622 249 953 138 239 121 516 998 776 407 226 213 1000 460 415 694 842 601 8 225 936 385 955 189 464 174 707 290 65 283 889 329 967 931 379 641
925 20 684 476 605 293 89 638 990 5 38 295 847 560 696 247 424 848 680 132 715 10 822 914 404 72 551 610 4 503 431 156 927 669 298 443 47 872 433 288
304 451 696 461 535 648 629 609 81 451 820 602 925 526 269 8 587 226 698 206 901 445 797 820 740 344 465 139 714 656 59 443 847 784 362 825 172 148 524 934
994 136 527 256 379 436 403 678 234 30 609 164 390 465 230 159 358 752 660 30 899 284 951 249 383 691 245 579 543 273 286 86 127 794 993 385 516 588 353 827
753 894 215 399 664 389 641 856 224 977 374 272 250 657 885 289 91 792 451 579 706 80 396 150 789 403 36 836 575 548 64 966 988 108 637 440 884 74 456 125
667 788 766 538 72 523 245 972 489 898 898 405 344 738 11 665 29 1 789 310 701 518 207 644 653 9 272 378 294 170 239 790 868 877 776 844 175 409 606 545
971 133 983 286 883 135 432 538 486 332 37 336 626 132 178 225 889 439 201 180 90 774 510 641 187 712 792 250 208 770 666 135 921 391 749 99 851 818 43 619
698 833 686 345 113 873 863 872 701 834 206 474 714 410 715 733 284 381 700 782 123 413 213 302 725 611 447 205 762 671 655 160 121 973 761 491 903 336 375 319
10892