40
7
996 489 399 687 772 559 175 743 390 673 251 467 33 422 335 31 430 664 202 195 872 423 461 257 432 234 428 416 56 309 859 678 819 470 163 491 24 656 235 252
601 690 368 78 169 655 815 277 33 244 84 676 788 28 887 557 576 599 368 957 906 450 723 823 387 52 831 358 888 857 813 990 622 559 723 655 84 494 361 796
194 729 945 424 84 165 218 627 759 467 462 752 898 253 682 617 556 153 211 247 514 651 827 529 3 435 615 215 387 84 523 170 844 447 176 81 801 167 13 269
480 322 783 731 877 71 999 409 588 20 857 923 849 896 43 784 321 566 184 24 860 988 250 430 296 656 77 563 992 279 826 78 982 14 539 572 18 686 261 203
28 573 20 968 625 936 715 181 940 777 842 532 447 849 669 455 461 312 159 453 430 552 379 183 498 627 883 760 296 797 552 149 462 667 216 105 808 379 395 837
22 545 227 108 847 977 798 166 26 532 672 287 488 976 482 195 762 72 882 28 257 806 837 767 468 416 786 20 692 902 133 513 97 530 76 75 834 802 250 581
591 42 155 217 864 98 835 160 852 836 918 773 226 144 107 282 581 514 871 570 209 45 320 474 758 738 490 637 168 585 282 692 427 138 155 920 488 109 331 430
795 492 959 213 611 112 89 48 762 830 68 627 329 57 200 682 869 783 788 143 483 117 62 300 514 499 699 528 365 453 792 905 426 152 645 502 747 290 442 791
9585