40
7
868 689 852 791 225 124 439 619 12 722 548 887 450 76 810 458 449 953 593 508 14 968 641 294 555 728 209 203 526 46 582 852 411 324 562 653 771 866 636 949
572 731 394 219 688 102 770 600 625 493 75 241 892 565 628 262 141 880 999 707 135 752 610 922 28 583 794 845 534 630 146 483 297 181 511 465 879 340 634 299
292 243 632 356 579 347 952 666 506 671 643 285 820 408 388 143 183 689 766 930 755 898 256 318 11 810 167 54 818 585 163 145 626 533 624 548 254 536 673 807
249 861 191 507 840 626 327 678 943 765 56 769 540 926 925 21 572 599 499 151 935 808 424 2 115 649 946 145 142 313 476 371 25 291 648 532 540 487 161 403
84 31 212 441 29 600 34 631 317 479 253 374 556 651 864 618 152 943 548 795 706 804 473 203 261 532 67 409 724 271 924 747 645 868 585 112 332 315 40 7
248 963 940 463 418 280 287 547 289 720 310 502 550 107 986 97 207 821 73 914 217 843 628 301 989 710 466 764 999 717 273 655 725 414 447 467 138 908 57 348
457 224 851 754 340 354 459 586 536 80 832 587 848 148 659 72 330 834 875 83 351 893 787 228 494 245 478 582 423 115 356 570 382 377 917 750 51 679 567 585
307 423 471 867 375 72 912 211 964 465 967 834 773 199 475 961 930 106 164 329 375 651 528 25 397 58 248 727 597 104 373 704 542 215 982 485 823 11 348 445
9722