40
7
795 590 741 760 710 67 867 8 660 51 163 30 75 611 806 168 97 505 299 706 384 377 163 275 912 884 984 363 586 811 923 112 436 177 973 229 289 626 82 644
119 898 666 824 124 919 846 725 243 289 918 89 320 770 698 434 631 226 852 357 353 317 922 992 721 544 700 459 437 282 408 812 50 960 361 872 905 597 41 218
95 309 557 156 375 845 928 491 773 110 304 343 636 278 787 345 763 934 828 909 103 407 653 824 429 589 900 353 77 568 485 387 888 757 830 643 370 696 895 446
933 871 644 192 484 536 481 700 218 721 804 335 251 127 592 899 878 812 933 128 193 72 840 121 556 74 542 126 117 744 760 259 755 240 489 986 452 904 154 74
795 104 469 544 340 518 829 308 70 304 892 531 277 588 993 447 936 489 363 304 81 508 664 546 636 64 31 803 7 865 176 520 175 788 866 375 14 403 169 951
235 273 157 774 122 34 624 654 308 753 661 51 901 769 289 57 390 223 409 948 983 646 963 904 207 831 599 768 382 666 643 252 813 454 538 783 268 613 855 870
592 325 106 696 436 903 963 670 714 214 936 774 323 739 975 858 481 467 678 354 815 846 597 487 249 397 641 996 170 286 527 992 444 474 530 816 188 824 920 90
707 918 677 931 592 3 764 339 290 697 47 685 463 243 326 620 60 539 432 515 116 367 649 388 191 43 310 213 451 913 146 542 936 70 375 922 245 217 693 83
8859