40
7
412 887 705 721 936 145 246 933 849 753 270 348 703 970 78 187 297 911 536 176 50 861 351 371 97 634 922 834 169 62 952 204 528 705 33 473 796 567 24 987
461 106 161 227 490 433 157 220 691 387 587 23 780 545 782 573 772 244 740 796 843 779 631 801 96 920 579 21 329 819 479 30 852 774 166 648 666 601 557 957
797 202 91 942 392 953 507 596 198 1000 624 777 900 130 138 319 115 190 511 20 228 908 751 391 892 993 378 243 519 874 920 892 430 862 968 679 750 103 636 863
450 278 508 536 31 487 279 42 161 557 908 503 982 447 592 755 245 998 556 256 573 810 365 942 381 633 538 177 502 821 359 54 511 995 815 80 469 73 120 425
334 239 275 687 752 329 399 256 932 968 212 614 441 403 144 544 810 343 62 385 349 449 928 245 924 4 13 159 505 842 663 24 59 898 816 195 167 618 922 349
434 365 306 112 84 223 220 771 904 263 988 589 978 594 591 380 859 638 618 684 728 681 509 641 252 85 221 70 443 762 423 494 662 918 963 136 790 747 683 450
510 1000 875 797 549 152 2 155 381 567 384 242 686 598 980 500 282 955 964 190 931 625 803 592 382 975 686 349 101 180 67 386 749 623 28 149 742 424 236 75
366 904 316 119 44 480 526 400 109 468 829 293 409 636 870 420 530 927 99 858 245 600 616 461 636 505 339 267 448 482 538 763 677 328 758 46 340 963 360 179
9577