40
7
685 83 772 141 449 238 411 543 607 109 875 424 552 869 54 182 114 614 131 149 547 744 926 677 870 395 138 450 471 740 63 51 586 14 628 919 645 663 95 803
687 775 620 975 777 490 594 346 602 310 448 587 742 896 697 769 717 701 984 402 702 813 675 79 388 645 335 396 935 457 162 724 357 553 912 371 218 906 662 666
218 155 188 694 563 839 625 118 433 281 135 278 532 384 226 455 143 524 574 890 703 192 585 256 277 867 863 148 916 203 43 273 677 89 497 696 702 687 382 640
879 416 121 225 149 180 766 805 814 346 833 4 930 803 362 508 963 993 845 217 153 486 465 425 798 32 219 309 233 582 285 472 931 547 890 25 120 584 881 798
583 60 521 621 756 449 938 632 553 984 737 30 49 831 253 28 259 344 159 469 114 234 582 301 748 774 19 285 174 701 415 339 845 132 711 90 262 463 351 979
351 846 243 502 982 627 993 391 895 208 655 852 367 815 239 62 529 295 253 587 51 671 217 984 338 149 527 930 485 881 297 751 398 184 465 984 897 585 590 284
841 140 229 765 44 158 627 662 874 881 486 455 684 415 155 399 433 68 363 925 657 469 95 191 721 94 978 960 478 559 532 110 701 866 317 259 445 115 270 855
521 981 824 276 798 972 737 177 866 351 204 514 810 957 476 792 410 340 579 505 446 246 219 204 792 911 363 259 2 135 194 577 417 903 751 538 54 992 573 8
10337