40
7
498 920 976 883 981 1000 950 22 219 481 790 170 218 346 136 738 857 877 813 162 760 192 88 724 645 535 991 163 187 328 627 340 314 737 34 692 630 870 567 202
503 397 378 426 668 928 808 266 61 81 402 55 82 828 788 511 405 710 695 793 871 846 834 883 656 835 367 760 893 925 22 924 319 658 268 94 710 166 825 148
369 509 663 157 89 629 434 807 300 921 47 416 60 891 730 132 321 951 738 498 152 644 279 126 434 777 11 276 143 775 493 371 501 765 220 482 632 192 47 34
242 664 620 113 325 545 377 932 19 858 336 39 266 261 328 210 663 568 789 91 9 877 892 197 387 280 640 418 383 540 687 649 657 917 312 853 938 259 260 301
978 656 34 724 896 450 212 36 202 429 932 758 336 987 836 315 872 452 402 360 611 303 440 208 599 901 417 211 560 931 863 387 704 533 740 526 726 764 398 465
3 913 747 9 820 93 786 998 698 861 897 857 626 323 274 601 833 917 948 490 722 972 913 549 92 2 397 853 155 257 408 979 5 911 152 857 363 297 347 123
379 134 487 4 129 393 515 268 322 710 351 179 11 230 663 408 617 816 455 856 527 882 611 259 237 783 603 343 30 323 6 478 375 213 130 910 833 242 23 315
509 457 28 4 950 178 98 284 937 597 579 25 410 145 534 697 54 124 679 32 364 276 456 446 90 595 749 405 396 889 467 196 80 571 150 334 95 183 764 843
7835