40
7
865 7 726 686 810 579 984 897 679 379 697 951 828 345 29 301 178 295 466 853 643 808 298 70 275 590 859 868 399 864 580 943 740 880 330 424 381 792 822 478
41 221 481 588 519 41 315 697 118 826 771 250 707 216 530 276 591 925 947 516 195 222 328 961 296 576 573 245 936 88 970 531 493 973 595 123 394 858 424 338
910 430 845 688 20 931 47 541 997 199 508 261 442 782 263 466 543 692 77 889 971 876 852 442 126 47 588 641 733 702 864 723 167 788 871 521 102 866 571 736
166 994 912 6 107 566 727 955 957 48 609 900 781 31 897 331 932 762 609 136 614 597 840 204 938 924 917 327 751 461 40 964 289 153 350 951 209 218 765 922
962 599 21 238 382 443 211 938 271 546 774 276 579 695 130 366 968 875 864 493 336 396 903 359 637 254 21 472 667 164 934 960 872 466 323 973 1 913 10 489
71 224 373 417 955 340 496 859 546 418 14 337 478 555 69 727 208 407 984 208 434 893 710 1000 211 232 768 335 430 738 332 29 20 351 971 735 20 507 777 606
908 655 905 177 140 675 378 814 650 55 801 948 723 557 561 973 877 115 92 366 799 715 722 450 109 422 3 919 270 784 530 414 702 122 447 47 454 884 379 863
495 580 590 987 429 825 802 428 790 153 956 285 231 11 278 225 64 482 644 124 234 146 97 377 426 665 532 136 569 183 464 399 34 606 126 936 986 713 915 844
9384