40
7
481 816 711 997 727 346 650 857 949 737 954 767 737 355 997 533 855 217 300 912 214 570 722 593 604 630 257 639 463 911 611 603 939 841 805 508 141 921 640 920
496 138 739 50 823 396 754 929 206 446 616 65 911 471 206 998 778 904 434 480 788 773 837 383 248 369 493 307 190 784 470 152 515 932 831 773 57 743 219 756
633 440 936 717 431 682 338 10 306 8 455 979 103 75 998 567 973 962 400 771 13 934 665 118 35 67 686 453 908 287 495 497 209 909 925 779 602 109 83 43
812 788 880 81 547 29 957 505 786 699 779 18 301 168 589 566 766 185 589 762 939 522 297 918 534 665 637 725 390 36 527 98 646 273 95 20 546 22 54 449
694 839 749 583 114 987 214 425 922 850 729 162 543 635 26 723 704 136 442 977 38 299 277 388 961 721 196 645 491 211 308 430 74 255 680 770 187 58 919 913
982 242 502 753 156 704 598 124 811 523 940 166 191 723 7 714 994 403 992 782 236 810 326 996 773 576 618 505 500 739 794 940 144 355 110 649 285 314 367 733
637 593 931 886 220 31 303 578 920 899 58 735 102 327 837 834 882 141 461 952 952 511 663 911 919 327 830 512 582 106 78 140 913 376 539 425 819 67 615 1000
355 840 425 242 949 784 873 448 280 602 925 190 870 102 92 759 815 658 584 764 175 515 812 386 938 870 87 629 786 10 905 833 565 223 56 8 109 217 298 839
10409