40
7
807 407 122 475 569 857 866 536 556 540 903 991 285 84 388 72 224 451 191 830 234 267 343 570 175 524 69 540 516 206 611 437 859 284 419 907 639 817 489 135
74 473 960 636 896 488 224 951 883 919 282 683 297 835 553 963 176 989 977 720 118 652 620 522 38 163 240 240 745 281 763 860 799 172 387 832 811 403 924 718
606 557 561 287 230 266 394 226 445 647 722 525 604 141 974 280 713 887 839 982 184 917 436 134 15 604 351 31 31 237 226 583 11 684 673 707 531 785 685 999
97 699 872 847 617 148 741 743 753 363 313 581 453 758 106 505 311 188 268 702 902 30 958 763 943 912 367 459 861 605 51 444 919 868 150 66 529 745 971 212
409 276 455 587 496 917 506 692 474 502 367 489 940 951 697 651 178 157 833 837 396 181 257 194 222 885 617 253 972 749 792 158 566 487 841 848 733 14 797 584
809 617 819 111 280 524 285 628 146 180 374 392 336 509 750 780 462 785 811 547 393 754 883 20 514 225 925 711 383 801 276 279 707 683 900 847 338 590 175 854
989 138 194 1000 539 403 506 317 942 794 13 12 939 234 329 324 568 227 430 960 462 919 372 671 170 778 254 614 592 583 538 391 689 68 13 742 122 86 287 222
673 606 867 983 899 187 826 40 250 769 285 969 897 128 338 627 694 318 37 914 537 459 120 484 24 837 666 503 138 789 365 141 153 765 526 399 577 269 239 117
9708