40
7
696 246 472 375 636 354 464 578 254 813 143 357 914 766 106 247 947 657 507 438 570 309 2 426 936 330 367 642 100 914 565 977 200 280 642 205 574 58 752 815
742 417 891 332 206 674 823 529 328 72 641 50 626 372 192 750 659 943 185 894 206 595 823 735 490 123 137 251 859 67 107 924 851 95 458 714 223 79 309 341
854 95 66 542 2 98 289 511 464 969 606 308 435 490 339 824 817 808 416 270 873 788 221 57 110 621 501 754 667 115 55 788 16 994 922 339 104 657 820 177
614 367 800 353 944 825 190 653 124 945 985 703 227 795 158 705 371 850 909 297 735 90 118 340 83 840 500 654 491 865 523 463 18 121 447 550 536 769 338 665
509 507 112 678 535 906 538 199 865 429 917 994 850 625 621 712 313 228 752 767 759 398 604 792 459 255 327 422 202 840 643 104 785 814 2 971 849 268 423 258
189 167 524 713 970 85 978 745 142 24 485 414 359 238 872 94 668 98 865 794 33 523 581 885 562 292 174 738 442 279 813 509 185 193 166 626 631 514 880 508
291 142 49 432 717 854 955 613 676 272 597 282 759 604 564 755 422 323 539 32 198 764 259 292 111 623 171 115 907 571 286 691 640 279 421 29 196 991 574 114
568 405 434 47 641 791 260 893 704 246 92 651 980 659 52 935 593 420 167 136 580 33 274 362 649 852 572 306 306 761 387 796 411 860 141 926 57 996 440 931
10157