40
7
304 566 912 993 626 912 706 586 454 437 592 771 303 693 306 469 23 86 537 611 719 293 678 246 462 717 198 786 553 976 988 672 965 295 746 544 777 772 86 443
179 476 880 933 291 573 241 425 686 195 438 484 222 295 393 960 61 821 370 702 766 288 918 847 197 587 286 401 313 783 752 407 459 669 689 432 179 419 898 648
33 109 694 695 190 281 229 187 570 346 505 931 732 223 413 444 10 119 521 91 577 734 35 292 579 571 895 542 586 187 886 616 268 56 996 555 101 668 388 615
954 104 696 628 116 120 230 519 186 714 319 489 450 366 205 950 495 579 251 250 968 127 587 371 256 863 958 125 761 973 989 304 831 62 929 108 53 84 470 783
599 851 764 313 238 65 12 792 175 899 640 867 241 46 679 254 916 102 61 932 542 688 985 207 423 213 562 258 316 630 571 452 826 963 178 171 285 930 850 525
349 469 136 738 458 761 730 73 451 569 69 184 941 754 618 785 375 723 502 102 74 578 788 588 543 404 95 457 884 726 696 211 90 434 958 443 253 584 476 187
114 988 331 609 268 578 185 314 709 497 916 232 114 916 415 159 215 369 558 781 85 453 864 424 900 295 218 332 6 664 236 470 333 886 125 965 80 854 506 501
96 502 270 142 604 995 893 562 74 306 259 980 96 308 995 434 285 928 420 322 969 259 922 675 942 804 703 904 214 619 844 726 52 533 110 455 612 960 380 847
11001