40
7
906 201 330 28 328 779 398 862 124 697 466 450 686 737 316 278 284 855 245 661 171 291 496 689 400 994 291 346 338 399 111 335 97 590 238 726 329 827 58 827
984 392 982 51 96 679 470 544 401 150 916 783 58 557 234 742 847 80 412 112 147 548 172 380 459 839 565 475 172 885 741 510 587 863 893 98 949 441 964 486
406 316 17 384 686 956 87 630 671 755 799 643 284 585 320 183 984 68 124 777 554 527 351 964 880 325 940 795 687 473 720 662 465 365 553 3 174 501 437 391
14 750 843 504 129 331 482 263 96 915 153 326 999 397 794 946 439 127 23 635 184 20 10 210 347 861 371 419 235 695 547 150 961 68 679 776 730 435 893 36
912 992 808 434 374 48 162 35 453 82 810 540 218 876 875 726 157 751 604 603 166 446 233 876 480 399 470 315 869 277 186 122 910 867 859 259 398 748 380 359
342 358 20 632 78 968 568 801 578 164 263 364 384 917 470 745 755 632 28 271 566 699 282 205 928 841 286 908 849 255 154 621 514 675 510 893 525 7 285 317
720 270 421 868 822 865 949 463 709 611 926 694 870 45 183 721 852 19 798 556 609 947 760 995 596 704 201 752 567 232 650 70 423 669 865 179 324 142 24 492
585 925 773 146 202 655 722 435 183 792 644 626 112 10 597 894 115 192 996 378 895 133 583 145 410 232 927 637 378 327 810 650 15 786 209 987 308 596 517 929
10228