40
7
118 240 770 999 72 962 541 706 751 459 326 45 27 54 608 515 447 294 333 653 515 184 807 960 322 329 542 616 439 456 923 295 65 109 966 410 384 636 500 327
788 813 207 865 781 57 896 822 903 538 139 102 664 572 528 157 637 615 685 286 569 290 493 129 484 707 296 31 886 468 882 263 81 331 905 627 740 61 761 885
568 177 272 612 621 244 920 208 534 341 345 597 402 177 126 861 729 322 190 772 303 280 359 804 292 450 627 589 858 470 574 750 139 83 995 292 316 739 165 981
250 126 892 564 419 790 940 279 484 798 690 713 747 465 13 764 732 643 338 656 195 991 895 495 980 365 849 162 479 199 412 935 419 211 347 94 269 237 562 833
827 706 859 13 482 704 863 59 124 178 13 995 609 128 266 754 580 804 243 290 21 624 299 918 689 14 586 636 981 458 398 137 151 359 448 812 91 62 770 311
863 331 680 588 829 515 960 185 306 752 802 72 181 64 491 753 105 84 31 531 104 274 705 741 58 554 259 547 174 124 431 15 775 645 872 138 161 366 679 618
175 620 163 944 505 706 883 983 179 880 911 606 861 818 455 629 799 712 606 777 398 258 682 585 744 571 638 971 204 327 675 459 562 647 767 38 448 539 807 798
465 905 511 497 293 982 69 545 353 563 185 776 208 345 838 332 249 980 197 965 887 364 837 741 581 686 121 701 989 873 419 485 404 173 18 253 162 886 668 967
10737