40
7
308 176 909 220 41 748 512 447 295 293 661 627 755 952 569 47 69 234 772 721 754 608 747 295 232 93 421 359 379 797 8 447 222 853 644 853 740 909 68 761
351 954 234 943 875 858 398 893 732 164 154 418 148 83 679 446 466 469 747 233 708 476 695 8 875 454 359 153 167 985 897 664 579 536 901 927 674 745 264 668
838 317 342 443 905 620 446 559 513 13 636 643 363 163 533 613 249 353 819 922 331 614 639 403 768 921 253 359 167 286 398 390 162 563 207 460 30 888 444 802
899 826 120 300 681 887 685 351 80 78 610 431 670 591 214 593 82 976 61 466 105 404 748 4 342 277 610 14 798 635 790 169 233 128 49 115 97 679 66 769
332 872 383 16 144 548 386 181 359 833 422 929 536 30 267 446 792 676 808 850 62 647 140 329 444 939 241 418 939 239 642 151 268 917 213 39 867 951 7 98
375 963 382 838 682 545 156 545 302 753 295 59 535 860 426 993 490 222 360 482 684 385 856 596 887 384 917 366 334 900 255 313 469 766 333 464 162 481 152 371
804 434 885 587 83 516 965 721 377 523 852 849 154 731 463 853 633 137 718 217 552 334 600 123 712 579 854 178 118 50 541 434 467 861 908 62 189 778 433 230
311 311 404 69 653 229 5 231 627 549 567 259 690 741 135 400 795 138 396 859 662 852 698 449 982 883 274 90 216 314 826 591 253 949 942 427 163 367 844 105
9628