40
7
253 878 879 145 188 11 769 277 769 802 476 828 315 116 30 49 679 915 683 311 264 916 134 36 765 251 757 733 37 141 587 396 607 989 550 440 885 646 53 354
288 4 835 770 156 941 727 962 325 249 327 511 878 208 771 753 676 398 922 667 451 270 486 697 661 374 418 108 551 902 258 706 880 178 633 994 744 452 62 806
605 60 735 501 796 521 784 715 248 762 572 81 248 303 955 423 1 620 149 964 593 276 675 733 553 637 331 870 377 172 17 333 703 755 899 696 497 939 520 12
254 558 873 251 152 326 10 110 800 646 984 38 577 524 373 455 919 533 300 815 102 517 513 983 22 280 579 785 25 433 379 551 469 129 260 910 649 587 907 955
56 808 499 955 533 38 237 110 395 818 911 403 349 325 199 775 355 81 977 254 151 566 147 302 617 689 637 611 560 361 59 914 231 876 121 993 542 156 443 274
196 62 175 543 383 861 517 738 186 513 391 68 272 564 990 174 765 272 636 436 345 859 77 903 677 231 193 351 821 543 959 67 485 711 567 77 703 900 124 898
954 100 405 945 521 297 469 793 393 108 627 9 331 294 62 779 900 235 402 930 363 197 521 771 189 569 321 210 999 922 527 57 630 299 151 401 164 624 904 458
328 429 375 315 679 675 583 836 351 276 255 614 586 409 758 339 883 335 805 449 81 673 586 314 859 232 629 498 262 235 775 184 540 739 825 192 934 218 246 631
9967