40
7
781 636 399 179 943 353 192 921 367 509 669 162 380 828 168 258 813 49 124 697 158 189 779 845 81 758 650 691 495 971 767 36 165 152 141 995 682 82 671 904
301 414 111 821 14 676 979 61 719 434 125 567 917 315 671 821 325 489 491 214 97 998 842 615 561 905 625 701 375 126 547 980 106 354 214 795 541 578 182 261
204 901 406 610 530 604 379 450 4 120 932 11 296 218 649 55 419 755 60 630 692 906 379 207 536 767 553 824 357 356 621 641 18 79 686 395 503 442 2 675
488 787 811 633 456 158 1 921 122 680 153 502 705 211 276 751 67 895 777 894 399 566 493 169 864 978 912 601 862 641 170 836 613 206 529 908 216 387 326 413
311 148 153 634 913 378 367 533 560 759 835 763 853 23 453 160 764 332 787 93 708 842 12 200 829 617 726 106 919 448 177 687 331 59 103 37 384 878 803 337
791 360 643 765 388 298 515 314 662 120 693 530 549 903 264 773 823 29 519 983 826 269 700 129 490 716 618 368 56 180 164 422 40 723 726 946 996 659 708 21
587 668 696 199 294 861 469 510 742 497 255 67 284 774 581 373 504 69 740 953 594 961 72 919 677 120 849 959 979 386 679 313 916 778 41 59 871 788 654 964
585 604 755 482 157 946 981 213 431 754 10 683 559 386 630 900 669 80 44 420 213 650 792 266 314 572 407 761 880 742 363 175 773 566 852 627 178 911 525 343
10600