40
7
822 151 609 564 665 504 778 201 516 627 631 120 558 260 594 266 113 178 9 990 396 500 817 119 608 652 295 329 989 611 927 528 380 62 668 300 47 656 176 502
169 501 570 656 476 949 205 760 817 909 433 393 917 889 877 8 76 175 530 75 501 834 64 946 59 581 890 694 875 385 95 88 996 700 625 219 448 402 283 167
528 988 689 889 394 860 188 828 411 943 841 584 37 995 266 193 363 92 967 313 375 961 670 844 215 132 60 590 478 464 406 901 98 838 760 460 355 879 268 460
619 443 429 213 290 387 477 764 887 500 573 202 827 721 268 825 589 349 570 763 322 541 539 551 274 847 547 326 653 508 4 333 843 933 898 960 783 306 535 623
744 994 290 630 722 617 288 927 429 427 806 55 913 337 394 745 967 267 906 55 485 761 388 432 739 382 997 254 458 364 910 85 700 246 958 208 416 957 168 994
179 124 326 225 1 274 102 1 122 94 183 757 396 44 838 550 983 31 47 401 843 314 296 129 751 607 68 835 125 175 848 841 833 768 656 420 824 159 334 638
495 129 412 26 464 587 366 385 543 236 132 649 388 132 910 136 859 558 841 967 325 495 542 262 128 401 928 406 706 153 677 863 727 794 647 600 219 265 542 350
715 72 265 578 205 501 54 673 436 206 671 392 431 162 834 174 656 11 546 711 582 537 920 790 244 469 153 583 123 412 715 627 93 398 835 880 147 658 336 373
9084