40
7
134 895 181 78 255 553 306 675 392 200 801 865 151 188 466 591 693 210 350 996 278 56 273 427 320 283 559 399 897 519 1 280 942 583 510 937 642 300 979 591
140 473 145 984 567 294 956 7 611 226 989 365 97 426 32 631 132 414 777 471 890 416 119 287 161 680 920 637 708 236 436 375 281 875 657 662 596 238 776 93
247 620 138 58 708 470 15 590 66 417 137 474 873 745 837 955 137 396 798 680 694 735 55 483 46 817 19 290 441 433 260 817 437 564 734 678 864 332 509 428
516 157 510 535 107 230 190 129 305 608 821 325 977 918 91 243 3 656 812 880 935 294 31 93 395 758 321 314 355 399 524 979 516 723 125 666 176 335 865 788
523 999 883 709 36 308 634 1 784 692 316 683 831 807 814 477 246 491 105 441 258 483 491 993 720 373 571 664 886 394 27 684 284 427 689 719 994 86 503 265
6 172 593 272 489 50 810 36 957 735 456 2 636 429 791 424 249 549 190 535 533 586 977 48 930 110 80 700 847 224 257 692 148 764 75 862 644 835 185 705
278 433 321 177 560 150 336 433 66 581 469 170 479 670 530 999 656 755 5 330 690 898 195 830 46 17 915 289 21 660 765 382 588 985 945 954 115 727 124 1
349 133 314 418 931 142 965 798 21 243 606 357 925 236 540 53 676 740 447 460 751 861 664 283 222 523 82 255 545 471 961 773 41 549 946 770 486 786 195 776
10147