40
7
883 779 220 93 554 504 932 989 325 258 830 309 667 354 54 832 879 505 361 267 464 275 224 961 561 213 444 829 540 871 66 635 694 826 467 508 301 98 126 738
212 887 152 38 457 700 396 710 917 440 118 664 211 530 697 603 710 544 725 915 517 68 868 849 659 866 34 979 821 975 134 936 563 618 186 823 322 256 337 271
830 341 485 465 864 209 844 155 389 401 721 692 150 181 892 402 769 503 818 336 169 338 764 667 689 437 164 381 454 799 482 3 136 915 63 235 971 192 163 834
682 770 564 267 557 503 713 408 720 930 109 256 23 103 212 305 531 111 385 838 567 715 223 36 599 128 887 54 186 692 76 279 610 676 115 731 763 193 748 248
31 695 975 620 760 450 385 89 83 47 541 612 321 849 832 802 974 54 54 53 446 974 162 495 584 148 911 612 900 322 735 28 113 787 213 376 760 8 740 722
743 939 289 281 218 716 94 257 331 83 168 411 164 892 900 252 151 866 798 721 933 160 159 966 874 891 180 556 625 352 981 377 51 438 605 146 740 298 908 685
414 846 642 959 79 220 145 739 39 371 818 468 186 181 827 160 297 194 209 529 585 650 631 998 343 90 869 290 407 699 420 781 647 990 446 412 870 157 151 949
736 380 247 224 520 63 898 159 262 410 437 568 456 340 956 398 235 32 802 908 698 619 46 92 4 552 927 359 699 982 577 452 397 833 298 836 452 352 518 917
9821