40
7
823 643 994 921 86 142 631 105 668 269 427 239 743 610 231 271 169 449 76 305 187 177 689 985 755 924 247 554 55 189 13 922 25 300 626 185 860 523 571 122
66 375 988 337 742 779 949 554 535 73 739 257 462 937 292 704 800 961 264 492 468 427 72 13 748 499 125 276 916 804 518 437 195 674 777 138 676 364 252 361
459 761 336 581 696 811 521 185 960 557 498 421 403 117 812 726 333 128 853 578 468 138 914 774 355 271 632 656 897 378 211 647 632 145 868 946 77 451 595 933
700 766 53 44 638 189 186 480 803 444 88 889 72 246 181 367 902 669 863 976 132 295 909 619 290 917 41 279 485 159 325 912 337 552 753 809 622 706 696 241
934 554 907 697 942 463 575 125 94 625 920 354 986 660 899 546 454 756 597 676 797 654 444 565 440 951 346 925 948 513 984 764 655 589 576 399 103 561 984 296
168 109 53 293 329 420 229 980 907 27 935 315 882 384 749 544 220 411 751 643 753 817 181 789 251 954 575 747 26 86 66 744 975 793 359 585 435 664 990 942
882 725 893 288 182 200 854 837 943 662 373 189 971 826 523 486 790 275 457 594 960 190 263 884 851 854 645 42 808 822 404 209 372 43 645 85 265 856 947 146
911 532 956 519 928 817 25 132 211 524 959 405 490 834 249 380 565 144 150 301 351 136 123 454 787 109 247 537 834 230 911 439 673 32 381 945 549 806 180 932
9844