40
7
594 555 616 432 360 96 688 170 796 763 546 788 906 921 904 157 849 264 808 533 826 325 236 590 722 241 394 596 682 440 967 441 569 207 725 416 943 491 562 789
661 802 530 949 116 252 449 580 889 470 610 486 160 313 37 450 511 823 432 745 568 875 714 558 394 924 822 536 127 223 68 25 851 867 561 940 7 667 679 399
200 539 549 878 85 903 259 950 888 79 21 607 856 152 676 92 509 958 961 391 621 263 235 339 815 978 232 727 751 343 936 778 538 403 724 904 472 68 109 801
836 98 413 767 857 812 858 342 451 868 812 366 782 714 228 349 774 194 246 435 787 125 416 661 938 142 869 854 474 953 302 623 672 214 207 466 232 7 337 732
613 576 716 175 340 882 665 345 641 408 554 766 730 974 290 173 108 357 742 356 647 445 634 286 865 284 649 970 413 961 507 858 438 647 223 478 7 792 898 365
582 553 408 903 937 945 674 713 254 562 285 90 415 38 550 654 511 464 937 778 111 956 46 24 410 424 288 583 384 939 96 68 590 773 98 163 44 305 807 792
752 109 569 466 508 706 141 16 298 148 561 264 333 493 922 165 391 739 497 503 327 578 756 316 57 637 819 995 651 384 674 410 914 327 795 924 687 455 746 412
739 853 439 903 493 493 380 247 23 195 472 707 67 58 671 373 246 24 733 972 323 610 918 397 168 831 525 73 309 98 621 116 602 665 798 761 896 599 947 700
10023