40
7
263 468 174 680 941 897 882 57 624 407 726 619 520 63 164 842 249 324 443 943 114 606 721 159 257 745 789 221 866 321 598 875 481 810 766 181 966 724 783 242
130 782 858 433 417 517 512 416 472 339 536 128 172 591 879 912 114 742 50 788 818 999 87 891 918 963 954 654 847 710 946 347 673 336 132 904 475 524 928 787
757 58 494 810 935 76 733 633 781 556 343 738 401 570 367 826 445 416 949 576 723 70 36 826 863 482 191 42 218 26 125 364 479 535 723 871 854 543 295 442
831 251 262 540 931 209 717 80 765 800 88 898 20 294 392 128 508 55 358 445 838 934 267 955 30 35 498 910 871 786 26 593 386 834 913 386 908 862 760 613
897 733 655 394 940 649 259 724 108 129 644 259 247 110 696 825 412 14 372 130 388 470 992 551 683 863 407 923 118 68 385 430 855 864 594 227 730 694 9 885
363 701 384 994 391 902 404 109 197 341 904 470 197 942 954 622 189 207 928 2 936 889 185 301 927 737 508 859 908 270 301 78 720 987 602 203 875 906 41 642
923 110 723 301 807 169 417 297 835 644 410 664 919 317 752 855 465 6 527 287 368 153 79 349 880 759 41 188 267 447 432 700 177 186 333 41 266 317 326 679
981 223 193 934 223 907 713 421 272 380 606 474 806 887 98 534 751 515 413 832 275 548 782 361 695 237 797 113 657 134 448 431 405 135 18 500 185 675 99 208
9433