40
7
566 701 69 549 835 138 367 828 659 188 678 836 640 555 123 403 398 476 973 824 160 973 907 286 132 492 609 11 788 716 339 596 895 102 523 203 181 331 156 946
586 413 473 631 333 973 786 546 257 171 337 818 484 342 280 756 818 934 256 369 18 933 865 440 511 919 682 471 32 984 231 972 910 770 222 55 884 545 339 274
545 433 736 625 820 543 228 379 536 213 767 669 489 710 6 946 793 613 582 933 807 856 225 474 531 66 255 921 113 740 556 97 534 584 535 780 80 818 151 132
500 188 241 749 125 976 903 181 17 20 417 332 797 197 471 847 587 905 802 487 465 122 82 164 372 166 793 451 975 585 778 231 618 626 189 780 842 619 584 885
920 616 19 541 209 14 872 155 4 506 314 893 12 696 393 593 447 364 461 973 25 589 789 596 865 688 579 949 136 57 784 85 688 984 296 456 246 582 976 184
316 284 213 378 472 93 904 625 113 416 516 112 163 913 979 935 147 877 880 756 302 758 320 470 282 777 831 750 959 824 145 812 977 282 21 997 531 675 259 392
9 126 292 79 293 329 820 153 951 137 477 849 186 825 663 245 691 200 482 529 190 605 643 151 909 613 620 519 817 370 810 701 368 36 782 679 55 467 40 387
403 545 538 387 4 140 212 51 804 220 430 98 39 337 223 631 60 222 468 967 755 52 370 173 220 143 881 629 742 508 262 14 396 494 773 791 967 213 304 708
8087