40
7
791 477 255 501 90 682 926 63 541 150 348 825 172 878 987 634 977 994 719 166 12 224 369 145 956 835 847 417 492 79 298 980 236 328 453 537 492 975 39 797
634 367 91 320 971 108 701 920 510 229 678 274 759 825 806 353 462 546 229 552 849 61 352 658 387 930 733 746 773 332 308 283 683 995 391 473 928 345 494 105
285 770 772 181 135 224 785 407 921 264 506 11 131 221 727 72 722 588 222 21 257 568 104 480 344 436 46 65 495 19 499 664 957 278 474 51 456 424 164 996
198 945 940 715 609 416 862 559 666 955 827 881 655 558 35 986 971 829 431 939 616 710 342 346 75 372 960 467 736 849 737 12 135 469 540 67 653 189 843 454
993 58 260 56 692 438 913 203 993 302 935 871 614 643 318 627 537 228 78 865 680 263 283 904 784 667 134 271 517 312 850 856 807 77 816 794 335 840 152 126
333 856 74 700 446 335 524 38 633 89 557 558 755 710 833 116 565 745 465 331 310 499 319 138 357 499 741 860 127 567 680 486 835 388 58 698 655 170 439 539
266 318 466 440 251 591 663 180 74 557 794 347 927 320 446 567 313 350 918 394 35 688 673 128 697 603 166 232 669 895 339 322 735 562 190 630 437 298 647 57
315 319 584 645 45 449 956 792 516 850 409 452 851 911 727 481 239 162 950 872 582 113 141 644 969 958 520 214 306 178 964 83 207 924 451 715 352 448 825 74
10597