40
7
246 750 647 239 654 2 353 792 425 725 932 320 939 452 129 541 119 652 787 850 401 96 503 528 31 894 450 150 897 615 898 792 124 713 825 588 84 553 97 932
308 38 59 566 463 876 453 858 117 578 101 499 762 275 598 339 136 285 51 963 129 91 33 315 939 625 317 711 711 648 557 759 126 625 434 363 151 553 165 611
96 42 270 361 402 737 808 893 143 309 258 840 587 213 149 656 939 879 375 3 486 929 496 735 833 459 508 584 93 47 270 664 363 815 51 872 783 324 462 80
340 435 863 848 642 562 909 762 64 40 841 283 158 74 945 429 680 118 510 99 425 293 679 752 262 949 924 912 631 986 959 623 780 515 33 522 595 682 678 597
347 877 246 919 778 5 1000 332 553 47 521 11 920 708 168 458 486 644 730 723 78 460 584 999 717 891 410 924 336 756 449 93 370 816 716 247 953 630 546 520
711 538 54 719 976 242 802 522 93 208 715 749 932 364 519 240 647 157 314 453 815 716 851 153 523 267 766 362 646 596 61 931 480 478 675 792 96 27 897 107
905 740 432 701 326 855 469 37 673 124 976 814 163 465 214 17 775 573 288 471 388 492 458 775 878 157 975 629 863 10 256 168 81 862 282 46 412 611 741 358
246 503 465 829 753 192 833 194 65 696 551 88 936 745 620 156 293 857 75 212 53 984 328 749 974 869 458 472 20 165 154 198 854 703 413 7 310 585 156 963
9362