40
7
235 752 334 117 491 618 701 796 29 326 679 992 367 3 690 414 601 523 599 284 208 748 328 835 981 569 148 359 378 478 902 643 521 931 571 949 450 724 114 181
178 190 455 969 482 598 873 524 640 669 725 843 453 946 693 304 721 693 170 162 208 911 325 63 608 351 821 248 891 585 288 747 887 903 458 556 162 92 101 306
325 445 433 600 917 959 548 892 123 719 332 983 558 547 481 516 631 198 786 949 763 666 940 675 495 457 96 961 790 238 996 616 425 475 447 27 695 979 92 301
296 617 655 644 489 23 561 549 163 780 233 441 388 138 166 541 493 61 416 108 387 641 492 436 831 804 175 383 863 545 466 205 798 300 370 874 374 474 848 995
200 7 998 35 991 441 168 402 153 225 523 677 711 797 596 206 827 556 72 641 952 79 793 4 351 527 44 135 479 707 509 631 888 981 444 454 403 136 482 457
334 784 727 435 384 822 671 902 357 393 932 853 755 39 149 925 361 714 25 923 793 827 166 961 55 52 542 814 292 255 746 662 928 796 291 535 872 791 167 310
986 352 31 218 152 434 247 768 545 447 792 277 941 36 864 642 264 149 787 926 199 351 179 663 506 70 758 97 596 264 544 1000 508 525 739 165 851 330 658 235
726 453 228 596 391 964 108 77 529 870 280 643 113 79 163 39 899 163 637 874 65 558 465 275 818 326 203 548 475 536 208 147 878 932 682 267 976 32 828 969
9510