40
7
763 161 524 483 488 860 429 290 639 836 495 474 8 109 993 52 236 460 444 170 225 263 88 580 726 916 191 921 233 84 644 764 195 771 578 205 930 151 8 653
633 366 554 107 540 275 4 893 254 803 948 269 858 22 762 254 870 524 868 723 256 808 692 485 708 818 2 691 543 780 266 456 43 221 400 624 854 984 429 563
818 515 919 82 915 34 889 455 365 394 955 817 159 566 327 214 623 434 601 330 245 987 297 556 185 312 715 630 332 742 775 417 645 230 600 718 146 447 279 429
234 221 28 709 740 263 778 820 300 613 497 202 308 536 291 166 980 661 389 12 975 486 955 778 429 636 34 604 526 981 282 174 20 115 450 894 107 167 987 111
595 700 226 972 72 602 953 203 331 740 859 855 818 162 73 282 325 653 779 723 479 197 42 479 833 572 784 186 179 454 124 791 814 289 513 975 470 59 620 764
404 931 770 323 538 119 96 666 34 558 622 662 347 677 948 14 453 266 472 929 791 519 323 981 534 64 98 297 226 228 665 77 550 807 291 1000 700 195 826 629
355 378 17 889 686 668 187 297 657 645 927 239 786 213 163 359 382 104 104 766 759 463 703 354 350 273 472 674 99 558 985 851 89 366 506 18 766 328 698 133
825 207 408 337 305 936 750 671 252 501 427 962 207 476 453 392 491 344 193 234 972 492 516 709 398 771 714 704 588 403 899 205 726 556 574 355 403 440 960 250
10503