40
7
174 510 337 269 386 569 666 410 704 359 178 400 194 576 874 198 816 463 833 996 797 868 412 553 747 407 703 939 620 880 588 29 906 347 937 296 667 73 24 384
457 221 733 934 100 198 863 286 193 367 620 399 762 427 66 677 841 51 177 818 407 890 464 380 391 986 188 771 363 989 852 823 923 846 150 1 33 576 371 464
545 898 664 168 488 501 886 822 89 450 625 838 153 750 988 48 588 806 328 619 94 11 74 113 75 921 941 802 657 132 256 403 104 877 403 769 123 336 461 882
879 50 244 625 340 881 652 118 200 889 700 100 711 178 771 150 315 277 104 61 407 296 580 869 250 585 477 909 186 75 882 714 307 271 391 138 594 935 714 670
90 972 544 928 366 125 93 387 434 446 992 501 631 159 987 56 377 585 212 114 632 757 403 61 117 180 350 875 686 826 196 642 695 950 337 489 154 210 614 405
180 372 695 993 431 706 275 419 780 713 213 414 37 58 410 572 41 749 747 959 170 578 151 595 20 639 334 470 74 107 715 38 322 359 438 140 229 996 844 42
861 953 94 132 488 969 111 742 855 197 552 65 636 335 285 248 814 888 49 675 395 658 468 237 567 106 28 52 504 169 174 873 758 656 198 744 424 313 823 346
169 654 238 496 377 788 148 32 290 77 758 895 131 922 316 86 217 484 366 154 622 184 861 877 888 647 625 526 298 113 203 677 298 714 442 431 5 350 467 446
8636