40
7
72 714 886 160 225 528 972 91 783 491 159 851 283 644 612 757 844 603 294 359 197 603 593 40 780 80 366 936 628 276 623 740 860 518 591 455 915 112 435 741
204 309 234 938 744 690 95 193 915 429 591 259 656 385 844 547 192 885 232 940 235 717 756 378 436 705 918 479 180 431 958 46 753 271 115 806 662 763 948 532
862 778 992 236 839 13 182 776 321 117 379 41 416 680 282 248 354 552 873 835 630 624 273 213 824 712 117 337 485 517 215 4 434 150 173 905 908 325 349 168
680 740 387 443 883 986 990 531 526 907 4 322 796 573 206 3 830 371 850 477 32 861 406 745 19 292 44 580 354 547 203 815 200 461 484 686 81 650 973 263
350 411 133 19 635 511 501 198 515 814 277 580 622 706 366 293 481 267 225 337 959 223 925 585 835 53 397 377 400 300 916 791 983 809 245 242 607 495 806 434
578 923 796 472 241 132 850 420 43 576 149 230 312 975 429 684 308 330 754 190 408 727 737 122 481 991 697 710 960 7 896 873 146 397 512 301 242 721 801 47
301 283 311 137 474 292 168 54 346 623 957 765 226 862 714 861 282 393 874 234 275 734 20 504 206 284 465 494 321 436 383 216 879 939 173 989 59 411 802 749
516 679 352 669 906 750 678 284 330 571 763 936 268 450 22 438 481 263 657 731 520 758 772 844 76 263 619 721 692 526 172 288 401 4 976 757 487 675 730 657
10841