40
7
368 987 495 310 580 154 667 164 599 838 104 499 263 684 938 874 309 259 2 501 690 842 548 119 375 22 722 620 882 610 190 566 510 379 974 709 209 628 173 136
245 150 271 900 109 819 376 561 518 229 288 295 417 442 907 799 226 560 115 931 477 40 152 838 102 380 781 377 31 733 343 24 404 430 519 76 754 960 905 75
755 509 266 321 696 485 868 278 117 969 591 863 97 924 716 824 716 950 581 946 361 31 648 665 732 952 21 799 765 118 942 694 821 826 387 239 486 548 683 280
812 196 807 86 564 97 62 925 325 363 294 291 809 533 672 713 210 262 326 648 928 68 681 314 757 571 118 526 721 134 596 290 430 915 405 376 356 17 86 240
725 839 699 269 452 706 680 862 563 187 280 823 132 238 124 194 301 765 290 96 303 900 999 32 990 670 561 282 820 461 447 937 96 315 708 485 826 595 306 263
581 310 171 583 257 365 571 975 593 991 569 913 266 902 346 297 42 707 336 698 9 65 853 685 642 631 16 398 174 847 83 314 510 401 757 523 209 298 988 519
223 463 422 96 406 364 10 143 839 559 507 921 854 20 462 974 264 578 459 606 782 892 212 899 610 18 570 812 335 184 192 181 521 215 357 81 52 771 677 160
547 513 874 700 26 492 105 662 149 603 94 484 575 426 895 166 718 547 991 217 132 998 40 805 409 529 785 618 400 586 634 342 254 333 623 194 267 464 688 896
9891