40
7
144 733 489 174 703 600 756 93 397 504 380 128 12 236 829 187 817 347 968 895 232 759 119 164 256 622 966 531 500 351 397 279 599 998 522 391 228 975 427 605
126 775 401 310 298 726 434 210 977 408 43 191 574 532 228 959 912 256 493 9 46 693 860 24 750 910 251 625 416 22 63 947 675 595 641 903 699 781 146 232
22 272 887 948 953 380 352 461 55 318 445 840 149 578 610 122 850 328 938 18 470 924 139 571 170 69 491 315 955 301 377 899 611 15 263 389 787 988 78 953
590 935 211 493 126 491 30 844 928 503 282 755 760 582 604 419 182 47 502 941 185 308 363 45 929 113 803 187 448 488 135 616 970 515 779 173 798 856 48 83
997 636 81 976 519 516 789 586 109 1 87 903 968 359 282 385 764 140 241 110 286 210 130 136 368 273 960 71 858 62 484 709 651 162 439 798 768 739 726 221
264 209 484 510 713 158 294 870 71 536 361 351 961 68 609 393 375 336 111 629 589 764 890 23 417 490 690 781 797 119 726 59 542 713 383 153 799 375 364 251
993 703 94 461 944 473 23 919 280 452 515 411 551 230 874 565 375 10 992 721 321 379 323 547 643 340 188 41 820 71 102 19 13 67 349 124 823 66 470 561
516 511 270 473 323 362 556 787 414 747 802 768 868 620 506 450 210 698 644 121 176 272 136 320 105 5 549 398 156 954 618 615 192 568 611 325 91 821 810 341
9355