40
7
678 43 53 24 656 165 530 381 884 880 29 109 123 379 651 89 222 147 393 309 929 347 780 196 380 934 693 874 509 382 212 234 229 670 358 601 559 550 77 882
8 110 103 521 992 761 758 569 415 638 977 336 102 617 438 23 894 362 926 682 683 127 940 718 372 800 85 936 264 548 409 137 430 377 461 669 29 471 188 318
315 10 385 891 906 228 527 719 400 166 369 58 678 116 22 635 80 707 282 874 867 210 210 546 970 880 513 316 333 10 768 611 162 740 227 595 287 861 289 261
135 677 119 925 931 546 501 420 827 368 448 306 4 74 123 277 500 726 699 269 807 55 226 610 359 720 529 735 922 299 446 749 953 152 168 762 643 188 943 328
503 570 581 926 837 872 47 474 671 326 694 488 353 994 979 860 499 267 326 294 858 38 363 469 967 287 178 470 595 56 945 304 395 497 311 859 139 806 266 784
785 648 651 678 397 961 644 107 848 208 249 982 832 958 1000 351 369 670 388 31 454 850 565 309 735 320 909 795 913 808 224 939 22 182 11 869 495 79 211 828
621 894 300 107 393 975 406 715 567 968 278 945 983 159 334 733 728 597 800 905 884 400 444 391 629 355 470 737 17 566 857 512 269 145 241 728 419 288 587 845
979 245 607 745 278 194 872 704 127 205 240 369 4 989 418 266 210 293 256 731 726 474 792 855 463 216 380 576 50 332 242 941 322 588 652 738 330 501 33 782
9363