40
7
714 752 777 457 320 149 440 977 721 231 36 647 198 292 616 370 956 371 253 902 332 370 959 75 784 564 206 305 557 938 420 441 399 491 698 406 662 936 162 539
804 529 390 870 257 468 26 403 163 796 495 363 677 839 369 669 775 326 852 843 678 675 624 909 588 425 641 119 497 678 829 79 645 988 800 622 391 425 890 912
331 561 861 555 24 475 831 188 97 137 148 616 579 832 892 365 380 297 514 657 41 356 134 517 244 467 241 60 734 859 59 694 440 805 634 350 768 829 416 751
782 484 861 606 372 605 439 179 918 352 426 884 792 338 783 61 793 485 811 449 300 568 944 68 399 771 417 841 375 847 968 326 432 414 21 95 130 177 520 558
646 944 819 947 960 528 515 286 266 478 895 735 236 950 839 316 78 242 344 38 795 111 721 793 664 597 892 466 216 430 522 117 621 583 607 185 299 77 343 310
301 153 558 378 834 525 478 962 807 139 939 304 648 401 749 266 698 67 939 455 861 222 300 774 7 238 638 725 365 195 92 598 912 91 134 253 296 113 573 288
615 731 901 313 649 517 283 826 402 383 612 220 825 755 309 2 165 986 361 53 168 440 264 825 806 474 991 340 877 615 465 898 781 90 637 431 728 418 601 121
676 556 683 513 358 813 865 294 211 96 506 751 830 733 864 751 597 960 531 502 655 766 545 267 705 117 680 851 47 301 392 85 31 308 249 608 268 100 144 363
9786