40
7
653 663 124 503 899 166 668 838 463 657 179 181 270 888 35 982 959 339 51 60 908 344 169 633 638 410 54 562 561 524 121 338 675 678 478 321 392 540 692 346
60 162 129 726 158 452 66 410 287 587 167 961 696 892 18 640 827 860 627 815 477 834 803 573 165 352 181 876 810 434 401 41 942 448 964 609 389 939 297 738
784 989 662 252 942 37 77 295 765 186 428 158 764 198 145 505 589 698 831 952 638 948 855 495 713 961 200 756 8 4 221 642 723 387 883 404 689 534 456 23
899 159 115 307 806 145 186 797 783 627 131 470 708 960 887 304 814 732 185 966 845 573 727 583 656 612 152 504 523 573 963 62 781 165 701 421 66 196 440 923
460 123 351 497 927 762 570 691 314 603 311 189 712 433 815 734 516 555 348 88 38 599 894 582 963 670 816 908 35 966 326 729 276 368 634 128 747 827 311 449
296 724 416 824 3 991 781 598 302 670 618 688 570 713 249 923 878 644 637 484 413 165 876 915 507 215 875 885 97 113 141 355 669 758 948 333 539 794 282 464
104 90 90 132 84 288 779 862 934 527 130 791 97 165 115 363 932 434 934 836 480 737 412 268 652 294 818 55 745 234 302 1 556 585 953 699 583 671 816 972
33 691 567 430 518 880 568 211 636 884 388 711 619 815 595 58 415 579 561 856 818 218 396 556 159 748 775 117 192 340 649 126 617 473 854 495 731 591 727 376
10487