40
7
656 671 312 196 850 496 435 312 530 350 826 920 785 79 395 413 758 560 539 909 423 795 629 327 531 792 601 50 800 716 140 471 248 924 352 222 117 390 163 993
2 956 733 119 748 933 989 284 500 679 970 711 604 684 797 750 891 708 228 606 846 432 382 572 867 481 818 150 936 562 503 374 811 280 159 592 580 761 468 765
62 266 625 363 573 600 731 999 751 877 764 409 170 414 796 259 432 527 123 557 693 737 851 991 763 731 330 368 33 24 460 804 935 551 833 65 588 55 988 582
771 70 508 233 653 693 878 911 72 970 257 491 535 202 14 603 834 588 694 583 254 935 13 808 406 964 971 869 487 59 482 1000 460 163 77 55 426 774 49 340
361 611 834 79 409 708 583 237 594 964 799 127 391 800 947 972 39 969 609 406 128 761 266 802 141 258 820 952 9 43 667 254 298 88 581 628 125 678 414 707
859 197 269 687 697 540 684 72 150 925 140 365 719 630 460 468 296 659 681 653 103 431 187 674 601 4 365 743 936 603 646 437 368 272 350 234 328 141 697 806
11 236 119 631 510 64 514 566 669 128 251 402 318 643 320 829 338 697 733 932 513 377 861 347 106 308 874 924 169 680 932 28 868 208 165 386 585 939 192 703
665 647 413 510 950 766 128 637 602 367 868 114 339 597 163 815 502 446 655 671 517 510 563 161 880 159 633 19 478 446 697 577 45 239 616 642 953 927 183 388
10244