40
7
686 271 517 794 501 662 352 588 22 857 756 271 788 415 448 367 176 787 343 177 272 90 447 249 253 402 908 486 156 361 560 685 127 505 149 511 718 143 866 729
943 777 441 828 725 559 634 896 433 184 194 609 816 752 448 747 975 607 426 979 75 587 565 632 285 268 44 797 442 760 9 937 652 780 273 723 966 158 337 118
768 186 733 435 109 423 825 829 394 256 35 841 153 522 805 150 625 970 204 386 673 555 999 939 43 902 249 430 782 30 875 147 168 593 894 18 558 731 100 875
21 581 268 468 515 124 274 985 464 882 337 335 2 756 273 168 259 549 228 646 30 110 553 126 678 358 387 280 460 623 19 865 804 558 240 688 835 274 524 848
232 666 445 877 60 935 904 393 828 687 323 641 806 265 904 431 728 244 753 684 66 367 691 266 75 895 502 685 27 803 219 107 571 871 823 867 825 883 282 307
703 72 585 166 118 592 561 588 826 399 556 939 165 48 954 830 91 976 274 684 930 67 174 187 46 904 260 573 977 645 851 471 501 683 197 758 735 835 837 449
728 630 261 435 752 659 306 348 925 268 113 772 694 70 126 705 574 24 430 474 102 995 109 35 423 699 593 148 808 543 602 167 582 266 910 770 447 10 912 200
369 424 998 484 692 634 763 989 911 752 781 458 99 901 231 2 257 859 524 50 144 67 716 487 820 708 547 477 518 11 709 866 616 82 348 620 548 688 45 396
10296