40
7
998 827 866 534 24 500 413 900 116 791 529 245 266 412 886 128 794 263 869 334 459 748 73 770 442 369 239 333 845 87 866 751 368 737 741 853 638 736 888 693
221 155 849 494 654 603 365 278 98 783 731 444 829 945 506 100 41 559 13 990 864 424 909 700 465 629 411 90 810 848 961 938 129 922 105 8 895 393 912 910
171 108 857 724 443 591 430 601 127 236 779 632 564 871 948 633 208 13 828 201 123 537 131 918 256 97 754 950 511 457 118 995 183 294 607 675 976 546 472 207
175 670 72 364 862 582 512 572 623 716 890 163 402 567 287 576 905 966 240 762 125 846 468 339 528 72 320 863 806 453 607 802 751 932 40 67 914 373 133 313
649 166 979 534 282 831 937 691 341 349 899 18 131 508 422 455 105 618 315 456 813 601 630 24 837 126 278 359 689 289 164 716 769 128 921 58 684 407 427 112
72 741 310 114 533 9 496 617 215 9 282 367 590 804 267 913 959 347 327 88 117 99 836 504 844 893 42 658 655 211 964 590 517 638 934 740 697 400 110 375
687 93 422 636 757 678 723 740 792 334 946 958 589 95 365 237 253 88 641 18 917 112 358 776 828 193 798 465 440 857 954 131 406 433 376 122 996 829 203 518
937 890 912 632 956 300 476 562 689 544 349 153 806 253 648 541 972 771 501 167 814 805 549 39 317 755 761 860 185 859 691 52 728 983 331 174 692 208 151 695
11354