40
7
145 959 504 5 471 653 407 268 405 462 53 549 16 258 250 13 974 694 271 578 877 248 530 587 961 839 610 898 373 77 700 250 100 748 24 667 356 662 28 684
180 148 147 561 893 1000 28 325 965 495 63 39 234 838 494 162 396 378 198 103 595 739 250 721 4 700 188 147 687 97 282 600 44 494 274 781 584 42 266 771
309 424 419 402 945 852 633 865 28 662 323 520 38 394 937 367 609 774 223 691 743 479 903 847 37 455 688 284 705 996 317 182 943 646 273 243 695 780 895 260
75 403 786 451 173 346 31 456 401 719 70 24 814 862 455 99 932 954 889 52 255 845 299 217 974 551 327 922 352 444 472 507 495 319 619 305 192 419 808 203
285 634 457 464 14 678 194 34 701 837 877 17 189 387 65 687 563 14 6 971 544 639 853 841 451 91 55 275 272 628 556 533 470 810 740 434 964 736 511 464
923 739 57 640 292 717 66 203 310 319 268 949 488 318 996 62 527 153 875 946 796 263 567 495 553 313 794 836 897 76 45 216 627 395 524 597 28 564 80 379
971 362 164 790 282 824 633 710 689 671 20 391 398 365 947 708 767 307 730 944 267 587 55 381 514 231 527 914 237 108 297 573 260 593 101 914 545 529 18 948
639 883 227 953 927 246 372 366 792 822 110 436 920 563 323 305 173 257 412 569 661 599 921 1000 722 703 683 109 160 993 635 189 261 497 355 270 197 53 68 416
9894