40
7
573 34 975 456 432 553 834 724 80 953 61 827 745 293 745 203 100 690 261 457 513 8 324 773 264 745 411 448 388 480 658 890 721 590 664 938 540 728 707 22
874 894 297 320 235 342 900 343 915 629 826 249 183 942 939 791 805 306 832 7 349 584 11 23 995 574 6 45 854 399 980 444 272 252 213 318 741 634 257 247
341 960 626 895 735 614 486 812 863 47 716 656 114 465 644 161 400 982 766 298 521 437 549 265 715 569 658 780 782 580 220 152 217 316 639 769 215 12 733 911
706 452 845 108 1 942 721 92 612 409 888 718 925 369 787 998 849 332 374 166 877 623 10 876 687 862 138 401 658 867 958 518 515 549 484 183 192 824 402 541
441 968 675 122 252 80 996 632 976 53 472 80 470 41 184 1 436 416 151 187 84 737 438 66 287 80 22 931 695 305 255 22 927 846 709 263 650 312 816 680
632 608 581 787 878 563 295 778 145 686 762 201 184 715 288 11 825 462 324 662 984 438 849 722 329 40 652 761 219 557 383 892 221 647 206 629 916 129 152 660
567 744 344 658 177 525 80 737 718 660 219 192 909 973 171 456 647 531 39 384 462 118 745 56 288 85 162 292 174 453 600 670 36 307 437 37 6 12 98 479
186 34 732 183 948 247 362 414 112 42 654 436 319 923 493 545 205 684 230 351 193 528 354 874 98 598 394 322 40 678 500 630 356 609 65 25 354 233 732 400
8042