40
7
586 828 841 476 702 532 525 654 882 403 441 693 734 295 651 264 550 71 134 414 335 605 957 440 756 243 8 798 701 532 660 700 330 591 279 727 819 577 852 646
197 758 941 70 929 102 641 356 32 27 712 939 176 682 534 900 556 105 216 614 534 899 570 407 77 637 106 932 456 769 405 569 436 825 839 808 196 863 619 125
433 536 913 701 998 789 601 132 187 708 846 331 934 902 653 871 303 271 676 81 21 34 372 627 461 965 167 572 997 345 526 478 802 669 580 958 433 424 730 969
124 767 341 35 297 345 725 587 355 664 710 692 626 144 549 264 862 982 774 794 219 217 993 436 190 618 698 713 485 83 619 856 628 827 495 345 891 386 60 896
459 516 116 408 975 887 282 799 81 20 579 472 377 85 956 407 244 494 615 840 758 539 555 858 888 107 895 159 632 626 904 677 241 317 883 370 204 92 41 228
661 417 367 342 131 455 595 441 242 846 680 448 501 901 220 246 729 475 737 122 649 230 116 327 398 314 313 24 844 147 810 754 266 41 12 193 632 316 988 387
57 114 729 790 809 365 108 325 743 20 319 172 354 149 681 205 911 265 785 164 280 901 192 156 812 662 636 119 424 942 514 904 953 336 52 547 111 181 739 822
16 847 301 131 461 302 373 515 782 567 847 733 463 344 786 718 955 258 43 65 815 468 876 709 987 582 90 450 506 275 15 20 147 189 691 408 415 877 22 809
9429