40
7
238 964 630 426 482 163 795 890 844 723 810 507 576 950 407 32 510 623 559 98 376 840 871 675 145 302 175 469 689 651 906 606 682 568 426 45 237 505 904 796
28 720 167 956 651 782 566 887 342 709 635 979 365 452 694 594 763 563 847 560 627 244 549 769 749 935 888 698 614 702 375 693 323 293 871 260 461 421 748 469
47 959 401 931 659 910 359 797 559 50 111 937 373 773 542 79 368 855 912 907 516 572 77 532 749 300 618 530 536 570 98 807 286 918 701 617 573 191 497 793
251 921 24 578 961 531 464 322 892 555 458 864 380 493 9 148 59 935 161 837 396 989 961 84 833 749 170 710 249 618 60 79 72 113 213 508 899 575 264 600
188 426 189 459 829 541 230 940 932 999 340 771 613 705 377 330 234 158 453 451 537 291 854 998 689 900 290 101 761 276 257 669 952 310 198 209 170 800 350 284
115 903 607 876 915 231 532 988 287 56 508 731 714 842 996 461 424 184 778 988 739 272 337 259 19 374 389 87 923 704 443 707 92 281 455 989 536 953 566 783
78 158 103 949 436 77 459 429 43 680 552 386 70 767 877 753 245 119 292 18 501 430 737 613 455 915 385 473 501 56 264 929 619 960 436 136 144 536 737 780
326 320 327 719 884 634 583 139 771 24 505 648 146 504 182 818 562 628 999 697 742 446 14 454 868 546 710 475 610 883 849 366 901 913 253 43 420 172 722 686
10745