40
7
933 207 981 17 997 953 834 829 946 758 613 931 329 54 451 689 337 312 748 238 746 862 606 230 924 518 749 43 126 761 684 139 470 678 944 431 537 515 301 296
865 224 237 14 547 732 383 848 482 65 248 776 894 29 732 700 660 328 805 125 951 285 364 174 578 273 157 433 135 936 618 280 846 867 833 891 476 85 271 387
702 688 225 326 52 700 904 716 416 986 283 736 772 819 14 469 880 85 845 280 45 776 972 824 835 106 472 16 12 864 494 543 298 853 318 913 62 900 727 617
112 261 704 535 317 285 994 643 181 830 978 759 951 685 471 50 602 385 991 180 178 275 380 324 432 434 683 324 288 752 48 549 875 579 58 856 753 766 934 800
36 35 689 181 827 279 15 660 751 37 185 245 752 518 976 62 579 298 937 137 177 456 961 246 199 922 551 883 746 321 507 347 756 371 18 855 269 246 380 117
403 221 498 144 22 876 876 55 885 332 398 265 637 223 316 240 919 888 993 202 350 196 970 274 453 717 453 512 402 851 291 95 435 395 631 580 122 73 314 405
237 921 614 44 370 838 669 149 573 207 797 290 886 446 521 810 610 915 873 558 570 966 396 506 715 307 231 291 369 732 316 617 444 874 838 488 591 859 627 733
225 385 106 742 25 629 986 62 68 368 179 913 525 633 276 69 847 523 96 392 844 592 550 105 554 772 341 283 291 360 829 221 271 51 438 298 675 221 767 311
8412