40
7
892 536 624 528 686 262 900 320 303 512 451 814 315 424 529 880 112 828 603 541 310 186 345 854 628 773 941 33 411 143 924 471 396 56 296 987 105 683 613 124
840 855 842 106 189 457 876 294 91 735 38 844 725 184 150 122 932 58 460 361 339 395 123 565 871 985 577 483 304 937 756 175 821 615 615 667 386 334 43 130
659 584 109 622 355 570 904 926 172 70 586 390 550 405 511 640 410 569 925 469 546 949 116 743 786 269 786 811 795 763 42 924 641 65 888 744 6 877 823 986
956 253 732 349 478 681 185 190 585 97 40 37 867 474 928 280 301 259 11 54 695 943 227 262 288 81 625 79 965 228 556 541 318 971 71 932 756 516 718 908
532 869 448 803 643 586 883 176 805 213 520 566 292 634 708 284 745 462 567 408 381 457 91 856 850 594 697 916 420 381 789 682 616 242 830 502 163 224 898 282
21 315 863 74 988 940 848 938 183 705 443 863 397 894 732 898 158 526 117 23 837 789 282 334 306 290 334 163 153 319 94 902 504 429 366 484 934 275 147 25
524 338 259 336 499 651 978 894 879 600 437 508 367 158 191 584 779 402 901 974 577 385 780 832 19 872 562 14 264 989 254 398 734 639 893 691 307 809 702 129
898 238 876 794 808 182 243 97 85 216 593 530 164 16 510 182 667 21 92 359 683 124 383 766 569 600 549 792 129 67 623 339 372 371 225 336 184 573 85 744
8043