40
7
361 752 738 804 270 193 485 931 165 360 339 281 92 686 757 428 160 879 481 274 303 868 887 849 103 700 846 866 288 717 122 426 713 40 325 745 848 609 489 123
780 643 748 532 382 367 287 313 437 274 77 100 134 250 663 615 592 132 67 731 540 884 386 694 750 71 645 856 297 479 603 16 393 689 213 536 319 94 777 177
400 115 483 890 917 739 40 376 799 364 34 266 119 150 620 751 248 144 707 321 471 462 708 305 238 534 628 81 597 368 579 752 336 374 491 888 83 863 667 787
192 112 706 698 391 224 536 171 68 239 601 273 862 254 889 683 995 839 791 124 551 377 298 224 772 320 472 767 99 808 924 525 652 273 418 784 579 800 808 270
982 330 574 195 843 144 283 569 743 716 276 484 574 983 307 439 135 730 346 904 545 913 949 680 583 366 81 951 616 662 645 931 198 137 908 739 95 613 449 329
697 764 362 50 148 717 634 410 945 879 494 295 417 936 135 239 450 70 113 33 785 312 46 170 78 52 649 140 334 358 953 577 181 918 971 631 991 236 867 602
20 759 218 934 555 230 84 82 462 214 434 444 504 216 584 683 560 535 537 122 945 831 476 697 825 586 540 762 812 255 752 842 664 314 54 373 549 654 489 412
676 235 649 100 132 258 919 395 460 234 587 976 719 525 428 818 120 960 244 170 328 850 495 942 84 998 305 595 283 196 797 70 508 967 322 154 848 232 721 51
9676