40
7
802 692 10 550 934 882 999 176 167 370 474 995 67 266 476 384 868 378 414 360 982 863 986 398 201 118 602 969 224 140 209 911 511 957 104 129 163 64 728 275
682 604 532 820 470 556 709 719 103 114 657 930 251 226 630 218 953 990 378 443 701 548 192 335 485 726 216 463 761 473 739 371 99 842 83 248 280 154 610 818
464 944 599 208 71 161 101 998 705 87 373 175 69 610 419 131 83 735 373 290 5 753 338 689 836 314 743 502 746 873 716 957 349 670 280 938 427 662 138 516
58 531 84 633 391 970 338 827 392 9 250 614 256 372 230 903 697 220 347 114 464 348 37 354 815 862 84 890 527 995 630 456 355 47 203 709 764 252 819 893
50 968 53 504 226 840 435 916 284 251 265 546 529 172 94 44 663 827 623 266 48 387 714 389 415 928 942 468 496 176 154 937 377 966 336 114 740 200 489 207
467 798 687 607 535 528 109 933 299 631 70 369 414 35 387 7 81 776 592 238 437 104 37 78 998 15 441 593 174 515 324 854 903 697 209 595 622 627 846 195
200 401 862 738 926 198 148 691 307 882 922 201 714 461 783 465 665 756 51 773 133 155 350 442 333 653 211 558 111 847 481 356 131 707 55 90 40 544 532 945
440 766 727 938 535 419 450 802 571 385 22 761 862 71 853 805 273 642 490 656 516 345 793 70 330 907 604 285 214 18 996 308 404 2 608 563 675 886 772 909
10837