40
7
557 156 954 883 903 186 960 177 914 169 375 237 650 193 625 823 146 830 669 816 908 721 349 730 608 636 830 789 639 50 835 266 322 469 498 604 504 421 300 775
852 536 679 443 633 717 961 611 408 254 100 69 996 931 674 263 557 196 57 223 625 683 270 329 25 564 432 949 444 205 996 366 184 50 476 981 491 464 102 900
498 36 771 292 761 619 537 366 511 959 801 541 430 372 70 719 373 238 98 746 34 126 463 360 459 979 65 718 43 670 180 189 598 724 262 169 994 758 232 468
808 51 534 51 859 711 210 456 473 533 60 581 986 876 789 926 518 754 924 969 793 678 932 556 827 700 818 42 215 540 324 657 816 719 956 329 640 179 352 424
111 375 236 8 855 793 44 433 568 86 374 197 591 926 195 306 214 806 30 447 896 677 809 312 677 564 2 29 770 429 630 944 873 617 972 162 557 863 815 62
503 151 275 477 358 609 861 773 930 354 802 920 39 921 38 413 868 358 490 637 659 724 353 500 154 359 501 173 140 723 785 749 20 553 222 594 9 676 86 553
7 647 194 544 205 735 143 654 466 634 307 506 513 683 752 856 138 757 412 985 95 98 581 581 531 718 455 491 883 723 783 948 69 576 471 448 123 922 721 785
479 755 353 374 904 825 443 741 224 437 137 401 575 960 765 612 954 814 657 518 450 79 888 864 872 463 822 279 917 17 784 176 310 478 452 521 348 640 853 336
11239