40
7
758 699 442 922 944 315 34 854 368 61 288 643 913 869 696 622 580 738 131 337 132 660 389 289 902 658 358 928 916 722 914 15 176 251 174 864 869 657 162 729
997 793 299 784 651 134 859 337 745 120 969 192 385 867 768 985 948 772 474 453 462 694 501 377 719 847 803 132 766 692 629 364 965 316 463 872 418 913 559 611
749 118 284 911 483 267 155 634 389 31 148 756 115 264 369 673 696 50 254 471 202 697 117 579 523 990 648 288 927 528 581 576 773 18 90 242 728 184 953 84
478 407 47 728 730 52 114 594 825 406 933 684 650 81 535 993 189 635 16 768 28 268 120 219 297 946 946 325 54 363 879 358 257 893 917 350 968 814 334 894
592 630 718 293 67 703 638 630 258 313 185 815 918 387 334 142 526 152 65 402 106 160 293 713 614 23 105 576 694 198 454 967 995 620 616 83 179 267 264 915
242 777 448 988 642 560 364 642 636 483 444 982 695 992 578 863 978 50 676 357 30 561 459 99 766 115 360 369 359 449 875 377 557 625 424 323 180 444 400 525
98 19 817 122 4 73 446 662 115 822 120 426 973 143 799 860 773 755 805 36 46 382 63 714 222 693 483 376 352 370 525 39 287 847 612 257 497 143 117 621
681 747 950 179 251 840 693 246 169 112 546 777 691 547 108 747 65 355 714 987 817 516 956 890 898 429 103 912 908 431 126 440 67 626 234 276 569 755 43 694
10548