40
7
633 719 143 694 706 710 924 517 643 750 269 439 302 492 985 873 629 217 220 437 958 954 508 741 950 890 942 581 733 857 668 331 608 58 767 291 153 363 921 32
243 176 481 800 568 45 208 293 83 932 19 193 6 315 956 214 791 124 787 481 743 73 456 115 27 681 547 253 471 233 320 145 699 450 984 955 258 276 693 189
252 253 563 977 876 113 776 708 322 551 923 816 392 649 530 290 431 824 266 142 722 539 784 682 470 436 308 425 214 525 754 938 504 538 660 117 79 310 948 827
511 65 464 292 810 333 625 279 378 210 909 461 684 683 138 33 730 472 609 628 818 135 201 668 577 102 165 995 985 762 632 263 988 657 3 358 373 639 62 202
593 800 874 301 184 405 624 489 812 253 757 319 515 507 790 644 542 782 300 853 907 582 2 123 121 680 123 18 167 272 300 403 67 311 647 677 457 135 677 137
868 252 730 826 380 457 506 538 348 169 796 465 366 371 261 676 411 537 425 891 754 481 680 39 78 810 989 712 836 888 199 515 221 839 681 694 179 963 315 682
37 290 462 126 847 209 74 573 566 872 81 736 646 444 607 695 237 61 17 513 16 312 122 710 189 589 157 949 686 59 628 391 925 256 610 312 548 807 533 345
819 209 222 432 291 236 797 944 821 285 320 52 17 712 338 66 241 536 295 599 684 307 338 844 918 40 319 397 603 76 465 946 705 819 331 379 718 932 873 425
9676