40
7
622 706 72 949 670 607 777 709 88 39 14 556 508 101 772 503 603 476 202 644 563 58 563 706 572 491 759 477 901 19 230 689 22 881 899 185 117 774 96 277
460 61 193 151 506 35 888 755 391 722 125 616 229 816 902 853 882 624 920 712 145 435 491 49 834 385 682 573 503 802 606 772 876 301 890 628 975 677 176 980
268 694 389 606 333 870 866 906 390 421 569 332 250 564 306 255 184 281 675 731 498 125 66 827 457 545 272 937 555 829 893 384 160 973 698 597 258 167 84 830
476 689 651 526 251 494 398 146 799 277 361 802 151 413 733 770 614 920 552 998 164 655 432 698 188 501 781 952 158 779 498 727 596 61 633 113 136 106 152 367
1000 355 186 263 221 118 538 413 126 880 398 842 766 362 838 590 56 281 826 340 930 396 979 809 955 472 676 654 509 404 497 392 661 484 216 144 311 579 653 898
25 92 856 245 24 186 403 908 936 843 301 875 96 173 451 286 2 606 360 383 717 975 255 508 655 99 515 575 817 207 350 152 392 821 5 958 690 514 614 521
153 364 182 651 319 578 615 285 510 436 732 85 361 261 236 173 66 848 679 629 153 393 169 933 970 2 977 57 544 487 744 240 126 515 162 591 304 72 312 850
458 857 594 703 13 295 900 721 474 773 966 124 961 7 319 779 179 850 200 956 960 904 785 468 157 516 101 80 813 241 757 939 310 621 97 243 708 806 411 707
10877