40
7
852 423 258 56 781 66 605 552 285 140 994 1000 223 540 818 43 298 278 194 665 638 676 182 746 515 870 427 667 642 504 9 976 736 403 948 431 954 486 954 540
572 451 67 371 679 493 969 683 83 416 225 20 11 822 309 465 606 879 868 441 65 236 307 166 988 408 655 750 645 743 797 748 946 896 213 648 317 931 932 974
902 611 196 808 138 591 621 131 863 45 919 982 982 151 468 472 584 965 981 267 759 569 225 504 283 726 667 435 5 509 838 312 973 507 281 158 511 218 546 258
262 39 713 48 790 590 312 658 837 50 311 609 919 195 278 976 790 883 969 350 986 179 203 800 264 315 447 317 143 54 63 343 119 232 498 345 8 305 321 284
784 871 830 410 437 1000 889 564 623 967 876 434 942 667 33 188 539 184 735 315 184 79 557 289 968 749 365 598 731 249 833 973 465 503 243 137 957 846 811 712
615 293 760 721 733 593 829 857 471 910 87 785 674 677 675 318 696 667 344 429 626 360 219 882 741 149 608 258 700 856 949 975 64 454 281 36 879 689 353 112
752 190 496 297 252 962 170 194 629 942 807 238 239 48 42 957 971 422 52 760 378 567 533 146 31 609 793 553 873 876 173 6 976 875 98 498 863 409 11 721
637 568 452 284 942 561 90 353 840 799 372 608 305 518 105 379 308 238 400 57 698 227 881 990 169 380 471 593 550 295 121 192 288 891 196 949 942 384 204 599
9418