40
7
759 960 710 586 490 997 149 609 583 684 774 618 904 833 798 979 456 797 927 753 632 12 727 74 420 486 681 410 428 819 667 433 172 830 826 579 43 975 887 169
707 598 454 394 805 361 870 885 125 853 860 39 22 99 213 331 54 710 726 603 297 491 952 832 276 120 873 336 324 345 94 151 942 412 630 884 621 899 693 869
45 709 684 788 341 292 460 876 583 856 90 59 228 841 306 753 103 381 103 344 720 933 232 45 226 721 461 299 9 584 722 76 464 70 483 552 835 235 491 42
469 443 166 380 947 337 525 196 534 717 812 222 810 33 861 262 454 243 36 756 452 413 463 193 111 436 41 797 961 371 294 379 855 337 718 132 129 727 561 873
764 600 278 617 100 182 354 266 776 226 311 551 4 301 31 971 920 510 341 623 493 28 318 530 853 71 683 243 57 860 252 432 544 583 886 399 8 344 385 467
776 608 322 393 762 435 636 542 881 244 370 609 784 579 852 824 412 240 608 840 190 784 250 933 105 871 41 72 155 56 472 301 987 855 106 381 655 632 881 457
68 682 178 867 187 217 631 551 653 807 869 70 695 90 231 803 230 222 245 161 360 107 115 364 407 122 549 102 778 727 276 859 613 191 693 592 214 879 174 645
873 648 941 541 254 776 204 880 16 394 424 858 144 60 262 219 362 355 204 25 731 252 884 133 640 311 635 252 843 986 989 565 732 548 943 805 113 395 403 925
10263