40
7
18 342 129 768 143 510 54 517 319 592 965 106 672 918 781 766 56 473 670 121 331 390 805 781 624 92 850 997 306 985 202 109 343 184 429 999 535 852 209 874
991 929 315 331 767 543 621 411 770 331 34 484 39 613 752 456 121 566 367 589 698 717 173 242 653 621 11 125 618 289 74 623 174 672 650 928 419 143 492 71
517 882 936 500 109 861 4 628 151 943 27 615 951 837 757 565 180 53 982 841 208 610 963 574 411 172 294 662 731 939 619 193 437 680 93 651 449 695 517 948
325 598 741 346 852 447 800 328 106 20 411 327 7 485 405 29 55 662 322 110 222 938 504 88 477 572 357 229 149 88 900 863 36 948 322 295 336 413 82 503
658 568 238 230 177 124 524 257 671 112 551 4 563 308 309 488 987 219 329 311 95 298 246 592 569 334 696 953 93 396 168 496 393 500 281 853 325 263 420 491
636 275 574 524 634 648 374 989 390 86 913 320 705 945 512 20 295 770 442 872 642 871 718 655 511 410 581 942 788 697 346 64 521 849 613 233 546 468 391 605
799 736 634 160 807 508 792 287 740 946 592 19 70 751 737 532 767 115 667 633 607 5 670 837 801 420 383 795 401 934 60 77 445 778 781 71 568 280 810 807
995 90 384 404 380 466 884 866 46 181 104 194 596 424 562 762 109 990 140 873 76 687 6 775 519 767 7 722 821 344 7 637 363 847 943 692 72 687 926 941
10145