40
7
621 471 641 183 719 666 990 976 931 788 523 840 583 104 418 574 11 964 507 481 165 343 792 834 868 401 547 606 741 76 709 850 967 822 978 988 72 779 814 579
339 643 962 116 664 844 496 424 449 298 440 495 252 183 413 997 573 907 910 243 214 620 407 392 133 764 502 645 663 181 353 966 43 898 374 712 214 130 726 544
496 991 252 524 418 810 491 843 472 406 598 996 822 526 821 976 246 988 99 786 361 101 629 773 856 80 116 518 527 598 631 55 36 401 328 356 607 592 870 146
277 360 545 380 649 646 215 478 258 312 175 870 450 305 49 594 359 958 831 257 541 134 994 326 170 203 201 470 968 883 522 678 800 695 746 145 431 390 779 630
941 841 35 958 540 395 728 453 13 303 5 474 861 467 574 915 689 962 800 344 264 34 404 858 699 614 823 492 176 812 20 83 803 601 95 832 19 127 967 539
524 246 888 730 957 700 869 646 99 146 818 17 253 450 71 934 747 425 564 987 789 519 887 370 986 773 33 688 702 59 338 54 521 525 593 443 160 696 785 515
770 650 953 259 358 930 399 965 238 547 53 828 742 757 219 613 337 251 687 481 95 190 783 81 466 490 607 959 823 731 875 570 229 78 702 185 120 533 432 695
876 549 756 208 335 846 708 574 395 633 725 959 767 732 682 746 474 748 291 622 206 531 10 512 386 912 416 962 498 688 665 719 961 506 804 99 539 840 227 366
11737