40
7
329 98 601 774 771 766 803 414 368 278 512 681 761 452 477 960 91 200 118 660 402 200 539 280 859 737 523 508 626 622 877 856 823 653 256 355 72 285 225 186
610 318 110 345 202 931 794 667 379 865 684 469 112 364 389 377 165 118 532 318 318 504 512 539 673 190 749 262 874 180 362 491 530 415 775 448 741 307 144 747
321 267 640 259 310 19 896 40 887 3 590 825 664 198 928 556 604 30 241 381 247 103 133 753 95 611 670 704 986 620 463 124 462 151 98 26 492 792 462 995
10 390 141 345 133 913 128 357 42 473 613 413 712 121 184 327 785 87 161 598 707 753 470 233 813 336 580 868 938 168 604 272 66 113 843 859 525 345 967 941
877 415 269 130 303 459 609 824 732 920 726 151 449 224 81 868 988 116 116 420 477 353 258 249 350 73 5 931 925 683 168 28 493 581 499 335 582 86 360 1
890 123 822 514 63 42 6 121 230 777 254 868 178 371 145 805 222 955 271 616 154 846 212 744 909 269 511 91 831 631 327 922 720 88 308 479 429 477 408 493
537 889 357 106 173 978 439 211 120 933 223 453 217 463 882 854 546 965 385 613 922 450 264 516 180 447 977 690 419 701 596 14 287 42 144 767 728 755 175 680
501 49 326 100 483 999 547 683 627 628 80 672 551 943 769 582 95 42 607 924 215 362 907 691 957 191 324 776 866 268 279 550 35 249 942 944 828 419 953 674
10819