40
7
922 83 877 811 486 847 503 336 84 247 441 804 422 33 956 225 735 861 962 233 698 465 569 197 219 242 789 867 882 364 354 832 507 724 664 931 265 998 14 177
604 783 564 767 949 280 296 210 820 267 229 643 252 587 243 484 382 594 610 861 867 920 938 192 554 231 110 114 660 818 727 251 451 326 303 105 381 164 85 699
930 701 46 765 228 702 901 148 223 303 685 721 762 808 106 844 400 265 379 103 226 814 240 144 971 336 816 905 354 297 205 528 903 538 932 343 94 342 402 421
134 180 935 443 422 328 558 594 185 903 120 739 162 995 568 673 459 568 194 834 17 352 124 918 148 258 528 746 373 87 85 163 739 587 434 46 988 762 346 577
383 596 924 785 941 178 578 981 704 164 758 717 629 653 774 317 195 317 804 775 672 368 957 842 237 684 878 552 645 117 935 198 148 783 922 694 392 775 218 139
754 834 863 777 295 140 243 433 595 343 974 63 928 698 942 904 271 244 632 776 363 89 712 344 928 301 683 640 404 898 415 470 49 88 794 468 406 513 410 871
295 682 339 730 150 169 913 896 877 247 416 541 755 260 75 578 142 963 277 784 168 549 90 551 724 354 727 714 482 408 753 283 74 734 708 903 660 184 460 872
35 907 33 437 450 326 954 806 509 199 666 516 933 602 878 519 897 720 854 979 714 756 182 376 993 36 738 102 441 374 756 496 334 929 668 589 180 734 528 861
11504