40
7
66 124 932 248 491 216 334 657 746 108 121 350 458 713 24 608 46 237 268 894 801 955 940 428 226 648 645 517 361 238 628 878 790 99 655 998 984 454 648 145
514 897 240 811 47 742 544 461 211 378 84 29 728 946 783 165 552 75 17 920 776 53 429 368 760 461 185 830 547 493 479 450 827 567 496 986 254 87 383 765
639 871 653 999 266 670 337 696 165 634 989 557 390 580 378 386 258 554 513 390 29 886 962 575 816 979 507 318 125 685 323 472 355 444 755 867 492 867 562 859
443 959 290 952 899 883 180 185 394 19 126 461 488 760 368 921 980 242 266 808 737 234 498 863 823 734 859 90 916 701 362 690 746 789 999 837 442 749 430 811
680 462 430 830 233 12 947 855 389 544 18 304 420 388 451 638 823 290 745 364 282 443 524 544 900 261 675 674 412 622 653 880 647 733 866 781 905 611 260 14
534 455 136 514 233 251 917 291 970 480 717 609 108 696 884 411 514 197 612 986 15 305 944 410 834 53 210 804 334 301 572 82 961 511 106 986 30 270 745 980
17 862 924 987 74 527 314 483 455 28 613 137 584 288 745 38 708 807 89 511 509 362 391 836 534 272 160 304 735 920 701 17 821 876 82 81 225 915 673 716
489 637 551 165 112 822 428 105 835 380 563 399 644 471 844 42 108 565 977 382 744 298 754 136 467 256 302 71 630 843 920 875 369 654 803 699 659 393 303 700
10198