40
7
327 653 677 244 152 347 233 529 880 17 14 47 219 258 384 368 333 549 697 234 768 62 735 706 292 876 305 692 251 889 49 522 752 66 666 807 94 849 646 140
220 713 837 918 765 944 292 224 890 924 63 477 716 299 789 332 106 432 231 489 131 713 886 484 428 89 127 166 644 110 711 963 94 380 529 804 270 767 759 863
93 607 254 769 3 119 325 388 403 599 989 52 816 248 991 494 984 879 962 767 995 207 420 38 926 836 192 402 198 265 576 295 251 624 422 911 31 536 389 438
178 602 930 499 37 369 934 240 521 649 738 690 330 428 529 434 163 746 775 596 663 367 13 364 68 697 652 953 398 215 701 627 969 432 148 808 471 861 239 700
848 9 729 949 55 81 65 333 382 833 194 582 255 696 114 259 484 20 132 743 643 313 753 141 71 346 723 27 518 336 296 413 335 471 964 578 416 403 317 281
684 396 18 839 913 308 573 303 237 714 184 932 959 681 200 423 573 820 190 682 174 27 568 341 946 801 836 831 636 360 584 942 291 578 331 752 61 215 354 707
619 263 220 761 217 928 640 666 739 375 269 558 351 471 833 482 329 545 800 162 714 552 692 41 669 425 572 907 560 275 858 125 859 283 674 564 963 533 972 134
306 863 585 467 78 970 905 578 752 550 765 438 638 805 393 61 715 796 911 690 840 772 906 255 370 882 872 741 812 434 24 9 935 242 786 654 486 937 441 723
12194