40
7
310 597 400 74 877 968 96 664 724 924 719 606 212 225 188 894 951 436 756 82 628 321 856 703 861 490 207 934 157 113 436 465 211 706 963 482 848 186 532 103
264 133 691 372 733 991 534 918 633 935 316 214 761 426 972 945 634 191 265 285 208 214 898 490 379 573 676 753 449 318 766 787 629 455 95 40 260 629 808 873
624 96 745 912 739 577 195 542 551 105 239 792 700 178 493 927 555 510 55 806 761 530 597 88 576 566 523 413 615 554 337 82 925 755 555 11 966 188 932 952
99 477 967 31 510 25 883 916 409 492 993 53 611 70 642 577 115 440 600 914 719 151 337 898 268 175 948 663 609 276 754 821 213 662 163 464 569 93 189 984
275 404 95 722 438 465 921 233 118 942 232 822 136 596 964 30 830 77 413 221 174 710 775 377 951 667 944 438 670 523 316 208 843 999 818 30 216 767 699 959
33 633 930 775 932 903 223 565 205 224 482 156 207 747 672 236 972 442 378 687 830 551 659 123 186 969 97 805 281 625 156 159 427 309 128 630 290 795 444 77
246 512 253 273 507 496 18 963 970 971 175 109 393 667 817 950 375 272 769 577 14 401 508 969 369 757 210 290 508 358 427 810 244 123 981 957 81 708 40 810
681 181 661 535 679 747 36 955 212 809 685 627 65 701 299 479 755 648 42 411 743 554 632 457 17 978 855 669 526 196 726 350 305 419 353 458 830 505 131 394
10153