40
7
493 530 924 627 172 743 891 555 378 521 824 375 712 121 256 621 878 856 840 548 713 623 644 221 941 709 843 12 40 698 875 765 139 364 923 938 230 965 842 469
177 376 84 46 430 677 166 114 50 98 611 519 502 895 414 515 952 221 452 427 463 814 478 690 989 961 575 312 224 44 312 490 606 137 820 985 792 999 965 857
93 820 60 15 120 724 579 214 94 519 15 180 494 3 622 695 836 372 728 615 510 914 827 205 23 359 597 55 188 901 432 68 332 388 346 285 359 412 936 312
69 534 463 740 323 593 584 333 521 316 522 234 825 774 154 691 940 506 846 642 818 349 941 563 629 471 24 750 329 879 594 570 796 706 721 367 933 60 924 624
276 216 248 548 982 673 570 47 20 153 298 379 799 129 108 720 570 106 556 365 69 747 694 124 844 162 814 540 115 618 438 545 330 363 746 757 464 464 32 429
468 145 964 70 683 113 767 36 769 26 592 557 738 935 256 740 357 48 414 347 516 528 664 333 110 268 544 192 358 151 351 976 712 535 270 787 246 618 651 208
46 358 358 853 872 444 380 888 774 798 452 519 122 453 392 478 426 540 187 938 848 422 813 22 610 657 149 781 108 784 466 681 210 619 711 751 419 418 882 480
750 628 5 314 769 324 86 984 76 83 39 244 172 75 25 697 205 258 202 884 383 117 954 201 717 648 292 842 603 546 997 834 764 35 185 481 142 876 514 845
8898