40
7
921 876 413 831 183 324 179 755 864 905 143 141 112 997 957 359 430 644 760 282 218 40 386 911 708 672 282 798 847 239 409 430 664 946 656 604 943 783 247 951
333 771 504 26 540 859 588 22 454 973 389 286 321 152 997 675 216 409 443 379 702 330 298 538 36 814 645 301 210 815 869 834 654 468 375 167 953 648 846 709
222 752 182 125 876 952 835 805 553 497 998 920 884 16 577 606 254 371 112 53 664 494 588 337 476 263 760 816 512 317 943 249 470 828 772 701 63 281 829 465
831 202 231 777 546 644 906 941 461 146 201 50 796 445 225 880 699 353 328 336 602 527 590 704 953 953 148 842 151 520 681 623 139 203 179 852 404 702 527 719
351 552 674 273 20 433 153 501 17 156 897 72 43 59 976 378 371 803 819 795 619 197 138 181 396 942 669 71 439 577 552 655 484 124 968 517 641 720 684 716
364 737 977 848 890 904 824 95 906 780 167 745 890 863 835 186 607 810 115 699 680 312 421 133 757 927 407 176 494 422 818 962 328 12 314 358 726 52 780 43
218 42 626 627 964 840 429 777 377 192 517 2 390 971 292 915 367 141 438 535 393 390 309 373 420 525 930 172 422 380 210 433 455 9 961 2 943 738 145 123
855 946 67 601 863 233 548 81 13 287 231 966 468 625 749 938 286 421 262 775 890 657 433 238 903 829 583 844 853 100 992 931 982 6 195 740 926 698 42 826
11442