40
7
630 588 638 547 518 429 906 449 91 717 485 824 473 785 176 135 54 100 310 843 115 49 319 865 29 255 456 236 827 206 404 658 376 677 573 317 521 323 722 301
726 68 478 730 329 257 990 956 902 514 355 165 991 2 599 706 171 463 177 931 162 318 604 591 930 156 57 373 229 648 818 304 667 535 474 271 802 548 601 108
621 513 832 101 616 433 4 821 460 826 145 255 236 44 112 929 246 423 38 652 623 630 585 264 141 90 254 66 848 306 264 606 736 441 401 236 236 989 514 481
734 578 28 820 474 165 649 928 388 868 886 335 471 188 823 181 814 602 562 294 380 151 688 951 804 50 797 964 960 759 146 287 474 162 453 485 764 411 816 742
134 484 589 634 291 12 149 850 377 733 517 242 584 626 49 83 964 998 29 130 641 475 198 620 174 703 166 383 474 611 105 331 694 61 355 555 75 906 273 540
775 355 193 341 449 940 599 813 774 628 862 778 11 16 183 315 575 65 988 794 901 948 186 169 788 271 816 465 122 794 631 185 123 45 687 529 353 406 389 467
830 709 606 540 632 306 985 793 37 221 733 353 90 191 294 487 34 70 162 360 843 545 130 416 193 812 67 618 172 709 374 86 740 460 196 718 358 716 532 474
366 282 537 782 216 551 48 462 815 529 97 985 472 780 883 308 816 959 697 583 595 129 112 195 679 544 114 361 484 487 969 92 896 249 164 204 440 201 544 879
9753