40
7
460 88 762 566 48 956 194 92 570 310 837 97 768 50 8 667 155 46 267 739 323 320 570 873 381 950 204 917 340 417 213 569 414 438 22 15 253 203 630 475
468 656 736 888 631 540 759 534 476 537 617 821 215 343 937 234 731 981 851 305 172 218 337 811 276 203 60 770 778 19 585 937 359 932 117 836 987 39 219 645
606 384 930 235 402 458 90 327 144 979 738 968 881 845 785 218 101 573 867 517 258 196 6 237 747 193 894 885 785 150 652 760 109 934 73 529 830 697 678 938
257 854 1 834 474 963 894 560 421 530 628 783 113 743 790 120 340 694 521 277 554 92 605 378 419 370 471 4 418 751 725 1000 395 813 495 676 16 666 421 378
782 959 80 328 117 918 777 822 686 861 578 705 475 901 171 464 302 567 521 580 592 945 533 804 786 81 878 430 622 917 43 975 677 361 866 188 53 179 7 711
175 907 435 981 232 163 127 106 363 321 749 909 265 969 35 393 387 909 895 183 908 936 830 784 368 975 389 167 489 433 177 563 766 808 716 186 41 343 66 594
975 77 849 797 202 407 913 261 946 184 527 977 340 8 775 78 95 393 699 431 877 933 460 928 529 699 686 819 285 309 676 455 584 817 436 86 900 102 735 90
204 441 369 884 358 405 675 714 427 115 929 579 557 530 525 701 892 206 647 356 393 93 228 146 509 417 422 643 856 785 25 914 523 833 178 346 249 951 924 506
10228