40
7
378 725 212 99 104 817 303 507 258 202 315 563 955 38 349 300 796 408 137 453 794 137 258 443 381 291 864 480 395 669 559 288 204 666 382 308 608 671 188 169
314 654 314 900 780 36 344 304 794 640 435 414 705 453 345 884 999 665 549 222 51 426 588 110 129 176 692 645 896 806 9 421 17 374 926 951 162 879 514 747
573 955 792 984 656 32 793 718 829 809 572 396 352 244 857 903 107 417 751 892 773 732 119 807 231 253 242 479 702 128 724 515 452 594 696 859 814 782 278 485
354 45 783 224 898 175 126 829 773 678 762 41 42 91 234 657 824 660 754 61 845 733 239 240 75 568 228 445 692 257 61 31 7 992 308 778 295 722 500 267
138 329 263 162 896 623 572 364 841 353 134 879 358 85 420 507 556 667 493 185 465 799 577 338 127 642 547 664 511 888 86 221 700 343 484 999 155 733 643 924
711 659 170 654 874 954 395 652 165 836 664 678 637 609 357 584 751 700 455 383 597 177 46 908 80 778 581 758 274 774 705 660 667 318 89 777 5 162 489 789
125 19 191 510 584 293 458 41 842 294 171 717 468 70 74 698 664 18 566 604 939 27 780 100 63 379 314 62 778 578 523 422 564 405 131 725 358 860 162 990
557 785 500 656 226 398 353 586 535 995 680 747 150 441 612 179 50 521 259 415 194 265 169 847 762 446 605 667 404 325 103 403 499 973 55 435 224 665 374 888
9474