40
7
494 538 60 397 990 557 27 941 143 887 778 495 651 703 356 495 224 856 833 513 722 634 769 298 617 144 978 945 996 840 563 783 309 849 296 23 22 908 888 493
705 509 531 15 672 610 21 868 454 238 385 623 485 121 800 147 238 312 721 383 874 981 828 694 103 450 248 58 271 869 650 304 282 46 700 49 636 282 401 286
42 827 268 473 360 885 833 686 198 404 292 588 334 777 719 288 62 419 269 459 999 68 941 641 405 363 253 156 862 431 959 179 286 121 963 630 488 469 982 373
622 620 976 266 617 215 293 698 333 838 992 52 226 708 295 319 572 855 938 191 73 840 815 561 823 820 315 339 902 380 548 817 599 375 3 870 385 522 168 36
7 144 737 94 200 332 763 188 764 859 122 883 836 487 382 868 676 893 85 868 92 204 299 621 73 880 599 67 130 936 648 315 254 840 584 173 107 791 609 407
131 999 33 573 880 936 377 745 461 60 745 23 849 695 70 148 161 819 861 443 572 880 170 682 899 936 460 857 684 671 847 101 755 598 327 727 209 110 675 428
764 450 52 428 784 411 806 50 815 718 59 897 918 928 963 622 450 597 981 170 60 3 967 326 712 741 652 110 528 183 402 980 958 157 931 133 402 568 357 308
617 884 682 91 927 827 620 87 320 169 376 562 500 641 555 101 497 847 500 186 228 322 136 657 680 320 396 50 735 724 463 178 226 787 467 960 729 138 859 267
9656