40
7
575 675 908 965 928 732 211 522 159 481 420 839 403 37 763 601 871 873 378 932 478 528 345 236 797 888 251 273 23 434 305 5 213 233 865 880 324 722 890 703
162 513 817 700 854 734 714 421 171 142 371 480 927 57 863 259 365 506 571 367 167 28 871 232 107 732 929 355 312 698 229 237 784 177 58 668 743 917 477 75
60 575 8 728 601 460 249 460 882 652 189 723 617 31 695 872 985 785 730 701 961 197 471 399 302 944 422 438 784 845 545 466 279 392 703 308 630 690 326 391
620 301 973 594 426 113 266 956 442 630 734 300 989 978 389 76 918 302 453 506 453 270 462 249 563 971 941 510 870 207 136 910 846 448 890 152 140 456 120 343
623 342 462 268 288 342 787 277 785 881 520 705 508 6 643 314 71 571 21 275 860 826 716 211 696 255 701 631 173 285 644 837 86 40 402 831 567 182 798 104
359 680 340 860 52 950 405 367 959 392 1000 685 624 130 721 274 516 262 131 654 945 448 939 199 715 152 963 999 647 173 246 427 142 538 234 653 375 318 898 197
273 946 200 526 441 33 521 88 145 901 644 379 422 81 41 953 312 58 670 932 476 1000 798 518 156 373 456 181 659 76 303 197 966 601 247 965 915 906 530 29
792 133 340 412 821 60 854 352 302 26 783 414 933 733 180 483 308 138 495 7 72 550 779 917 38 401 609 151 17 769 612 160 892 105 226 239 897 844 184 822
8925