40
7
126 190 920 63 142 482 601 838 56 394 576 34 169 301 927 619 94 606 567 966 697 897 523 225 899 21 75 603 372 396 652 754 924 982 755 575 553 739 524 85
972 386 356 62 816 64 434 598 712 519 539 624 868 513 29 756 928 985 954 604 97 290 234 378 428 655 647 284 537 56 973 652 596 464 88 395 16 882 947 561
426 833 796 215 702 550 682 238 417 49 372 41 317 766 4 283 551 897 829 172 528 548 339 838 827 563 35 418 223 503 205 340 437 58 2 181 7 607 398 991
127 694 366 790 259 423 613 294 530 123 180 183 652 662 616 227 597 299 874 537 406 150 884 562 256 13 863 74 423 752 628 191 701 929 706 765 861 158 333 628
511 579 463 945 999 155 429 524 795 580 687 438 460 465 927 662 422 589 83 503 26 435 322 165 341 260 532 167 622 818 15 905 254 864 415 864 582 252 477 234
190 459 368 821 830 506 176 181 248 465 624 916 967 958 640 473 525 180 604 376 537 609 679 915 367 218 185 258 278 480 329 884 328 872 717 868 370 281 574 339
56 621 906 744 705 465 846 478 376 450 983 575 509 614 803 881 977 835 644 608 213 734 840 721 360 889 142 140 757 853 113 422 601 162 973 908 431 743 910 27
277 601 103 835 712 767 393 211 157 305 223 328 688 618 556 299 869 854 552 241 659 240 699 402 143 583 826 768 422 826 724 451 452 265 994 306 223 25 326 766
9845