40
7
776 121 907 773 794 417 222 705 818 57 320 910 828 811 964 192 390 265 166 361 648 897 254 780 951 357 532 993 853 664 623 773 753 304 816 108 298 358 617 595
553 74 847 889 899 144 712 652 247 109 901 112 151 137 908 688 106 305 284 379 560 434 895 195 509 756 872 914 377 191 577 327 315 370 995 857 822 660 4 432
979 180 906 779 962 8 318 647 420 631 795 858 571 832 106 435 388 426 941 279 131 786 934 847 666 363 487 622 187 238 575 830 638 608 542 537 273 299 394 282
918 32 410 271 218 884 253 371 373 384 199 710 666 675 855 307 476 655 841 427 854 389 818 334 695 762 638 741 727 695 743 213 39 249 489 895 815 612 935 103
136 408 675 168 851 951 153 131 962 463 279 958 900 260 619 560 763 548 255 819 495 681 148 801 127 569 30 228 39 293 904 412 340 469 46 58 182 906 369 914
546 919 790 782 212 325 398 231 880 605 451 21 972 103 886 290 810 68 80 11 627 281 955 227 637 664 249 272 616 421 446 686 227 15 991 233 957 15 441 172
273 342 752 901 395 315 31 390 280 558 17 409 596 500 929 607 132 788 284 595 938 47 351 50 272 764 706 437 843 566 523 517 596 128 506 507 661 833 920 599
261 19 307 436 457 325 470 869 644 974 833 552 713 144 870 751 377 678 365 941 556 598 955 766 166 76 927 772 56 688 584 575 163 690 259 743 852 881 921 654
11434