40
7
773 949 909 107 696 551 476 952 310 800 284 87 899 647 77 420 25 839 69 334 464 360 799 961 486 901 811 980 718 885 306 377 975 774 561 629 552 801 668 761
773 602 343 34 38 845 115 995 329 338 23 85 162 80 72 99 8 100 435 11 782 685 158 219 446 748 564 253 287 937 654 475 408 149 156 772 214 578 643 941
172 452 588 53 858 953 565 213 818 262 512 781 183 560 723 942 163 171 142 237 27 360 633 411 35 569 596 427 606 938 805 97 202 984 665 748 734 116 954 192
335 59 940 713 964 772 560 71 328 731 782 299 932 298 396 578 505 575 579 944 623 390 613 929 676 595 416 141 200 829 449 515 950 990 630 821 238 306 12 423
350 578 569 45 242 650 310 585 825 848 32 437 773 507 971 140 850 245 454 645 518 586 284 823 649 48 970 853 232 85 922 807 698 103 17 851 330 830 18 876
909 569 31 606 777 180 812 845 740 537 508 229 440 320 278 581 527 367 831 752 990 50 278 928 59 806 971 166 881 143 121 931 85 239 643 323 662 132 827 449
190 622 349 554 406 869 781 755 173 805 485 450 997 943 708 547 757 976 209 974 915 770 224 472 626 19 635 314 962 925 208 535 813 699 126 314 510 30 770 524
150 579 917 507 732 793 222 613 313 313 426 710 72 59 14 42 1000 789 865 277 849 332 873 958 176 45 614 327 905 592 330 219 570 950 222 771 400 957 296 390
10085