40
7
715 415 573 988 440 570 725 687 379 454 48 881 417 333 548 794 482 844 175 246 531 267 172 159 68 836 876 50 282 962 522 678 245 114 754 458 168 30 175 85
847 103 223 21 359 597 784 263 123 123 890 267 449 375 707 390 870 339 189 324 213 63 344 962 557 188 953 539 929 212 361 464 931 387 520 246 596 77 384 737
462 777 658 130 697 306 136 671 374 517 41 235 306 407 384 419 10 828 701 128 303 416 120 434 344 139 980 140 502 783 236 494 714 42 226 637 706 764 252 306
681 211 651 971 738 599 557 525 144 730 134 53 762 367 756 164 458 246 826 287 933 447 980 280 478 489 955 727 280 244 318 735 259 629 968 564 382 166 758 898
265 564 392 66 885 252 666 132 736 335 649 437 959 893 704 795 67 657 899 664 282 602 433 724 741 224 616 575 798 492 751 808 340 200 855 11 918 281 922 843
669 877 109 895 786 939 821 675 643 813 150 670 354 970 47 654 6 562 656 277 419 168 493 350 930 670 12 339 52 872 581 483 468 159 312 932 862 473 881 959
411 118 322 313 337 895 117 795 871 121 277 338 53 37 163 122 233 108 774 514 803 350 500 301 475 545 112 130 263 936 900 396 637 615 564 532 680 90 416 782
588 766 372 110 48 856 552 107 929 783 952 60 453 970 274 492 368 599 157 157 672 516 774 274 89 135 665 752 928 699 826 987 365 305 912 633 920 74 71 1000
10595