40
7
632 972 820 868 916 103 619 901 462 952 397 779 527 278 287 907 842 804 354 964 549 939 517 622 816 384 136 11 233 407 850 779 568 68 486 62 129 593 950 216
907 505 574 401 665 509 455 333 812 448 501 527 191 853 15 777 619 253 744 522 157 717 220 944 705 195 574 64 535 86 454 392 845 646 826 533 182 319 210 588
745 463 3 420 58 691 97 228 158 602 848 347 148 868 107 884 32 987 587 37 383 904 319 834 559 853 645 784 820 785 458 528 293 943 825 541 174 706 692 786
335 173 558 14 211 259 870 717 216 178 632 676 1 726 1000 139 729 583 509 560 167 727 165 277 376 726 392 145 557 435 606 563 840 920 96 847 613 927 656 511
414 408 59 49 795 312 695 110 35 245 543 349 890 31 351 494 472 361 626 791 228 659 512 293 853 380 797 867 100 389 240 807 17 385 448 215 712 397 553 364
167 997 174 680 628 968 94 613 487 80 163 501 902 363 152 739 414 280 899 458 133 683 215 658 895 120 957 197 361 966 27 577 654 463 134 443 20 63 309 677
498 453 980 681 625 507 181 990 272 152 878 568 972 828 413 104 167 310 164 945 985 417 46 476 661 439 486 355 999 589 27 160 998 804 886 558 989 684 753 107
406 358 62 992 959 236 826 765 504 623 322 887 408 944 447 116 759 608 349 850 580 464 431 915 713 895 800 561 1000 984 651 305 496 195 873 629 880 166 651 632
12121