40
7
709 221 892 855 605 409 584 84 855 360 293 883 437 850 744 363 546 927 244 749 982 604 128 452 157 687 10 52 717 771 122 46 379 685 670 330 865 364 102 774
488 617 828 25 127 890 290 979 427 689 189 469 724 773 528 207 838 575 392 592 569 958 830 685 924 386 619 265 552 953 98 404 990 627 708 963 932 196 990 546
279 266 789 209 700 373 80 172 389 677 116 12 104 169 411 674 401 175 628 113 316 141 508 497 953 59 398 273 671 16 812 617 178 869 552 553 353 819 139 176
278 662 844 163 744 494 259 600 660 613 998 267 452 73 132 227 827 311 939 222 118 926 466 828 400 996 786 42 5 79 546 714 100 376 391 628 836 497 295 310
557 24 545 12 275 303 18 612 96 520 585 980 408 381 955 971 82 614 820 388 146 788 72 871 557 693 87 414 94 441 983 668 283 169 399 926 531 162 708 954
571 561 463 150 787 362 645 908 4 479 776 451 765 336 586 652 271 830 551 630 223 990 496 110 790 136 329 230 677 526 502 366 81 969 702 423 358 881 935 579
964 372 461 717 635 224 472 536 15 43 781 52 554 921 219 493 890 84 843 935 640 785 81 388 405 53 933 124 896 984 683 217 973 780 327 763 922 168 262 206
605 820 327 563 62 504 175 968 500 322 682 813 231 174 777 465 100 652 290 567 648 113 22 974 47 380 217 347 388 216 656 623 128 537 436 406 389 638 612 785
9080