40
7
749 223 779 640 955 851 187 663 729 942 138 578 223 673 922 901 775 488 960 135 91 473 246 101 816 24 429 886 49 882 105 359 833 936 921 787 754 783 690 439
357 823 444 252 875 112 177 127 713 54 52 754 163 257 370 213 737 250 784 822 369 304 967 984 7 954 935 973 578 56 499 572 305 207 525 21 809 265 157 904
501 230 741 48 344 498 563 488 602 498 867 174 685 145 762 476 656 36 386 865 617 663 14 136 884 950 894 870 390 688 30 753 541 523 297 136 480 611 74 402
550 597 806 729 233 176 820 586 759 146 428 427 469 553 283 567 466 106 805 121 397 721 301 499 9 349 18 180 555 201 118 581 535 564 532 501 536 406 849 199
392 832 307 993 826 549 555 497 342 160 486 115 581 151 296 304 143 261 15 125 45 184 473 22 519 878 716 999 297 995 887 996 413 800 382 676 435 52 110 250
675 940 108 272 992 990 597 643 655 355 325 776 945 229 910 958 105 86 83 85 334 681 328 550 431 68 76 803 207 945 957 126 726 598 258 547 421 747 220 587
713 699 512 689 668 240 202 418 185 43 20 6 647 297 474 973 282 3 5 975 11 674 612 132 216 907 784 349 118 678 968 57 798 335 600 756 367 192 738 215
65 284 817 417 873 105 618 566 791 412 132 500 580 867 538 232 663 912 105 187 63 762 86 85 271 746 343 180 576 826 887 397 715 837 418 928 669 473 612 892
10215