40
7
243 876 557 872 202 958 3 328 129 323 683 361 806 835 314 567 282 233 999 435 917 783 822 931 375 798 753 775 614 882 407 751 959 700 358 601 257 977 489 72
869 426 91 296 681 973 715 172 247 353 733 701 921 860 154 275 344 384 406 528 295 321 402 204 509 82 496 853 416 677 547 556 643 170 276 681 187 747 120 835
370 212 263 801 663 721 330 229 619 922 145 582 18 50 38 944 48 743 378 866 967 131 128 393 783 33 698 97 250 434 650 721 187 952 267 354 954 897 684 236
496 178 958 195 987 424 904 223 13 175 440 161 749 891 625 459 412 606 128 468 486 449 407 767 642 297 197 144 615 381 16 248 294 155 827 689 494 12 115 826
197 613 681 59 160 352 600 196 884 313 533 888 369 49 8 997 212 289 928 290 873 255 542 915 556 1000 13 547 418 55 781 355 81 282 108 10 3 533 464 681
9 183 587 39 207 911 402 650 407 823 304 153 403 298 418 213 874 480 697 921 198 664 400 245 737 898 211 515 615 978 754 702 572 4 70 869 355 431 64 511
578 241 86 816 614 629 691 796 281 862 130 173 232 252 980 985 100 540 340 337 137 932 90 40 272 207 458 466 608 219 715 254 975 466 953 445 39 194 467 268
936 345 545 297 170 559 611 542 289 220 193 113 478 333 140 782 595 580 395 262 194 290 691 330 415 289 862 474 431 725 53 796 997 483 948 595 808 750 416 605
9769