40
7
806 181 68 397 463 395 502 411 371 979 438 957 199 183 545 333 103 278 736 458 244 544 662 181 682 864 782 571 808 951 602 608 558 46 309 302 319 315 75 445
5 183 305 919 752 533 577 720 476 833 976 252 471 738 971 922 932 762 389 55 205 646 795 92 805 94 621 109 696 21 37 689 349 71 496 214 532 575 139 94
48 22 258 984 914 116 665 204 791 385 925 390 833 490 543 702 561 222 704 523 611 582 690 912 806 856 349 624 739 12 370 668 309 13 417 607 864 926 190 184
704 52 511 671 382 583 18 896 542 487 624 677 87 940 84 841 986 863 655 822 988 367 129 874 325 860 47 41 131 480 818 275 29 257 602 805 435 525 944 297
411 573 88 466 929 694 369 757 779 447 891 691 201 723 537 411 584 886 154 352 18 982 149 418 749 842 47 375 762 198 720 415 283 464 707 216 460 927 522 565
463 22 520 152 61 728 861 29 360 422 123 823 118 674 976 312 131 316 389 16 519 473 21 152 633 722 246 537 420 202 816 602 102 538 526 274 821 863 432 542
907 639 301 848 733 822 758 124 602 860 543 737 95 123 372 59 244 940 212 829 744 726 285 797 819 999 216 936 312 143 953 746 228 935 568 651 44 516 252 433
974 696 529 442 213 326 517 635 396 757 397 153 89 773 410 295 299 278 536 39 803 111 764 772 675 906 509 379 711 299 638 382 363 545 606 935 737 328 40 757
10007