40
7
205 253 162 127 569 989 40 972 24 24 200 201 898 470 953 136 953 532 170 400 651 581 38 139 970 681 57 576 330 498 458 346 521 8 735 419 258 992 141 471
912 113 818 364 620 543 907 607 728 35 418 238 204 785 495 988 992 389 87 107 116 58 652 407 857 582 796 385 918 813 808 621 214 201 7 864 377 349 890 714
675 55 758 718 764 39 391 364 782 711 900 570 525 631 431 690 263 329 293 413 565 553 312 151 386 386 529 324 718 662 207 601 970 410 249 788 180 249 646 99
601 338 440 202 255 269 227 152 155 170 390 856 825 99 515 960 998 553 633 836 861 494 582 340 766 429 442 550 9 663 654 234 436 222 172 815 329 65 145 103
840 57 725 908 730 354 440 301 333 166 429 492 993 442 162 895 254 929 442 778 254 745 824 773 904 348 259 590 226 133 280 152 876 671 288 918 791 517 130 210
45 768 459 554 729 831 800 260 971 980 276 324 624 482 785 259 317 793 59 121 550 937 576 962 278 515 702 349 857 740 353 816 695 266 960 837 25 589 655 565
978 773 98 880 175 959 732 717 896 85 906 903 410 59 773 592 315 126 521 85 440 884 861 783 609 161 314 300 820 237 761 211 761 119 41 862 201 417 135 15
685 935 561 117 244 856 574 496 629 495 605 946 178 423 284 746 824 893 767 201 500 702 289 856 951 556 457 988 541 490 106 556 56 832 836 726 132 294 969 200
11248