40
7
500 937 311 778 556 655 533 126 295 121 258 226 107 732 11 606 210 853 810 101 439 851 751 962 525 683 895 600 669 10 116 659 549 414 981 412 860 904 825 863
334 713 94 228 108 600 598 477 98 142 250 434 115 491 428 93 877 313 110 10 774 364 721 548 611 199 501 751 981 373 25 18 884 539 363 332 847 727 75 71
365 697 354 759 915 211 963 885 314 730 687 123 579 41 366 119 328 713 714 617 55 75 717 841 784 564 332 547 77 448 158 393 105 740 580 228 924 520 2 219
417 505 240 658 411 818 435 68 378 101 808 53 390 791 974 614 731 493 65 391 623 454 474 68 496 397 495 645 243 273 761 631 912 836 876 99 496 741 757 316
110 533 369 46 622 800 186 352 687 179 543 823 206 652 624 135 325 19 488 727 541 434 45 647 273 999 280 336 456 267 353 63 787 921 426 589 922 112 543 404
497 812 597 673 147 305 149 59 223 843 155 259 697 869 115 50 838 827 59 160 50 672 104 179 419 355 288 275 959 757 38 465 425 859 638 629 650 87 526 955
561 547 157 669 721 922 477 353 693 281 291 692 591 474 850 870 839 293 825 498 206 721 316 846 247 402 130 932 490 538 837 413 855 970 46 378 148 294 466 302
872 801 762 49 976 950 798 268 177 705 738 945 695 37 64 11 36 895 964 974 710 277 688 831 896 915 568 983 812 117 648 395 678 157 914 677 445 240 810 145
11812