40
7
59 581 629 747 952 35 297 705 905 924 201 328 912 291 538 941 677 831 395 442 63 369 95 106 130 893 242 441 398 871 36 925 318 580 543 24 899 235 180 363
986 202 540 804 543 340 232 728 33 506 41 851 181 914 665 944 225 595 788 688 373 497 735 120 743 906 316 885 878 953 291 85 971 504 278 551 267 64 972 208
705 565 573 794 411 577 391 7 812 743 51 482 620 178 805 959 187 512 659 794 133 242 878 405 493 293 34 4 181 936 976 878 9 942 439 17 420 237 826 441
886 624 484 505 10 990 886 240 452 57 974 156 918 852 959 258 218 763 111 355 765 164 449 584 542 291 737 669 411 1000 43 884 165 610 751 285 181 675 461 625
718 346 973 506 13 463 752 130 447 800 529 199 452 154 28 466 418 144 606 222 696 164 80 288 204 266 313 109 886 405 926 548 821 511 840 758 682 31 987 154
11 483 14 373 771 22 730 981 24 268 523 267 642 445 656 209 951 751 62 429 263 158 640 508 7 384 736 710 153 791 968 496 972 529 456 706 558 657 776 412
266 876 990 581 201 972 236 69 275 520 932 721 665 789 977 547 141 775 952 692 491 862 26 269 427 333 904 400 269 363 308 824 215 962 366 204 533 86 150 641
659 217 990 560 707 426 173 569 891 30 199 429 298 439 423 151 735 33 935 376 429 699 939 739 300 213 565 84 251 989 883 882 357 246 420 975 227 910 549 247
10072