40
7
540 571 314 778 342 999 909 9 608 621 584 33 746 906 802 707 344 510 872 405 510 961 886 732 125 987 994 743 806 884 841 512 731 286 666 405 855 562 986 917
409 792 621 8 351 371 324 185 912 509 440 260 696 362 299 962 341 788 73 323 527 570 159 777 781 172 749 971 174 644 223 805 180 494 812 347 640 441 783 614
194 961 527 518 730 793 812 956 356 398 768 332 577 293 285 915 806 558 367 726 895 796 277 933 593 44 47 705 729 269 67 608 68 38 16 557 934 569 247 720
472 199 425 933 846 316 765 232 50 275 819 207 393 955 476 67 768 410 903 478 923 520 849 730 790 249 760 273 713 771 517 89 795 458 907 448 460 224 920 244
367 87 494 570 810 500 964 94 755 95 656 254 731 890 476 949 416 638 179 471 995 628 394 31 536 818 306 912 794 56 741 202 527 464 579 692 495 476 128 807
215 370 417 412 409 450 830 430 842 461 508 524 731 647 193 52 23 632 523 539 141 468 150 530 491 327 191 74 999 108 385 365 557 509 414 935 483 473 652 619
137 966 910 198 342 304 442 285 631 273 689 762 607 548 52 386 552 735 217 613 62 837 832 927 808 224 156 471 105 163 128 961 505 331 745 67 219 346 553 689
142 388 507 788 166 689 233 493 420 97 866 507 456 144 440 135 708 104 822 918 57 162 602 986 634 438 595 162 680 322 555 670 581 179 93 988 21 731 463 245
9094