40
7
468 136 901 95 942 194 75 395 433 864 61 750 445 622 928 50 755 943 145 636 991 550 798 220 518 189 766 636 473 328 860 839 671 486 598 455 305 909 521 493
495 148 594 975 236 613 649 272 282 355 476 421 675 494 468 955 433 946 619 845 183 945 860 744 102 492 153 756 181 87 401 412 427 66 650 336 516 403 630 810
880 704 946 152 869 789 632 659 836 326 513 828 314 712 330 185 702 633 837 293 78 943 802 286 877 568 987 365 897 686 394 444 875 359 555 50 173 833 994 894
422 261 288 905 329 671 95 320 75 136 564 498 934 953 554 390 532 42 225 605 442 276 385 957 404 440 852 436 560 922 160 748 398 919 545 954 67 839 24 971
908 618 566 692 588 255 38 768 301 273 782 739 734 444 20 822 220 381 234 492 834 780 358 348 966 423 908 384 601 45 711 214 251 150 353 635 894 382 507 400
883 876 378 345 817 254 233 116 3 260 536 78 206 513 642 966 524 753 253 674 553 882 987 985 995 205 301 145 947 558 178 254 894 629 361 91 822 273 961 313
626 266 988 117 90 368 788 225 308 300 649 854 380 574 606 828 226 780 447 394 103 832 105 281 976 523 7 872 305 622 862 6 690 327 991 235 969 475 976 917
507 213 849 292 90 887 858 732 229 297 527 156 572 219 635 20 67 772 641 321 69 887 590 381 573 769 969 823 644 492 674 632 719 869 384 407 599 577 468 372
10391