40
7
712 100 660 568 363 353 624 454 941 869 681 362 454 251 333 131 325 756 248 532 629 527 663 250 772 944 113 215 101 247 829 97 905 388 297 572 267 480 552 544
763 76 270 612 894 214 337 447 222 329 161 919 623 622 619 771 503 835 509 498 23 457 743 446 124 774 190 146 325 734 694 777 375 206 212 28 33 359 82 332
789 328 782 599 970 430 92 517 602 438 84 626 143 831 188 718 811 852 39 193 965 588 188 406 896 598 398 69 938 385 671 429 475 59 876 578 600 643 94 725
868 631 791 957 325 659 922 257 691 787 845 160 418 249 629 465 852 645 6 976 377 687 766 196 213 598 185 881 151 142 233 1000 776 846 151 198 498 648 854 466
740 558 889 779 809 879 16 524 524 492 298 147 820 994 348 670 84 77 371 59 701 648 578 227 616 478 226 455 814 941 773 81 200 325 50 414 17 30 423 284
968 310 375 717 778 459 144 942 425 448 69 913 847 949 786 126 273 769 979 550 554 760 579 963 997 478 638 803 378 360 547 837 304 485 971 986 216 290 118 281
980 867 945 2 889 759 623 137 654 571 863 807 962 116 378 246 867 361 962 109 374 733 54 352 75 162 298 759 259 617 148 781 812 163 333 177 923 561 560 156
90 335 293 727 976 308 707 3 250 14 239 255 25 558 554 154 336 240 259 209 710 81 779 401 882 165 330 252 137 961 515 329 272 95 23 436 506 882 290 390
7484