40
7
913 310 564 261 836 983 313 18 367 316 958 606 957 624 564 45 108 670 938 861 221 431 390 51 167 50 69 772 848 689 622 840 745 774 53 918 586 160 864 413
150 788 398 320 509 241 571 40 61 108 337 640 783 195 660 236 678 336 450 916 774 130 324 812 564 956 103 399 165 185 593 198 851 467 209 425 414 389 987 29
528 253 26 543 689 996 630 98 781 792 717 487 874 963 364 731 879 319 621 31 152 868 117 136 988 744 849 660 878 258 146 161 225 698 940 35 430 852 252 601
630 609 8 56 921 343 809 717 549 814 600 173 244 584 755 701 340 429 903 708 957 789 795 327 665 678 867 779 71 428 330 963 106 448 804 976 271 995 835 856
709 679 101 530 918 381 986 781 676 718 655 14 949 41 28 636 752 759 620 607 131 277 429 938 695 880 88 740 715 395 612 857 717 352 950 198 79 10 989 596
856 353 341 62 871 806 517 464 678 729 229 796 309 775 194 960 230 793 322 264 579 699 187 3 772 701 52 82 529 604 725 609 140 527 990 16 697 221 427 214
849 992 220 700 819 108 590 559 282 173 836 758 500 976 302 784 291 205 979 570 371 402 436 655 102 870 968 231 119 635 224 735 628 93 738 889 86 477 393 408
984 419 676 953 344 829 596 403 858 401 36 84 871 326 314 884 953 516 583 742 577 253 963 897 289 753 116 413 253 451 152 459 710 728 789 438 717 904 599 171
11202