40
7
87 875 302 429 419 197 660 801 889 959 440 425 684 122 856 426 947 631 642 211 202 343 81 722 354 467 187 38 879 986 171 666 641 613 49 649 744 396 690 555
9 771 834 111 387 362 474 24 708 697 336 693 421 868 18 674 239 208 425 640 749 231 733 898 806 964 446 520 400 51 57 363 908 63 512 184 8 175 167 424
398 718 820 31 138 830 803 648 742 750 958 304 190 814 986 295 525 232 584 972 610 965 147 632 421 324 713 52 645 99 101 796 232 157 159 6 960 201 152 351
716 41 780 199 329 449 547 228 861 749 743 513 515 881 519 681 634 734 681 356 207 230 473 467 703 12 728 13 176 786 813 222 492 577 866 292 472 110 588 97
812 435 864 710 928 907 986 397 379 84 665 113 917 7 661 828 829 854 949 157 538 138 594 400 462 645 290 938 45 443 235 369 234 471 932 882 776 922 358 266
57 485 806 989 513 795 54 578 624 801 344 543 743 146 321 764 356 355 116 35 558 455 706 232 484 694 634 894 243 938 169 671 505 701 184 461 281 183 116 663
372 2 367 738 824 754 611 466 191 528 998 679 528 144 442 889 723 781 469 261 936 323 597 539 407 916 286 612 49 189 625 993 375 635 324 609 784 754 106 709
751 603 109 821 139 139 512 330 977 325 319 663 476 857 857 316 176 85 517 96 509 80 385 534 901 146 374 824 397 130 927 718 108 208 327 408 877 654 620 127
9161