40
7
138 530 502 176 596 850 779 864 964 45 442 435 144 180 931 466 973 422 138 385 659 787 559 898 105 12 21 449 674 672 131 320 3 870 393 363 42 53 133 779
466 690 655 758 322 742 592 13 977 604 533 549 154 590 811 900 795 477 552 908 14 141 377 63 346 312 427 905 379 804 928 912 816 213 480 811 735 426 809 719
203 373 506 360 911 619 599 423 237 583 187 334 301 576 405 728 821 695 455 179 38 262 620 69 743 841 585 901 868 898 111 251 27 579 59 372 12 898 610 478
990 152 243 309 520 558 397 741 734 164 369 908 368 23 418 962 248 480 166 269 815 274 181 60 758 465 824 767 793 71 289 334 549 579 439 585 972 569 973 205
291 282 66 409 158 368 283 651 681 964 67 80 877 52 461 107 30 469 446 801 46 617 175 382 176 922 86 212 460 543 347 647 800 265 852 514 763 90 902 973
360 706 137 150 538 711 164 478 970 415 273 97 675 643 233 939 473 64 650 901 152 90 878 163 802 510 689 189 384 210 702 303 162 607 85 428 47 151 606 350
387 867 46 209 365 13 931 274 435 261 583 345 342 559 120 103 793 88 519 834 430 747 821 362 175 822 558 29 606 619 320 737 781 997 921 664 606 70 361 925
654 294 691 153 257 416 842 709 234 105 799 866 724 603 289 469 818 203 407 944 857 529 954 426 240 897 267 216 834 841 492 467 194 263 855 633 421 515 968 242
10794