40
7
793 908 358 179 49 536 377 14 464 740 292 297 105 641 17 218 367 793 645 655 232 931 149 18 277 246 833 514 129 476 660 135 407 247 772 150 776 640 59 561
466 933 568 100 422 107 843 960 263 881 84 240 644 137 266 316 986 287 41 77 910 624 422 779 918 255 351 284 772 28 276 853 285 331 689 446 5 1000 123 625
500 552 411 392 116 989 369 186 560 636 94 623 102 121 663 493 18 803 179 711 693 638 674 947 99 717 72 665 708 14 255 651 366 453 845 706 622 727 339 391
452 135 679 60 679 80 686 760 776 42 487 526 821 46 469 943 693 888 328 437 923 775 69 915 19 322 891 50 103 215 618 97 227 1000 693 342 538 687 561 595
380 585 100 776 923 947 667 413 387 763 471 60 990 857 215 79 96 463 910 877 450 968 276 67 700 378 715 378 66 44 810 105 392 569 553 975 802 135 540 596
537 292 689 971 859 460 250 474 552 354 490 774 14 631 277 310 502 17 230 49 707 92 1 102 620 541 1000 738 36 984 679 201 69 101 653 704 751 842 679 970
529 632 727 343 622 132 108 963 615 116 113 707 123 103 133 637 694 578 652 437 239 191 928 512 944 403 10 567 509 932 517 15 965 288 425 226 149 360 148 337
559 47 898 786 507 193 51 364 945 574 507 168 964 516 192 254 811 979 613 621 960 908 914 326 158 930 228 158 612 123 283 929 419 567 558 174 565 98 880 446
10393