40
7
366 852 275 831 656 221 580 942 129 753 506 951 751 826 818 694 90 229 779 320 106 722 526 256 378 125 485 129 28 918 88 10 730 453 628 344 236 399 968 822
584 596 387 74 818 2 692 34 925 358 102 268 658 766 404 227 481 931 999 707 639 127 293 192 211 304 683 560 765 533 709 850 885 763 366 780 770 596 992 73
427 401 209 239 801 478 100 654 183 333 539 322 140 525 278 389 774 371 66 384 392 442 985 188 976 220 240 42 93 383 213 843 761 843 910 173 129 924 231 597
226 149 823 221 469 485 80 704 71 655 134 383 147 545 232 910 826 222 276 882 900 723 962 423 881 458 999 534 778 984 316 731 400 761 645 294 562 164 535 875
600 822 358 526 705 629 739 590 3 954 52 233 765 462 636 688 592 226 524 746 289 915 921 985 690 222 905 898 717 860 143 959 963 826 310 973 318 398 626 494
444 512 344 199 879 348 434 162 433 341 738 214 48 181 989 401 851 332 446 627 491 70 707 945 801 431 24 461 873 388 612 598 975 795 660 849 60 818 129 308
742 518 293 914 776 996 195 295 864 30 367 296 121 544 559 959 588 361 942 561 944 799 168 458 493 608 334 46 101 797 800 104 87 771 19 381 444 285 775 457
822 496 951 631 299 103 809 679 849 465 97 510 859 218 904 226 757 159 605 971 263 851 510 562 526 690 887 306 713 158 183 440 80 783 633 994 393 622 866 721
11296