40
7
215 539 738 415 674 691 390 568 780 664 267 34 190 511 362 521 687 297 24 131 51 762 876 40 766 204 801 179 422 960 389 438 73 55 850 658 754 676 874 213
950 45 456 414 115 441 287 821 431 996 449 124 806 831 274 590 394 521 58 659 638 987 478 494 322 710 440 212 765 632 817 155 795 242 782 856 75 449 706 645
659 817 554 912 761 467 623 776 204 803 274 436 938 692 549 961 99 998 977 459 345 281 415 491 408 436 906 124 264 864 177 783 499 551 684 667 443 602 722 747
530 286 561 949 206 859 846 780 266 342 751 170 580 198 136 900 927 463 254 106 156 457 504 537 465 245 770 806 460 18 240 941 486 496 918 22 159 358 602 471
360 477 490 319 167 807 337 259 516 343 190 997 710 235 506 847 307 257 287 597 522 541 113 116 792 544 850 880 706 539 288 543 493 913 331 560 752 867 813 928
565 866 50 803 653 828 633 604 6 341 383 861 103 329 651 822 64 840 171 582 657 648 385 279 369 671 881 498 615 745 92 867 122 550 421 855 874 949 333 534
730 162 531 519 167 247 552 751 901 957 604 747 211 173 598 511 720 593 242 996 960 330 570 87 336 364 797 318 32 154 709 929 862 288 662 258 585 966 787 126
40 736 255 983 73 841 734 107 901 288 147 264 769 743 120 387 126 8 536 450 102 902 604 717 44 438 405 811 603 539 487 220 315 444 80 771 406 207 37 637
8639