40
7
434 796 852 770 747 330 788 288 429 335 760 114 262 805 297 778 256 507 696 340 916 930 491 755 639 45 502 506 211 708 222 657 91 287 273 524 19 853 782 30
73 269 363 819 205 416 521 965 942 635 451 683 497 744 411 73 682 203 655 547 695 614 666 370 151 578 489 278 985 553 989 116 656 975 512 117 843 409 37 627
330 548 698 272 191 32 887 874 517 868 214 212 574 847 19 678 144 547 594 12 793 253 608 764 982 521 782 91 995 645 716 834 275 831 806 619 185 570 887 349
238 277 898 997 962 803 432 809 170 580 475 313 75 945 970 565 88 929 152 874 557 641 893 104 601 542 860 22 141 332 637 482 245 784 398 605 987 194 614 358
905 449 291 999 644 519 194 776 753 298 879 278 813 74 256 821 42 704 18 521 343 866 146 716 730 112 238 115 178 378 898 992 772 760 630 13 237 6 216 121
248 433 698 472 852 802 427 14 785 493 888 494 504 45 14 799 387 369 627 382 486 528 394 306 878 187 432 783 221 569 909 575 204 28 236 364 863 20 299 10
730 345 395 155 807 298 817 356 905 879 249 210 344 970 701 8 996 75 239 526 554 276 978 141 543 485 829 258 639 898 126 329 939 542 425 102 676 352 144 760
146 576 683 792 726 207 146 650 135 268 690 395 715 971 842 404 526 999 76 836 149 902 923 547 285 854 160 294 367 952 74 454 567 384 60 368 695 380 932 970
10550