40
7
114 448 1 692 51 346 661 813 721 722 277 703 593 697 426 361 962 700 661 482 795 218 148 587 306 300 756 190 746 661 855 268 595 499 721 780 164 948 528 413
159 899 11 663 653 12 203 429 792 434 815 529 472 764 629 274 224 221 472 623 55 635 238 315 195 844 435 279 139 697 612 725 904 688 187 361 531 392 300 46
228 964 277 32 918 272 110 24 766 937 162 57 740 464 178 192 795 619 692 581 764 451 93 949 231 120 589 706 73 762 962 875 425 840 782 613 181 487 869 267
604 106 692 165 389 188 753 15 167 606 300 914 188 782 667 680 397 469 250 925 28 255 27 361 364 63 920 962 824 481 636 744 711 277 374 452 530 833 870 873
129 467 546 986 17 443 976 836 696 92 468 301 710 821 756 229 197 738 36 847 899 692 682 892 814 405 541 726 687 249 938 34 771 955 421 789 423 658 247 500
85 790 994 834 88 403 158 39 886 880 208 413 978 440 288 97 727 583 941 331 426 759 269 870 940 753 575 520 880 451 835 462 530 462 843 734 167 974 671 703
201 212 211 176 530 567 926 915 98 165 634 36 112 416 302 913 971 823 908 611 980 489 610 43 303 133 41 539 255 559 469 330 58 903 272 619 787 644 929 412
794 626 581 252 136 976 950 629 648 520 8 227 927 158 407 147 657 89 502 512 497 310 553 360 941 468 258 805 818 800 708 662 218 410 625 832 828 283 565 444
10566