40
7
380 472 465 806 639 6 126 961 435 160 141 971 964 311 803 211 173 248 149 147 924 824 307 932 683 830 69 100 157 265 759 457 477 924 28 78 124 983 468 924
961 124 582 94 871 344 225 295 112 95 5 840 395 219 547 432 957 594 577 789 924 534 356 826 386 496 600 210 761 906 5 219 494 29 307 762 374 396 186 851
871 86 21 761 615 381 146 416 865 313 467 667 973 444 320 78 199 914 908 315 207 147 895 528 814 210 174 890 563 423 103 968 768 790 811 892 229 800 913 996
525 574 14 896 38 536 445 178 562 416 849 253 585 651 19 248 740 636 279 537 465 444 565 8 685 964 687 782 708 627 343 144 24 718 135 40 492 218 452 311
564 813 327 733 108 985 179 166 310 343 5 663 77 554 375 137 902 741 797 569 826 613 901 670 516 775 58 616 902 679 350 121 278 668 533 159 817 43 135 106
596 913 26 524 598 904 582 554 83 816 597 686 935 902 80 931 121 718 390 70 107 118 97 775 761 949 397 733 208 658 725 579 150 646 589 279 986 644 350 982
301 475 30 530 358 372 24 915 40 392 916 561 478 480 127 28 907 32 13 554 261 240 778 470 961 176 487 287 334 652 203 419 153 537 514 718 72 945 932 405
420 588 224 567 192 834 376 409 720 317 832 399 103 75 142 255 36 165 900 440 463 100 418 437 56 83 765 299 951 640 486 175 335 425 696 295 671 195 682 688
8427