40
7
22 183 395 685 236 748 226 101 9 546 83 460 469 445 827 866 318 335 717 506 170 662 843 739 531 80 766 638 260 549 372 234 736 466 357 821 788 708 923 270
227 130 288 99 467 492 756 294 794 775 983 563 46 612 696 602 640 923 30 945 357 235 920 988 846 831 979 953 312 810 706 100 480 996 191 840 524 915 885 465
684 106 819 389 789 191 890 141 855 917 671 682 640 143 973 732 352 874 511 289 952 98 892 549 46 71 594 273 540 561 768 322 89 75 689 890 166 275 493 733
195 88 106 545 999 328 734 107 94 83 556 215 466 620 909 716 157 824 341 778 804 612 752 346 66 784 462 241 382 561 892 378 839 730 379 382 863 369 359 207
796 720 716 814 152 401 960 348 870 713 317 793 199 368 252 662 112 960 289 406 416 850 99 486 288 134 590 542 988 716 539 582 287 740 623 8 33 17 373 605
568 455 90 212 643 236 491 84 406 323 866 702 304 144 575 617 852 699 371 252 910 855 545 307 194 155 740 124 882 857 446 867 904 699 679 58 237 568 596 772
289 295 433 68 752 959 938 536 612 521 36 367 124 179 922 395 927 688 698 732 893 102 692 455 294 232 246 455 711 526 35 364 692 859 267 284 732 632 704 383
933 112 790 994 525 436 240 751 882 590 276 29 741 255 604 370 19 887 719 69 624 49 146 200 732 648 529 705 178 518 83 565 555 480 402 660 894 86 466 386
9564