40
7
813 886 363 249 957 6 494 307 87 32 529 296 887 660 458 553 348 616 953 327 61 944 392 294 605 825 874 414 16 453 2 862 336 422 369 690 343 478 147 864
301 531 822 502 23 764 21 814 320 613 846 529 64 733 759 139 811 775 619 970 690 525 350 321 415 162 885 487 946 454 705 266 147 558 689 86 31 423 93 341
225 648 879 124 979 694 16 540 984 810 672 216 286 525 60 255 361 959 993 181 879 325 553 434 741 314 965 879 376 52 241 918 36 762 665 425 69 964 923 287
626 179 311 673 172 327 907 129 807 86 631 247 999 120 286 367 466 502 841 642 731 265 906 370 29 393 124 890 227 905 401 581 977 381 285 288 456 69 648 522
989 980 700 872 360 523 776 490 490 231 599 55 427 829 880 396 328 631 605 985 993 136 883 301 143 78 115 328 91 373 350 758 922 903 367 651 774 806 872 816
674 5 934 196 449 909 646 713 370 925 167 94 63 456 708 448 535 366 51 571 853 658 609 789 913 940 739 830 608 691 866 891 62 549 257 884 399 187 956 670
80 201 440 226 675 821 458 677 60 9 116 247 303 415 768 368 993 720 703 951 255 461 623 809 217 720 776 905 325 671 341 367 307 767 311 72 221 607 868 981
584 639 480 284 858 319 285 986 480 823 654 967 530 357 683 723 938 284 555 856 160 599 131 155 378 574 547 800 602 158 238 146 750 638 127 575 525 268 668 224
10274