40
7
483 623 846 817 81 457 453 470 770 920 825 236 286 562 414 42 964 847 203 682 183 520 862 854 647 247 79 825 231 657 996 463 848 29 28 168 61 752 691 418
955 626 921 100 765 293 197 120 917 705 351 285 78 117 509 580 906 107 990 346 664 885 629 926 878 683 374 508 681 824 443 518 909 174 147 187 781 393 378 401
554 785 574 266 665 625 844 960 963 98 909 613 720 508 808 414 809 247 136 505 373 17 843 88 615 867 420 710 59 224 99 149 402 131 207 396 781 377 41 178
984 17 873 991 766 950 906 316 877 381 266 963 576 233 817 645 495 382 659 756 335 118 970 401 691 839 61 982 522 16 736 686 953 514 838 235 155 144 33 368
907 131 200 853 473 947 605 296 482 843 261 184 819 368 651 980 456 27 452 325 788 12 374 909 217 721 981 587 199 211 909 745 749 745 931 255 715 261 523 828
88 692 474 821 557 199 971 836 925 248 959 701 779 600 252 943 285 191 944 975 570 498 375 509 651 732 643 151 313 134 164 792 464 714 131 354 129 84 917 629
885 265 830 472 240 576 675 992 767 637 446 135 256 773 798 65 752 246 762 538 676 798 552 63 316 515 38 713 462 581 81 273 807 693 760 442 909 985 440 777
89 89 715 885 629 864 379 52 863 509 554 400 756 72 357 643 456 988 812 715 454 689 563 408 695 375 540 251 454 407 649 748 410 817 169 431 112 50 402 558
10005