40
7
200 626 791 825 794 476 274 726 187 735 694 721 133 58 765 65 565 273 203 697 371 621 335 54 674 217 508 146 152 715 269 87 788 771 995 518 723 200 96 383
865 687 438 661 630 626 910 377 997 919 210 780 712 843 691 491 110 292 836 496 571 212 921 327 219 359 663 682 287 922 656 860 946 434 507 34 506 629 834 751
628 876 864 675 304 98 483 811 725 712 313 283 596 805 715 915 363 659 104 131 622 341 45 352 401 722 283 913 854 654 984 912 465 439 123 855 160 796 116 376
807 31 443 60 46 291 723 151 310 29 868 863 982 706 103 986 627 848 860 131 751 401 896 630 551 343 487 55 94 699 509 526 523 820 645 966 39 172 331 71
965 610 681 832 736 901 666 672 681 466 289 917 166 734 138 366 533 165 927 73 342 743 607 162 7 552 1 220 980 495 893 807 686 983 340 896 303 7 930 279
536 888 228 386 86 944 796 28 821 50 163 111 559 983 343 788 931 684 46 576 897 166 189 502 177 12 699 896 425 362 232 92 753 504 83 153 507 122 755 457
925 186 75 661 935 840 672 66 47 448 529 280 923 670 262 555 645 695 658 672 758 638 199 242 696 175 924 291 905 762 268 11 927 553 63 291 405 879 4 978
332 884 626 106 90 638 398 617 545 673 476 195 953 187 363 399 783 783 406 475 952 555 818 517 765 426 726 221 289 373 292 271 6 340 252 737 959 272 59 248
9504