40
7
827 740 476 412 592 112 311 725 542 569 954 904 900 812 168 150 175 933 119 947 890 281 690 85 805 975 592 1000 364 730 596 548 310 926 667 193 787 770 889 95
179 608 829 26 390 92 852 364 426 574 821 457 349 457 617 315 309 847 225 687 955 692 586 859 40 214 803 753 727 674 311 445 937 634 415 552 58 390 445 732
798 228 315 984 525 363 628 818 878 194 173 195 476 628 50 758 217 768 165 26 530 791 214 138 135 805 368 600 33 153 705 165 776 627 534 629 13 96 332 926
866 990 703 86 138 405 274 20 511 259 105 476 820 674 292 310 310 285 844 415 275 304 571 23 469 799 180 681 3 857 895 12 849 65 687 845 666 394 868 979
661 471 887 350 84 700 183 143 631 1 496 670 157 820 229 683 266 387 569 399 795 766 50 504 586 764 346 279 14 657 640 974 144 737 448 782 994 95 4 390
814 71 883 59 658 406 636 982 446 834 364 806 52 26 473 365 547 569 703 636 387 721 456 922 590 514 726 274 393 317 772 234 390 650 208 187 239 845 609 713
580 614 288 895 937 107 863 271 719 752 109 114 737 763 411 533 702 525 69 722 633 39 973 162 456 341 962 632 611 553 934 279 738 962 828 509 879 323 268 167
538 634 247 5 631 701 345 308 583 247 515 916 975 932 457 28 207 626 640 265 673 411 612 977 314 158 898 311 548 844 61 18 102 898 931 466 295 125 117 718
9639