40
7
474 307 574 739 833 389 836 686 379 216 922 774 900 317 965 382 982 916 52 417 553 832 724 974 377 252 87 907 861 536 255 986 889 579 730 835 702 361 842 773
471 365 423 967 278 972 899 340 818 320 939 363 637 652 91 339 726 44 444 889 97 894 936 317 295 354 430 522 627 576 52 465 668 233 350 456 799 169 326 250
567 979 148 697 773 675 388 575 189 485 635 496 551 16 406 365 203 860 232 795 90 223 996 446 854 547 517 599 610 433 563 863 621 637 840 82 450 556 741 150
926 839 980 39 274 563 758 748 965 404 617 636 784 994 901 993 422 908 870 97 38 792 527 613 880 693 663 589 524 824 161 623 430 768 696 761 984 965 371 733
53 359 410 24 77 161 890 315 918 41 237 423 276 716 444 187 258 374 321 890 180 738 605 298 822 788 496 898 706 886 709 16 550 999 203 192 64 172 134 218
495 736 321 359 147 649 622 243 40 963 615 949 707 21 811 840 814 23 611 220 731 421 674 68 235 233 706 802 675 660 943 324 239 338 30 29 889 880 583 899
294 998 31 455 748 413 189 492 742 317 454 508 456 900 914 846 515 818 355 705 231 372 359 279 515 958 897 78 576 216 881 505 48 333 571 251 544 41 480 216
447 556 265 102 728 411 629 101 268 116 17 477 387 289 374 439 582 609 855 546 603 475 848 402 456 403 652 324 943 171 575 972 874 497 881 744 819 514 222 884
10229