40
7
344 993 266 847 841 952 119 125 555 494 254 439 259 146 993 83 64 953 946 593 8 854 776 316 465 552 49 361 120 104 121 246 199 353 66 17 536 405 750 896
410 873 389 315 272 228 716 868 518 139 805 983 996 684 829 377 31 227 151 134 327 238 265 960 922 276 388 246 564 459 32 281 987 294 818 517 5 503 218 629
431 963 576 650 613 140 193 639 467 280 740 634 277 808 167 624 581 453 374 555 740 827 104 480 919 997 980 934 337 607 232 691 464 856 951 89 695 459 867 675
615 457 520 424 525 87 168 463 821 306 953 774 638 868 500 762 628 533 376 226 495 208 338 104 573 559 3 462 853 994 578 578 877 564 780 847 919 927 133 956
994 1000 25 964 392 342 314 488 398 847 636 829 880 111 951 597 742 418 801 199 861 943 347 61 476 110 349 667 173 746 155 71 804 150 184 97 265 793 919 249
740 927 926 987 449 951 743 240 362 197 352 111 73 104 102 665 831 22 889 708 328 507 80 924 886 917 74 532 129 155 303 611 129 292 653 585 312 466 278 2
996 991 781 978 661 855 845 334 864 555 959 584 923 28 170 751 20 672 974 84 727 312 412 751 83 199 419 549 672 623 549 121 521 750 46 67 845 757 441 105
401 495 704 643 261 103 384 987 638 798 522 766 216 732 6 236 423 541 489 757 975 473 985 532 280 359 792 767 943 789 806 262 899 998 734 493 970 786 492 10
11724