40
7
871 903 152 926 927 434 908 110 891 625 316 944 208 963 79 649 73 813 488 105 792 758 254 8 510 876 958 271 458 588 815 172 759 109 104 962 308 847 811 760
251 655 942 448 488 825 511 210 158 528 948 841 156 119 794 435 429 228 738 755 722 876 204 626 695 522 425 605 798 584 995 859 910 753 722 365 606 117 58 46
333 78 661 986 208 95 107 332 803 199 603 95 967 875 269 426 85 922 472 578 679 160 964 141 364 761 883 374 579 108 912 828 372 329 746 247 604 422 902 639
752 197 226 891 652 772 939 766 265 562 503 865 246 942 616 441 318 798 37 830 55 547 207 996 219 217 562 28 196 749 563 506 431 178 36 938 702 879 616 143
305 3 975 939 501 745 927 823 770 792 799 425 869 773 992 594 370 56 710 640 678 609 879 460 190 961 51 784 272 567 805 202 733 921 417 142 750 74 373 556
697 216 582 107 14 464 733 301 67 411 398 166 3 73 183 127 491 542 102 615 823 381 523 479 681 722 902 827 135 241 658 465 499 356 854 176 458 306 661 264
968 322 985 483 173 946 796 198 261 680 513 890 874 87 151 139 64 177 583 537 118 902 555 32 761 472 471 904 302 355 883 180 712 854 3 498 772 359 145 770
45 198 474 215 261 551 983 214 298 83 855 814 524 590 643 159 447 97 864 277 493 52 941 478 699 394 734 150 753 306 795 130 424 255 365 789 646 82 532 613
9112