40
7
158 563 1 434 117 787 810 310 174 809 600 681 704 271 500 480 246 864 520 981 759 326 443 181 797 119 445 861 774 466 149 732 85 611 928 338 548 478 908 470
169 197 818 858 444 339 908 776 994 541 355 167 324 453 812 104 708 658 377 357 522 396 455 257 84 805 882 517 180 919 157 144 344 207 71 502 198 726 903 24
309 352 45 965 484 345 995 941 425 200 817 528 979 246 135 989 443 552 787 676 410 135 700 996 133 738 714 490 4 550 72 19 79 48 501 479 915 551 347 574
284 788 819 540 870 775 171 227 954 315 739 164 280 561 121 58 452 50 209 941 633 681 1 491 783 591 650 63 868 492 347 545 584 316 436 656 577 145 764 689
377 424 783 37 929 928 966 319 578 878 160 987 492 572 47 568 959 297 822 459 383 923 72 847 71 834 840 168 123 743 780 487 595 376 654 498 228 965 548 879
286 988 240 356 16 268 260 54 29 342 122 90 453 246 276 597 998 778 706 533 700 175 600 392 75 579 526 273 869 230 513 9 101 888 691 845 605 830 78 473
54 986 879 411 823 410 969 132 817 390 51 462 14 864 211 669 805 590 781 275 186 567 760 301 180 74 672 711 773 600 29 866 224 452 926 679 945 726 402 651
290 842 726 936 794 237 417 364 548 745 748 92 392 905 744 187 71 35 271 978 968 290 662 325 383 930 811 512 595 697 883 422 230 448 627 453 973 44 1000 975
11275