40
7
672 237 101 360 519 845 705 639 95 847 841 635 889 814 597 626 396 588 375 498 948 859 686 121 201 510 20 401 829 354 429 311 356 860 713 532 433 593 758 998
107 743 372 343 73 128 829 544 964 76 484 153 565 368 404 416 872 954 662 954 277 680 551 59 382 670 141 446 718 994 177 661 733 941 121 867 283 343 15 266
593 520 67 767 273 727 397 413 718 838 71 520 159 714 206 708 327 807 885 260 265 876 21 321 982 889 832 543 359 271 81 387 571 90 648 864 187 350 56 79
34 495 807 123 560 411 986 346 545 847 748 366 842 476 212 258 819 211 870 857 83 84 417 580 815 121 326 590 551 763 929 500 383 211 473 520 751 477 827 975
768 450 848 555 471 629 147 428 137 800 963 872 57 916 76 965 252 972 883 990 596 672 994 382 244 126 268 186 256 752 453 895 924 341 242 64 657 505 673 893
318 23 883 211 818 65 293 749 885 673 734 730 906 499 691 7 742 455 9 334 994 809 316 405 559 357 449 587 990 780 248 899 894 214 579 699 105 243 139 643
276 382 893 545 477 71 645 414 950 654 694 640 530 426 824 491 593 158 12 161 131 326 729 576 379 781 152 986 844 488 222 750 177 275 85 327 181 449 879 234
355 539 51 154 586 365 774 356 511 580 409 947 186 645 381 317 22 21 105 392 485 614 892 810 14 910 699 85 492 585 568 519 647 888 98 830 428 547 722 673
9601