40
7
690 238 77 156 699 409 205 347 844 26 861 259 588 955 29 159 803 101 66 644 324 971 797 380 712 309 336 123 954 713 8 460 522 693 801 40 974 289 866 25
709 365 380 836 951 294 733 939 55 535 760 378 432 720 555 256 974 691 791 566 889 853 174 401 702 957 802 572 926 384 126 617 334 75 248 582 701 153 698 137
83 553 149 918 824 691 806 753 497 593 122 973 133 13 196 838 956 336 385 144 987 856 323 508 618 123 486 717 329 211 738 60 562 320 206 57 190 306 323 390
320 348 377 805 968 897 676 539 858 532 286 400 193 970 883 683 333 468 193 446 747 109 198 295 403 78 488 179 44 170 839 604 421 865 331 451 903 340 183 838
576 48 566 106 858 769 775 361 832 900 754 647 299 555 960 160 665 786 409 565 263 988 463 266 712 549 953 7 5 615 591 583 775 965 414 16 146 683 419 681
898 903 124 579 969 388 571 143 976 468 290 815 346 730 887 280 292 665 461 411 968 745 58 229 512 214 931 78 381 970 319 630 844 104 688 962 53 652 526 232
945 674 296 874 623 972 54 769 849 796 720 588 253 968 317 189 429 333 321 260 12 319 914 237 906 561 103 172 226 308 809 875 133 183 634 328 828 551 541 651
870 945 804 366 518 142 659 563 819 965 750 973 580 199 427 579 586 664 1 734 882 173 665 671 218 430 257 21 937 196 681 975 652 228 379 15 884 995 756 905
11532