40
7
132 135 259 246 851 612 121 371 291 953 101 915 848 204 15 425 446 659 366 797 513 192 413 440 66 812 438 548 884 537 696 298 609 493 307 962 356 499 211 870
574 249 403 560 29 394 701 966 649 341 601 315 399 96 837 678 555 583 738 857 283 697 290 58 238 859 670 725 217 19 764 802 860 281 368 38 598 795 40 115
150 336 910 526 599 210 206 287 99 548 817 943 5 709 699 156 59 771 440 750 564 879 321 910 998 508 133 78 271 986 348 362 632 657 516 476 558 137 991 367
680 285 797 338 45 328 193 252 231 525 800 191 716 742 333 47 928 162 796 97 453 335 294 896 522 454 61 186 830 281 49 645 674 649 847 473 460 261 475 434
777 442 970 673 698 629 688 672 595 935 724 408 268 30 434 319 605 939 534 145 936 65 990 509 321 659 269 409 985 801 514 924 912 553 737 946 216 856 897 181
545 112 401 323 706 60 113 467 512 924 830 539 321 872 881 648 870 792 646 782 377 917 165 184 364 793 898 922 384 524 356 861 972 973 224 388 739 181 429 370
863 821 288 6 953 881 27 450 96 112 750 26 767 511 520 66 936 818 382 471 439 713 182 529 408 763 200 235 193 750 497 415 231 851 42 183 80 933 330 387
404 849 170 425 306 87 992 61 529 563 319 294 5 755 247 708 234 474 805 216 434 369 839 737 409 252 390 11 82 711 434 111 703 961 660 573 972 190 445 31
8879