40
7
662 631 217 586 650 669 808 46 805 308 605 140 387 514 534 556 989 362 814 970 656 484 920 121 274 353 967 595 663 564 297 114 71 703 507 880 64 819 309 642
376 42 573 908 366 845 448 622 914 878 553 368 900 699 995 834 764 82 994 139 394 763 858 522 893 790 221 223 105 253 928 50 399 624 974 388 685 985 810 606
881 933 750 30 517 700 397 885 711 645 504 263 725 597 855 143 254 828 741 554 760 534 86 925 80 84 829 423 611 415 972 376 375 906 439 913 413 759 970 916
648 930 100 249 845 337 534 743 914 866 725 576 359 957 416 147 497 252 39 359 479 526 833 788 171 35 542 5 313 235 364 43 364 974 101 750 729 569 882 110
538 43 745 846 548 595 362 523 879 270 266 433 698 528 834 141 104 911 308 612 143 428 936 68 310 138 232 599 525 1000 261 591 849 84 501 708 405 976 395 21
244 169 280 346 430 645 206 668 124 185 355 675 485 671 854 642 368 532 163 233 274 246 176 149 898 268 756 332 259 813 618 137 171 488 990 641 81 255 404 570
796 613 977 954 501 361 828 164 691 257 740 597 133 718 861 901 593 822 623 901 292 54 974 301 936 790 165 211 545 520 839 682 862 365 383 366 475 8 330 4
157 681 963 869 429 872 790 540 318 282 476 602 66 611 549 530 413 255 449 33 575 192 830 328 62 104 718 969 152 619 511 125 180 535 226 827 843 941 9 147
9389