40
7
797 799 983 720 911 378 478 846 152 970 564 219 488 184 298 419 873 676 371 733 921 266 501 752 880 32 549 662 738 436 961 477 993 468 238 460 447 994 512 93
707 236 818 699 761 709 704 715 726 393 275 269 494 383 808 78 975 470 463 754 999 130 912 19 336 680 38 573 226 400 107 64 488 636 726 486 882 991 776 353
191 750 327 148 647 218 553 289 882 108 227 686 150 487 317 54 901 795 511 253 177 354 827 994 625 800 242 656 592 9 777 842 732 643 666 896 634 923 874 747
286 27 769 434 861 743 199 604 580 27 463 246 639 695 940 111 991 364 578 441 265 387 260 462 777 74 490 463 177 819 870 124 642 60 213 642 524 603 192 328
309 832 698 983 652 931 151 725 574 44 395 329 676 409 83 687 113 367 885 373 47 633 633 189 534 276 710 336 126 54 9 962 36 457 908 578 506 48 670 848
671 664 850 210 711 711 536 645 996 969 4 594 803 624 54 128 247 416 338 689 677 432 611 809 960 52 720 75 150 817 269 320 624 52 386 949 155 837 170 776
670 272 683 969 821 466 2 312 910 456 247 820 813 558 753 582 991 897 854 968 743 717 940 500 781 59 607 860 448 378 486 932 134 163 868 953 846 889 679 126
810 873 839 769 893 52 238 663 147 42 937 844 963 798 726 419 949 552 366 687 894 861 108 126 653 127 654 29 438 737 407 828 435 57 524 15 595 920 543 627
11073