40
7
54 667 790 319 343 951 869 844 562 45 263 130 781 914 804 972 515 362 308 979 371 125 955 523 545 676 355 314 931 415 212 597 786 887 483 753 260 586 604 137
20 511 630 858 368 981 395 613 637 932 352 62 691 598 348 7 844 82 650 729 800 10 484 877 578 668 304 924 153 950 81 614 288 932 291 508 613 768 502 973
492 196 352 758 898 562 699 437 412 790 582 883 894 395 614 912 250 390 87 741 483 154 361 193 324 640 863 292 181 501 533 1 260 987 878 285 628 997 528 393
162 740 141 429 25 908 233 50 707 17 125 205 41 947 182 749 293 345 168 588 765 223 54 112 950 936 952 671 192 257 211 992 78 709 290 143 321 99 928 93
85 118 777 991 125 579 216 44 857 454 658 917 792 367 584 397 858 830 349 980 859 208 455 1 644 353 174 404 759 202 427 179 335 368 384 344 688 604 749 336
403 488 960 888 803 907 817 934 592 589 818 738 879 820 995 696 970 304 891 794 227 935 740 893 189 578 211 99 351 98 377 808 448 136 168 115 127 170 791 258
450 59 389 108 74 191 409 276 959 660 883 176 799 957 539 793 833 706 224 708 653 519 480 672 559 389 651 667 365 457 950 510 343 457 891 604 782 485 57 460
802 95 952 899 294 165 768 308 324 545 881 975 448 716 265 617 3 395 745 560 719 473 424 876 240 884 476 297 670 174 920 117 35 450 482 229 767 466 37 87
9790