40
7
578 317 76 927 103 482 588 511 429 541 178 66 419 520 17 551 158 584 468 924 208 772 960 419 863 375 741 79 276 512 826 4 548 630 762 136 846 377 930 110
147 812 424 373 42 533 432 485 337 84 230 119 160 37 513 433 467 932 243 961 710 668 925 109 239 537 393 533 931 360 721 539 851 519 375 949 817 705 718 787
963 98 107 725 532 784 265 254 967 676 380 76 501 665 699 700 745 317 780 803 786 869 326 38 55 447 370 606 82 989 626 129 896 12 988 354 124 898 522 86
293 231 859 193 406 276 917 632 102 584 906 636 421 854 304 405 396 682 418 980 760 482 761 353 850 57 762 814 145 14 531 551 649 84 896 853 395 726 978 788
173 605 855 34 200 353 347 530 709 684 938 725 763 235 623 497 251 16 307 511 360 19 699 690 206 229 795 89 414 880 714 752 888 817 333 422 655 229 479 714
884 619 311 975 928 894 506 860 687 348 682 973 383 719 834 701 513 710 533 964 632 742 983 835 386 404 979 253 266 465 589 382 86 611 641 437 53 958 707 650
546 737 833 583 591 26 668 587 745 274 795 738 152 731 794 286 623 487 896 675 572 246 507 11 453 346 510 493 813 594 367 442 363 348 948 622 842 386 982 627
192 645 932 474 589 230 314 795 327 693 167 676 63 996 921 929 460 346 184 248 926 924 170 566 230 422 364 528 193 656 615 980 30 481 971 339 989 212 314 535
10313