40
7
678 657 110 867 513 350 286 41 881 783 256 536 81 330 399 814 922 43 871 514 870 633 24 704 734 394 763 76 417 843 703 238 215 370 570 940 81 295 689 996
623 145 361 564 761 138 423 305 164 223 570 208 632 739 265 324 618 131 445 494 40 680 722 283 319 561 320 771 158 452 378 209 471 582 550 775 861 300 964 679
789 976 369 598 52 774 636 835 142 269 745 448 429 963 340 239 698 240 763 428 229 124 213 544 488 434 771 357 82 189 124 978 957 243 971 150 555 38 194 759
375 715 241 430 311 658 587 165 659 840 53 72 381 285 937 475 837 929 995 77 845 794 299 167 848 597 719 148 518 41 224 231 16 587 514 761 590 206 14 899
481 510 411 166 833 134 891 412 363 146 889 476 552 264 210 151 260 657 805 917 931 761 131 572 607 521 953 455 454 812 472 257 159 519 398 999 831 57 194 941
908 508 53 553 708 285 76 876 937 563 640 756 975 87 556 428 206 200 252 410 176 692 499 361 900 673 369 190 742 83 402 491 437 754 799 455 562 393 300 765
142 954 535 308 161 726 467 334 972 397 966 281 704 274 314 116 539 492 421 537 690 603 701 859 889 704 885 875 733 306 473 525 626 427 358 185 114 503 78 627
173 457 734 955 205 875 302 618 345 328 566 323 744 950 27 944 619 258 367 956 996 936 475 27 331 742 576 860 404 116 481 424 135 37 205 349 68 596 303 802
9805