40
7
532 601 970 851 780 579 724 803 649 379 831 972 781 568 715 151 811 718 776 592 490 429 23 710 207 694 837 256 155 987 173 578 568 865 422 139 172 553 146 798
123 863 606 97 83 909 56 980 209 205 895 610 470 346 186 643 165 724 328 394 692 46 28 169 648 109 438 44 311 638 15 695 295 419 336 302 692 261 100 633
985 227 964 538 959 253 212 919 897 392 802 47 411 997 84 55 278 654 473 885 687 48 923 570 496 198 598 152 868 547 875 961 669 928 898 747 838 633 731 131
976 148 971 884 918 249 170 332 11 428 30 440 77 458 850 177 8 938 967 622 37 963 321 613 332 863 484 57 912 168 582 867 743 164 958 545 167 820 267 589
209 924 620 40 740 761 44 404 768 984 548 959 846 80 527 176 50 318 176 479 159 919 289 92 592 275 711 452 547 694 141 794 431 922 975 229 55 74 699 306
179 293 535 1000 91 408 721 17 847 480 568 589 52 81 150 676 945 835 705 939 120 433 920 838 178 484 230 699 501 55 75 555 63 736 924 351 736 877 2 491
404 324 623 545 392 811 945 287 764 124 302 981 118 857 116 757 961 55 467 716 933 468 565 826 805 486 248 482 866 207 418 988 563 772 219 847 204 168 94 922
183 453 631 879 851 653 359 366 738 304 773 410 33 327 315 250 344 438 907 627 829 174 578 884 458 553 543 872 25 440 20 565 677 460 423 137 404 962 564 79
9744