40
7
606 269 950 553 142 541 957 809 760 83 746 203 234 216 166 580 756 350 39 720 145 343 447 234 142 541 107 84 566 659 134 794 93 580 355 93 21 252 605 888
726 510 499 741 169 861 937 195 653 774 945 771 922 52 587 720 342 614 875 516 592 410 486 235 243 13 647 648 921 371 125 69 497 903 649 943 974 922 787 676
933 394 582 976 835 854 646 421 395 973 126 490 480 247 462 767 231 568 30 193 455 544 865 315 733 197 144 53 910 339 947 233 219 131 933 229 945 416 252 914
679 763 470 301 967 538 333 726 920 625 327 871 134 738 249 320 625 100 751 109 780 302 726 461 841 370 117 654 237 456 412 108 435 413 794 865 712 687 292 53
746 194 459 25 536 328 404 298 548 196 443 836 120 617 80 560 375 595 140 700 918 490 113 381 905 527 405 484 246 218 496 239 129 716 506 311 213 961 505 734
628 536 538 242 489 583 198 298 999 228 82 431 57 331 246 20 464 427 618 635 766 178 990 198 257 993 945 798 180 356 932 964 870 705 991 932 108 152 375 265
917 278 803 318 33 565 460 463 611 687 220 904 879 518 343 271 898 444 912 618 396 596 44 657 849 480 101 813 951 26 530 394 334 307 408 878 598 289 656 904
596 307 66 104 92 109 337 261 318 931 182 315 618 174 427 220 695 488 514 862 997 897 287 507 187 605 325 702 746 633 869 430 618 950 416 701 988 375 537 541
9964