40
7
689 184 126 113 551 966 994 622 606 688 300 147 757 878 567 545 523 809 293 24 940 865 736 664 181 823 549 577 679 588 579 698 749 320 625 180 972 604 956 731
764 639 838 950 735 606 849 515 906 805 338 744 138 279 718 734 572 486 440 702 273 911 483 590 393 214 46 47 489 393 200 2 733 147 881 341 915 40 610 117
935 331 601 235 355 671 82 294 68 66 601 943 478 868 541 632 153 592 20 763 916 445 669 476 733 715 540 106 276 512 719 455 42 97 978 150 168 719 966 944
515 957 946 649 688 99 509 963 638 378 132 301 481 1 320 323 464 288 323 489 128 707 996 790 893 922 893 633 380 190 854 481 679 849 844 889 581 745 540 394
525 14 198 422 29 878 854 208 637 649 559 821 518 310 491 283 779 93 705 513 750 859 173 144 615 275 798 280 908 509 10 942 262 939 301 166 892 899 2 415
678 36 123 327 739 631 239 704 838 260 477 741 728 934 962 282 227 468 250 990 784 887 321 653 752 905 603 868 881 172 663 650 557 371 751 390 661 860 643 892
95 496 481 936 602 824 109 529 541 127 626 258 186 339 889 123 504 430 724 793 319 39 274 569 316 540 175 343 744 555 467 281 813 177 115 703 681 120 18 867
837 758 847 501 515 303 892 988 63 524 279 927 258 251 155 502 853 950 642 188 737 721 885 307 447 740 665 572 618 496 405 692 61 941 827 762 210 177 515 769
11390