40
7
212 444 170 673 976 882 407 192 881 842 552 411 268 665 378 702 685 918 592 81 196 893 624 346 157 329 881 305 542 426 648 620 422 908 250 875 239 789 530 278
478 125 253 992 428 520 95 978 827 513 953 323 626 640 907 285 95 265 301 614 669 791 710 593 153 703 634 183 104 569 920 961 356 513 742 320 272 92 994 820
199 874 235 308 496 64 135 645 614 282 169 472 203 672 563 372 620 720 213 950 980 951 945 54 270 426 630 148 56 117 855 155 940 437 333 735 191 800 205 89
752 745 122 274 269 971 547 693 81 292 85 493 669 629 929 771 106 797 614 848 640 104 92 943 709 3 766 490 977 58 448 394 856 735 412 19 236 671 647 592
919 728 858 429 140 609 195 290 467 977 823 161 851 907 789 348 692 520 444 982 606 886 885 371 740 703 707 985 223 35 484 390 870 462 64 912 985 180 127 242
267 952 675 700 175 986 831 633 223 373 998 754 77 125 666 175 765 565 855 576 31 217 124 22 189 98 703 939 55 770 229 135 575 743 626 53 576 58 802 796
490 472 383 521 537 334 971 232 541 373 156 165 640 821 463 962 46 441 967 995 591 208 983 965 728 305 908 632 133 190 478 430 483 513 423 650 210 286 8 798
925 466 949 310 464 950 290 166 239 300 577 925 781 851 411 735 328 286 489 275 471 514 866 961 116 97 710 259 309 466 717 848 395 31 951 429 997 70 94 904
10461