40
7
59 393 185 1 955 10 195 336 221 396 342 699 117 28 751 797 665 609 386 362 552 628 143 544 629 670 501 987 918 354 57 779 344 404 11 710 754 899 838 281
982 711 554 932 228 59 941 632 974 773 937 425 11 53 804 25 379 373 279 551 740 142 657 944 726 316 925 130 859 645 228 13 982 72 947 405 56 953 9 211
32 764 452 949 542 990 400 585 91 196 269 386 785 823 193 872 36 799 752 165 164 842 682 246 738 787 826 399 885 695 632 161 406 163 435 167 617 876 209 665
448 186 50 762 755 447 1000 25 744 462 637 846 142 846 629 602 404 344 521 290 769 304 643 274 901 959 957 977 73 146 882 885 709 951 808 449 569 208 7 103
632 459 501 460 681 60 880 469 820 738 587 246 236 485 862 797 761 484 320 883 441 802 761 395 476 896 86 225 109 592 19 612 847 726 795 747 926 341 405 375
748 305 434 956 927 492 266 419 264 811 16 645 764 337 707 376 414 687 225 904 804 171 410 62 295 33 475 418 307 972 732 924 132 364 857 932 931 859 672 241
500 911 120 405 638 113 31 561 300 464 117 334 544 266 601 214 460 658 390 544 201 77 753 403 771 820 594 975 953 989 752 792 385 264 214 81 126 273 25 821
689 120 648 702 368 807 593 998 572 773 437 523 664 120 39 381 262 375 30 738 225 33 317 166 657 240 942 944 636 408 754 19 365 340 658 675 130 41 359 963
9356