40
7
635 437 25 252 655 126 520 309 859 549 330 669 775 254 265 898 744 435 154 660 611 538 507 76 305 965 205 594 114 750 833 810 809 50 389 227 893 420 109 248
112 108 422 885 16 754 935 942 241 230 55 115 54 317 28 493 772 971 981 281 166 22 861 907 467 697 190 390 604 462 927 436 830 203 294 502 583 40 712 490
783 646 436 833 752 385 645 762 328 753 830 495 614 28 99 748 585 349 3 287 813 249 12 912 425 491 305 281 372 813 451 851 744 566 206 509 740 418 57 14
376 411 733 534 935 675 56 417 573 998 363 333 468 894 314 603 503 655 247 748 599 159 691 585 704 55 229 156 31 729 327 458 797 72 121 549 971 667 612 677
167 173 656 163 847 87 228 925 363 165 730 90 575 505 635 954 122 467 771 205 121 295 426 334 914 368 491 88 184 414 137 952 726 522 997 544 563 844 468 357
665 557 646 54 841 749 974 122 402 63 612 809 954 224 852 497 761 892 681 289 728 775 271 425 503 637 122 203 133 556 841 213 738 377 977 266 532 116 513 527
30 431 794 403 520 955 233 39 441 898 200 281 743 94 529 93 70 750 805 115 786 780 76 508 495 988 756 775 206 396 192 195 703 69 363 287 593 831 194 933
619 613 809 58 258 140 386 81 32 149 901 816 252 996 388 219 986 51 486 440 314 603 7 895 856 441 763 540 633 258 533 386 466 699 319 786 325 647 231 173
9278