40
7
757 212 262 737 800 848 765 1 907 647 935 10 985 246 699 892 326 307 775 737 602 661 126 39 637 606 534 356 728 177 375 192 638 222 251 171 18 566 885 268
113 261 101 387 4 981 33 867 868 464 61 312 672 791 779 454 926 626 624 294 18 287 950 682 688 384 968 649 888 891 593 737 129 454 804 71 642 26 494 474
608 796 140 74 268 129 542 819 315 959 549 53 215 984 939 632 503 674 301 305 950 867 791 648 983 209 694 238 836 361 53 356 932 776 577 736 318 290 93 938
224 959 733 713 996 103 616 463 364 501 136 311 18 499 725 748 777 636 471 690 50 577 944 391 123 895 2 343 393 786 614 647 871 901 418 116 461 480 813 740
299 944 120 239 960 379 455 354 952 826 51 143 393 13 924 986 369 819 31 527 263 923 593 954 981 436 615 148 707 71 998 288 599 748 396 438 724 926 475 819
763 933 702 813 753 785 149 428 456 464 262 306 519 675 390 198 647 343 702 641 229 149 467 304 877 956 298 195 287 970 974 354 482 627 903 963 26 508 496 26
627 87 463 993 121 935 501 63 35 421 78 186 229 764 914 623 60 422 602 274 25 748 947 146 665 810 421 442 914 698 904 164 652 663 698 694 555 181 462 629
196 730 533 296 827 620 730 207 930 139 678 228 74 838 444 949 103 150 277 167 788 179 146 879 176 176 398 661 225 390 75 820 886 718 691 961 25 235 566 702
9407