40
7
196 234 277 131 682 265 763 953 808 599 584 508 836 584 233 441 9 16 342 549 606 741 974 166 808 875 49 224 594 425 498 209 121 727 760 111 249 455 39 934
794 173 51 804 555 571 386 41 283 653 727 583 851 520 837 909 388 710 707 927 750 639 501 991 402 53 822 577 25 96 234 918 667 332 304 959 500 833 257 890
924 247 866 670 450 383 695 44 198 487 236 638 536 60 6 647 668 475 838 481 902 773 848 162 883 6 493 50 488 368 16 459 874 519 239 90 65 699 812 565
325 782 714 594 549 866 494 72 858 876 299 819 665 486 114 30 851 741 104 417 664 650 787 475 584 174 670 51 548 999 396 599 589 95 43 820 903 667 32 112
637 173 489 408 914 843 878 499 541 156 512 842 778 830 924 942 21 532 811 798 21 876 90 426 744 269 295 202 148 911 469 550 296 676 110 867 904 288 220 963
930 94 140 984 775 415 562 547 965 983 395 800 100 7 97 172 439 622 744 470 772 220 566 987 443 300 184 602 855 994 968 533 550 662 974 503 25 27 852 908
184 833 216 411 491 510 563 140 718 416 296 864 225 361 325 921 692 288 307 247 992 262 742 732 40 261 57 888 829 508 870 376 269 177 701 641 856 286 689 947
29 557 551 284 514 261 523 326 48 498 100 344 926 211 443 321 191 408 292 577 706 770 755 538 124 634 236 641 797 779 850 392 49 800 796 642 980 334 925 985
10069