40
7
282 161 430 515 736 261 658 269 695 487 264 827 712 675 482 16 882 718 735 311 461 412 639 824 457 850 639 456 193 615 500 646 812 200 985 582 745 491 709 528
767 150 546 922 75 397 815 708 526 928 742 696 715 154 926 383 918 556 151 842 961 147 800 59 652 738 685 633 219 673 644 522 868 859 853 665 343 906 189 797
950 782 739 124 597 302 201 110 838 794 335 312 27 148 919 337 771 752 659 51 44 564 458 527 88 486 656 746 590 174 879 756 145 37 36 131 359 279 888 451
677 156 132 212 360 934 165 360 279 192 767 363 192 670 247 193 25 19 128 116 422 884 113 323 437 482 367 152 871 955 399 672 756 832 637 308 830 95 363 759
153 320 117 22 695 57 449 540 434 759 843 543 894 439 346 798 145 683 825 77 399 761 711 836 330 421 336 859 622 801 812 716 444 214 234 64 808 23 250 914
211 741 319 806 276 294 244 553 780 618 535 114 688 984 925 899 201 833 68 371 969 776 724 223 647 221 569 378 813 277 941 676 751 694 206 663 457 553 255 812
535 6 558 178 760 282 992 858 304 759 795 365 302 874 305 44 495 152 712 417 284 675 889 497 645 307 333 927 658 757 15 720 955 628 941 894 383 283 165 273
995 69 877 966 642 840 338 120 499 864 581 863 450 437 519 481 348 461 110 481 589 145 781 865 63 409 488 996 281 379 639 73 731 343 415 408 480 426 162 688
10151