40
7
63 637 407 277 371 535 562 437 684 97 836 760 600 991 524 836 733 282 418 490 616 51 199 529 234 608 9 237 979 51 963 962 991 491 839 955 235 195 72 823
25 799 36 159 513 43 269 129 60 828 962 179 587 728 477 993 983 439 47 543 309 28 886 378 982 482 131 694 35 260 9 97 347 365 396 952 845 414 763 955
144 74 564 584 950 787 824 799 633 734 832 953 252 917 497 535 863 449 773 540 684 698 936 983 638 888 75 177 470 152 269 500 657 396 151 135 552 836 843 665
217 413 308 561 899 492 68 873 977 149 51 796 507 461 945 794 335 666 667 629 816 917 651 270 405 844 893 201 494 718 255 529 427 766 210 20 875 835 163 64
308 587 184 701 212 348 266 192 139 187 894 59 44 721 467 524 859 713 579 728 722 610 352 554 180 900 731 326 501 50 633 337 229 779 653 125 334 169 494 756
553 889 485 585 84 151 717 982 519 823 272 85 811 226 747 461 895 401 265 197 374 285 34 64 843 226 292 216 728 199 440 829 957 625 227 204 346 771 124 544
771 676 617 342 192 153 571 186 898 800 365 750 819 478 802 458 656 554 44 623 393 931 283 819 963 980 475 55 301 366 622 701 492 729 93 190 400 586 303 711
230 595 763 869 6 646 316 1 118 255 501 772 95 703 472 204 84 255 427 169 422 614 794 118 112 26 666 627 315 369 711 546 178 762 683 844 957 773 204 497
8850