40
7
856 180 892 934 31 117 241 376 60 782 513 113 228 446 717 940 627 493 170 333 573 799 35 290 981 556 595 687 227 607 915 445 828 349 552 303 156 98 615 687
677 653 258 577 129 392 495 232 567 515 328 15 20 507 195 429 68 646 124 708 214 205 676 581 22 226 730 589 647 194 902 291 314 378 915 507 69 839 260 442
84 613 984 194 164 165 171 713 140 874 620 950 480 434 802 657 897 440 721 954 354 986 59 402 789 290 761 461 446 834 148 432 497 99 810 410 676 54 976 908
670 360 761 119 303 511 197 419 751 305 124 866 897 900 73 1000 373 927 656 378 470 774 940 775 747 138 133 176 931 429 101 560 220 380 661 614 570 353 262 257
759 243 183 300 786 631 928 862 454 837 445 292 850 437 705 283 126 405 33 661 629 974 399 425 496 569 376 940 141 614 442 763 192 956 515 155 85 989 798 894
411 709 679 545 604 889 372 764 846 250 827 851 64 677 852 10 727 247 671 996 146 770 438 951 204 271 814 272 433 903 669 581 890 526 171 367 111 555 72 315
376 476 292 701 123 838 225 297 646 108 252 798 376 312 254 472 482 882 187 628 232 117 941 139 969 675 227 555 377 767 165 8 656 646 892 557 229 772 213 517
165 128 720 860 642 972 477 352 726 434 917 26 211 979 982 521 3 988 946 275 894 642 793 692 98 310 871 623 957 269 490 700 186 303 206 902 727 777 806 637
11604