40
7
17 443 919 842 993 233 211 538 716 39 141 920 923 522 72 38 984 762 663 41 642 728 560 776 891 707 557 804 256 165 826 145 780 661 109 457 964 201 930 294
378 349 565 365 918 481 468 800 350 715 899 199 696 162 818 867 557 900 298 806 130 915 553 329 828 493 859 276 237 809 983 575 961 793 771 810 868 418 497 991
214 355 371 630 184 175 346 530 77 473 1000 223 468 766 341 103 102 131 774 673 568 535 506 518 426 764 363 152 920 13 11 165 852 302 696 817 132 162 458 646
446 932 594 827 886 873 287 893 517 656 313 686 497 727 151 735 70 550 528 322 735 386 910 197 23 517 630 154 39 204 907 4 508 28 343 307 960 212 616 147
975 771 646 498 505 701 382 318 68 776 4 441 695 436 994 197 738 854 717 682 771 886 474 303 157 195 950 116 827 205 866 774 401 543 905 920 140 872 871 449
664 59 578 462 274 540 368 855 379 342 668 236 220 321 116 907 428 17 183 319 326 634 966 781 767 110 513 678 429 825 871 317 919 517 829 558 863 965 652 511
513 304 239 339 457 726 787 921 708 240 302 323 938 695 362 236 528 714 736 678 360 595 904 244 916 289 921 450 299 701 681 168 659 494 787 507 701 766 767 739
988 800 555 864 902 836 480 236 857 484 453 863 190 116 696 793 466 283 894 68 711 999 579 51 326 376 146 142 134 752 774 712 500 679 886 191 927 902 474 762
11424