40
7
792 186 441 521 791 966 584 951 973 650 808 769 436 42 229 294 510 721 980 230 425 706 347 693 102 74 663 326 532 848 336 610 701 841 721 217 815 650 420 477
167 280 85 382 580 80 803 287 17 114 843 779 770 398 166 323 155 679 973 846 53 498 563 968 295 607 507 551 586 461 230 250 103 706 336 694 678 445 439 93
241 873 775 659 476 612 221 323 854 996 78 422 140 596 20 44 756 341 150 806 655 237 663 918 383 232 430 422 924 529 212 21 194 288 694 145 711 521 369 308
501 639 766 781 471 61 1 23 59 491 639 394 814 624 331 870 765 252 198 454 179 88 698 5 377 575 529 585 146 973 461 71 217 816 258 756 830 534 881 70
940 207 353 957 220 600 752 871 447 6 130 633 143 5 651 98 595 353 421 322 890 818 580 683 967 758 861 784 304 982 157 623 391 266 704 254 515 276 753 661
704 606 816 666 969 407 608 109 627 532 101 596 962 417 587 632 762 885 516 728 636 233 34 677 655 575 119 298 304 1000 116 107 587 50 172 803 224 531 123 312
819 148 924 625 71 966 877 933 634 819 307 648 995 249 806 172 653 15 808 614 115 736 183 658 759 763 351 526 97 251 200 393 266 411 164 600 903 951 477 774
700 419 829 749 57 617 483 173 410 334 611 300 377 251 332 767 774 779 275 200 330 958 608 497 557 355 481 153 864 398 562 121 928 965 536 542 390 824 67 620
10097