40
7
112 810 632 398 221 441 152 921 383 972 270 612 444 199 760 477 350 847 111 508 289 242 699 833 454 835 461 20 517 123 567 948 183 482 752 894 343 190 981 60
223 490 579 126 843 731 581 160 616 289 312 834 39 192 411 275 6 858 466 75 186 705 537 920 216 387 141 876 296 230 239 428 763 489 392 967 565 228 73 238
554 342 298 3 880 458 148 831 326 731 474 902 1 373 840 165 958 364 70 872 847 602 531 4 290 570 713 786 600 912 176 636 445 702 484 359 440 756 142 219
984 376 675 930 746 749 464 503 810 808 674 384 385 870 230 783 216 722 897 954 94 647 63 298 796 714 509 72 231 25 761 33 547 442 298 217 420 143 671 671
575 254 2 141 25 482 805 787 918 662 169 484 43 41 342 774 770 666 773 219 921 937 191 360 529 357 626 401 125 402 58 138 484 845 124 177 942 152 137 271
879 697 924 515 46 906 794 781 3 112 399 776 433 176 669 973 586 662 600 188 359 464 215 13 778 29 335 269 965 228 32 751 202 788 351 852 323 115 739 967
684 438 15 86 571 993 905 774 445 726 61 442 547 587 877 945 250 756 958 436 233 684 387 394 676 103 164 614 856 515 182 487 492 839 702 264 470 516 260 979
182 542 157 653 356 85 896 323 708 811 859 766 925 730 434 940 379 397 507 625 425 886 142 538 612 248 627 505 225 65 277 116 850 624 287 147 40 848 995 948
10340