40
7
472 155 514 688 504 926 842 737 966 827 295 580 475 369 454 248 694 439 270 692 548 256 149 518 375 989 164 414 725 108 943 294 471 758 888 256 371 575 609 694
924 973 252 169 177 458 10 691 687 411 437 441 505 135 474 137 704 721 941 80 432 546 416 520 136 527 613 118 991 801 684 493 604 560 683 906 571 292 222 92
764 530 130 425 996 718 125 727 35 714 561 187 636 393 85 141 64 383 945 653 316 318 331 415 43 624 366 720 222 485 74 395 515 333 610 156 475 875 705 409
796 557 985 591 47 783 624 540 297 608 251 157 631 74 810 646 9 100 379 33 764 820 949 764 762 32 116 100 267 272 601 798 521 218 272 297 247 483 285 431
303 528 82 282 98 797 94 474 297 265 196 309 574 567 347 471 890 157 618 187 383 541 993 274 399 263 625 652 32 280 259 46 317 787 116 849 32 275 38 509
562 274 509 184 711 936 98 714 745 229 48 761 832 115 786 436 16 621 495 754 417 174 625 70 336 218 490 505 321 512 409 91 341 348 563 205 633 457 126 502
466 682 727 63 432 597 857 523 471 592 925 7 426 153 624 175 383 594 401 204 110 812 360 608 236 752 723 721 50 743 157 765 794 121 903 900 262 582 228 510
805 642 643 168 319 183 586 687 318 684 220 739 129 535 278 317 720 862 181 221 688 988 556 589 47 394 765 554 780 62 931 932 261 864 579 957 79 297 417 302
10140