40
7
851 781 253 594 748 419 819 340 627 57 491 740 810 672 784 205 733 843 366 13 252 983 336 642 122 416 745 426 928 495 467 91 140 770 884 699 995 1000 937 982
674 123 188 257 787 3 822 916 246 218 724 378 394 169 340 38 735 654 239 747 5 566 193 144 645 879 772 635 966 664 673 461 164 361 582 867 60 777 367 561
612 996 585 521 863 338 238 708 728 955 589 654 298 133 508 542 251 734 160 160 861 791 857 857 48 933 146 825 595 12 334 237 506 252 541 378 548 490 134 350
899 42 333 465 521 933 8 310 129 710 672 356 812 678 667 790 436 876 4 267 266 636 96 785 712 905 966 946 424 258 802 172 356 848 66 777 733 169 865 916
217 390 636 310 552 690 989 931 672 98 123 812 685 174 727 984 501 601 169 389 319 735 592 552 370 71 788 122 946 885 355 911 108 830 1000 806 102 738 603 72
26 273 189 470 409 166 211 134 102 595 976 819 281 410 798 741 463 68 656 6 393 670 759 835 245 26 824 750 532 342 631 646 889 194 422 339 550 580 65 551
764 523 252 209 175 702 400 648 78 777 20 822 616 421 539 530 351 830 78 127 123 987 660 275 289 284 649 736 565 782 472 914 201 231 965 474 143 838 401 240
323 546 162 938 547 185 919 431 270 151 409 908 731 491 517 59 245 283 844 650 158 770 102 134 764 443 983 277 181 668 377 559 814 890 573 724 518 523 697 621
10193