40
7
964 659 789 298 86 966 894 309 766 501 786 83 383 670 411 272 82 196 669 863 888 16 179 998 270 141 401 649 274 681 322 676 587 153 319 348 373 259 147 319
701 43 120 952 867 613 530 822 833 559 279 955 247 703 46 686 464 515 652 976 588 217 765 138 525 540 120 506 787 992 222 598 297 452 5 965 741 29 638 692
738 244 371 77 781 507 304 482 347 268 876 152 338 470 740 700 166 840 504 897 516 533 373 842 558 479 922 871 747 264 174 13 714 953 726 665 251 495 336 636
689 880 617 148 189 930 491 713 780 829 693 718 556 720 498 792 254 390 556 841 114 671 236 80 683 521 688 646 638 798 55 570 415 485 668 197 501 718 494 708
26 414 530 958 280 13 93 572 370 493 815 859 594 537 853 393 91 768 43 692 662 476 969 940 869 390 678 948 565 717 721 897 65 515 97 816 825 308 263 332
775 408 710 145 108 417 891 713 974 62 114 596 974 689 670 664 435 286 588 461 445 30 78 952 308 966 273 609 48 634 986 552 2 516 692 436 459 873 534 591
21 563 274 16 728 24 787 844 819 201 616 583 831 380 430 293 783 907 4 719 708 171 776 51 869 728 547 995 367 416 906 464 600 937 742 761 114 172 763 505
8 392 850 131 556 165 267 847 400 677 637 954 991 120 601 214 133 856 153 583 696 695 964 646 667 817 984 697 98 636 961 305 63 272 552 324 821 421 251 303
10354