40
7
819 518 328 243 730 714 890 211 132 623 30 772 355 258 694 317 814 902 854 648 763 850 679 768 626 946 843 756 456 11 476 622 351 753 772 334 174 192 68 779
874 960 657 873 717 273 154 418 902 176 603 126 395 660 121 160 80 686 897 40 724 865 252 158 878 704 113 573 38 319 52 47 770 243 157 920 880 67 973 167
321 774 298 856 5 324 414 886 323 100 872 886 891 292 160 10 517 330 698 84 468 233 828 74 548 969 734 920 450 490 382 507 393 191 696 149 137 244 484 289
592 436 326 927 110 322 499 814 312 869 93 934 731 407 7 710 45 727 355 371 614 264 8 376 288 283 582 590 482 955 426 275 313 384 943 823 586 690 658 905
870 941 703 722 905 676 458 1000 834 196 330 417 910 79 525 6 370 694 181 582 702 921 524 793 485 76 849 185 904 833 892 829 323 491 5 368 564 574 46 291
526 18 978 782 160 670 52 872 328 997 355 782 238 598 851 331 627 536 83 425 212 177 475 667 318 706 331 558 572 195 462 529 109 599 200 123 718 253 714 180
284 284 937 636 15 362 997 460 231 818 264 819 82 467 925 634 230 673 631 300 149 470 111 1 981 70 788 583 363 985 239 324 431 546 56 468 59 752 412 426
106 95 813 606 262 946 60 712 457 413 380 850 891 920 287 827 426 576 689 377 598 105 379 758 511 100 658 831 816 913 916 465 682 547 390 573 536 988 878 904
11621