40
7
122 720 814 119 554 898 545 69 783 679 849 284 115 406 802 535 290 687 416 407 493 512 195 671 417 486 6 793 195 557 831 17 639 556 635 510 905 847 180 47
307 73 142 802 795 30 627 926 279 61 599 253 655 68 56 809 193 937 757 507 861 530 350 792 103 121 636 944 627 5 152 641 52 25 774 530 973 191 306 830
409 296 792 999 573 532 467 81 236 322 136 159 679 995 152 673 897 531 83 990 350 724 292 391 218 464 193 30 655 230 965 816 992 768 167 638 695 732 188 795
617 105 848 965 49 700 187 9 403 658 254 654 187 925 677 400 144 274 246 154 953 219 961 866 210 136 1 510 586 551 534 926 974 962 106 730 912 35 574 231
999 858 183 814 755 337 41 431 150 143 222 588 993 188 645 592 773 942 864 714 450 846 233 431 947 340 885 85 601 311 546 970 423 375 680 283 228 138 789 985
547 674 309 128 21 649 352 762 156 109 88 637 567 408 310 833 130 131 410 594 313 392 22 794 919 795 345 28 530 880 978 630 445 242 216 761 881 434 596 359
826 936 990 728 344 167 596 260 863 899 345 81 539 888 242 798 618 851 224 452 575 753 652 49 197 303 820 141 221 165 182 593 824 982 752 576 31 976 206 351
183 75 435 766 21 530 421 635 312 955 536 387 333 433 628 162 836 638 307 434 897 768 739 524 915 578 120 209 248 892 994 246 378 897 954 325 15 826 611 953
10558