40
7
96 773 663 227 646 800 720 722 457 423 628 854 45 620 580 644 514 894 689 749 941 155 267 301 812 428 405 381 215 8 340 968 625 539 520 870 286 572 48 138
480 986 516 332 731 800 288 35 333 372 404 417 17 177 151 624 66 411 58 815 301 263 492 462 406 350 984 987 898 772 344 280 665 241 392 436 218 493 597 279
910 767 950 947 264 863 522 681 413 420 728 9 973 986 966 378 194 843 538 220 890 164 765 737 838 258 537 485 891 381 419 500 522 99 523 504 787 380 801 375
100 887 137 551 848 316 803 734 415 542 351 827 918 267 597 902 687 354 562 695 560 572 411 503 495 171 168 640 176 736 656 44 848 304 857 777 432 810 273 639
384 916 668 705 378 637 321 218 270 321 563 358 108 783 828 787 110 706 224 782 904 951 375 214 315 707 348 578 557 975 521 65 792 912 501 270 81 464 697 24
327 825 513 967 223 967 209 190 200 103 552 981 151 217 776 606 144 49 690 307 271 641 881 381 73 882 632 340 629 217 353 35 732 543 665 126 681 320 553 829
539 838 62 853 393 749 317 308 285 264 505 502 359 488 683 435 468 608 377 86 795 225 631 424 658 138 99 307 437 567 292 572 529 248 419 420 632 17 616 539
448 485 489 295 604 783 868 330 940 879 678 677 487 750 889 934 717 777 924 963 31 310 76 919 915 208 662 460 564 250 187 74 387 655 376 268 614 208 41 351
10737