40
7
947 485 864 192 799 407 618 744 987 418 814 121 626 741 972 616 469 723 608 880 89 927 122 599 19 731 446 945 946 154 286 79 263 422 342 144 271 435 222 275
919 211 506 502 597 896 77 34 582 569 977 786 209 971 168 944 779 545 84 199 302 117 75 21 790 108 112 538 79 90 222 536 980 705 193 778 812 869 515 772
373 81 788 190 808 539 682 344 98 504 910 977 946 611 726 305 452 740 119 61 870 328 365 411 186 979 258 430 73 335 871 115 44 325 26 22 227 340 540 21
74 924 407 301 335 524 469 95 131 491 640 775 821 22 873 881 535 340 598 451 901 875 392 371 651 338 902 153 912 138 421 496 391 868 181 228 699 60 205 397
513 89 674 721 879 126 259 803 507 170 534 871 10 449 309 524 876 700 284 236 513 520 367 153 760 964 142 559 529 2 378 568 857 576 977 925 198 234 868 622
140 396 200 219 136 260 192 852 316 758 862 380 651 195 8 234 33 369 804 724 235 368 321 90 723 435 224 383 843 680 184 420 604 281 873 589 442 17 994 138
895 277 123 459 832 430 55 477 740 653 403 857 208 941 738 866 955 650 815 556 687 311 141 67 674 127 549 53 163 359 313 571 573 277 887 687 925 996 318 940
260 653 919 353 269 287 463 451 725 309 511 711 584 625 276 256 911 594 75 306 279 765 863 688 303 754 640 189 574 38 684 765 567 639 155 853 743 136 629 607
10205