40
7
117 352 618 382 612 747 863 288 855 844 603 376 102 677 293 56 86 679 633 305 600 836 329 798 799 225 822 186 966 520 368 133 518 774 951 452 291 715 590 642
530 519 743 900 360 223 541 405 568 35 858 792 398 773 975 428 956 181 836 82 847 712 381 696 554 344 792 477 95 255 410 414 331 199 118 669 456 7 974 297
939 528 380 535 740 119 946 518 269 141 140 530 754 743 296 512 769 959 22 446 156 220 838 323 994 486 904 173 614 119 524 988 439 43 681 99 637 127 126 746
631 913 815 201 118 702 152 361 791 869 89 646 654 815 425 494 68 47 85 558 995 982 285 418 428 312 541 393 512 779 619 697 850 603 859 51 974 30 192 776
883 498 962 344 366 839 43 700 438 109 12 438 480 961 601 968 589 114 977 65 331 374 579 990 492 696 474 912 24 256 941 113 446 28 197 651 817 744 515 137
709 254 610 222 461 819 705 509 632 120 223 79 66 816 590 245 702 830 577 161 767 228 637 307 266 120 655 417 911 114 548 874 402 626 463 242 988 447 57 123
546 590 660 871 532 759 481 99 534 337 288 229 447 86 515 149 353 812 921 807 949 505 900 419 226 468 373 897 418 223 424 221 860 821 685 49 987 22 730 611
324 453 371 796 342 161 707 298 365 71 223 750 902 289 640 309 855 486 910 562 227 27 721 148 715 45 829 582 950 115 646 498 642 479 391 686 166 611 372 710
9687