40
7
985 12 461 285 525 40 39 50 831 662 753 211 34 972 341 168 899 468 68 730 353 736 888 377 296 849 225 139 985 137 828 976 695 843 593 103 579 205 291 83
628 503 552 868 967 481 29 271 214 589 141 790 594 726 469 252 756 913 163 836 773 228 365 330 594 256 990 42 723 359 823 180 4 921 214 30 151 188 703 667
823 482 661 247 688 896 762 480 204 82 915 508 859 647 48 967 412 583 850 632 693 71 159 965 57 582 428 825 179 416 508 282 557 923 66 403 383 336 254 909
790 178 933 326 191 195 571 208 688 308 631 878 826 55 618 871 516 487 778 677 832 772 6 663 359 796 619 500 118 382 975 116 702 186 501 572 475 50 467 465
53 154 456 833 272 26 57 318 823 559 192 78 238 781 949 76 793 526 292 571 281 370 169 860 62 299 645 534 657 247 305 457 34 501 37 264 60 766 54 630
885 131 192 12 276 968 431 562 241 93 476 52 784 136 136 875 659 942 693 555 698 692 923 744 793 955 62 854 800 537 90 106 693 721 520 721 81 568 307 313
670 716 649 281 168 520 482 464 818 13 824 100 23 84 383 815 875 509 899 40 296 633 937 503 641 645 968 932 835 762 100 40 843 622 383 945 557 712 900 725
678 437 523 116 390 440 409 895 893 716 371 833 532 928 946 87 991 304 261 229 205 429 642 243 425 569 141 200 212 789 530 40 330 494 66 321 633 556 166 996
9483