40
7
891 688 142 84 347 182 780 357 860 914 748 361 519 541 594 599 801 677 437 691 103 916 1 416 149 733 312 858 770 660 914 26 917 286 854 140 710 981 594 332
899 415 17 388 757 530 668 888 540 792 430 351 406 595 154 684 686 795 131 539 719 917 69 493 336 2 5 403 738 321 696 305 811 142 941 702 297 428 463 857
674 207 632 141 457 41 385 878 612 174 973 895 959 560 201 628 195 402 361 631 937 204 937 100 475 602 647 830 776 979 747 794 47 178 325 490 241 300 13 849
8 797 227 815 674 771 443 13 983 590 846 937 468 226 280 361 395 438 440 997 780 326 158 693 392 536 780 101 329 486 202 452 32 651 886 100 278 115 155 69
789 926 718 172 109 910 804 265 795 647 674 531 648 823 254 874 934 440 789 229 647 232 717 687 1000 644 716 714 759 829 427 936 298 203 352 977 157 952 57 208
949 506 8 380 822 633 498 450 639 615 513 313 515 813 239 823 879 784 715 781 829 616 199 378 631 315 450 729 6 637 755 747 376 668 184 731 180 30 685 743
70 825 29 407 660 921 911 738 890 307 471 443 20 255 240 133 70 296 359 722 517 681 33 494 858 482 867 308 518 171 528 974 926 317 954 12 988 183 861 277
860 241 708 526 855 877 821 462 912 479 151 229 186 523 506 164 737 935 586 106 201 394 293 757 763 230 217 591 449 643 720 897 524 867 206 349 542 777 302 855
10721