40
7
131 192 36 454 635 400 629 403 84 189 988 685 210 946 577 855 119 709 610 391 766 185 802 124 40 385 209 607 527 165 295 384 333 509 60 567 502 78 845 971
727 979 972 694 620 51 10 665 962 659 65 801 862 468 305 308 14 213 600 68 537 104 810 325 978 540 538 282 467 312 665 231 239 77 909 174 673 975 828 605
990 483 412 579 831 433 544 561 534 225 625 701 385 396 739 249 214 244 881 328 295 873 392 66 222 903 270 715 168 883 895 376 777 838 423 922 327 137 429 180
766 836 318 288 143 313 770 682 15 622 760 219 963 871 274 938 615 93 145 255 701 741 718 822 732 324 129 515 340 363 273 811 164 566 383 755 718 973 766 513
309 220 383 177 631 558 334 534 270 160 358 828 104 518 682 241 877 145 397 488 564 98 697 297 769 556 17 943 654 878 500 549 47 982 780 741 403 658 58 838
264 961 731 646 297 420 222 115 612 745 266 948 112 821 870 407 570 280 879 156 699 7 906 746 292 673 128 222 306 532 695 159 645 534 85 696 841 373 335 794
257 247 613 561 858 846 68 990 925 107 602 323 548 481 689 713 80 464 513 725 135 834 334 459 507 424 597 762 836 970 187 88 942 273 235 877 315 807 652 714
393 778 95 106 416 787 21 130 772 107 367 895 343 958 938 105 607 911 563 40 832 163 714 108 264 886 374 163 359 417 235 404 110 253 775 498 411 374 512 632
8908