40
7
725 727 878 356 696 479 330 703 545 251 97 506 555 690 902 117 821 281 462 990 118 596 792 461 535 42 937 404 905 749 2 187 188 119 548 371 678 386 556 980
138 232 359 455 397 469 225 551 957 667 142 738 191 392 834 149 658 477 569 579 25 389 463 342 13 526 137 10 207 343 182 393 569 361 832 957 63 791 88 781
177 308 653 23 765 969 53 313 681 731 26 354 677 922 987 728 276 684 205 344 615 604 747 424 643 291 25 410 233 947 887 33 181 25 344 102 808 354 99 660
577 258 508 449 828 268 748 942 469 491 473 369 784 333 816 440 136 179 963 134 641 381 558 904 571 678 91 494 346 877 130 135 685 68 722 434 393 487 266 800
125 563 977 511 703 268 170 561 349 319 380 725 834 228 175 461 328 926 145 267 395 587 444 178 751 899 891 233 99 87 369 731 389 285 817 940 307 847 551 578
611 800 216 631 135 31 328 186 272 1000 135 794 832 890 107 961 517 540 391 885 793 342 334 908 152 941 84 599 881 231 984 437 237 980 36 775 485 748 179 221
314 646 657 3 717 848 331 663 325 862 826 1000 625 229 903 199 696 766 963 694 773 23 590 96 181 241 416 510 504 80 708 709 123 55 225 521 63 964 216 477
655 761 819 134 833 641 239 26 147 712 983 481 817 866 629 157 223 951 806 810 201 295 284 3 158 681 874 607 403 358 712 312 421 351 52 278 198 111 361 435
9393