40
7
137 441 339 82 492 5 851 456 893 910 435 935 121 633 160 900 793 310 753 37 412 11 860 16 472 631 78 691 637 440 840 959 855 976 389 936 164 57 254 874
404 747 457 368 969 727 828 62 851 113 378 942 695 31 891 29 941 832 822 689 1000 127 646 12 315 325 209 466 397 86 422 90 1 753 631 537 532 250 434 960
692 793 900 26 882 524 716 243 992 832 690 576 633 487 936 597 900 763 796 692 947 509 42 155 362 538 428 45 986 634 118 71 822 216 674 63 580 361 717 635
927 862 297 716 464 6 338 607 175 855 575 353 616 315 821 381 599 560 284 24 705 553 823 77 254 89 310 686 178 693 977 352 475 903 109 929 645 713 505 543
613 888 640 830 712 327 488 374 520 104 813 175 744 372 730 233 343 434 666 491 519 27 983 252 342 575 532 752 691 700 520 851 473 131 707 329 997 854 249 33
363 435 274 16 730 136 282 944 304 231 409 697 45 929 65 335 913 740 399 835 525 573 514 901 35 702 501 869 103 175 728 863 996 457 786 854 923 614 222 542
695 897 1 594 169 658 905 774 4 21 388 424 114 257 908 728 157 555 37 1000 633 787 432 532 24 29 439 213 682 106 19 195 479 927 567 201 763 589 588 182
393 353 293 733 455 930 745 31 598 526 204 613 193 643 714 289 614 934 382 779 474 229 933 495 533 441 993 537 801 161 129 796 603 651 773 173 579 538 485 241
10494