40
7
442 508 455 336 249 840 253 225 528 510 704 884 173 563 638 336 237 123 382 462 254 829 728 778 379 321 775 526 690 508 474 81 174 671 881 535 797 650 519 925
191 449 732 451 408 327 995 10 48 977 117 554 780 550 850 747 103 169 662 3 966 535 906 167 72 964 495 71 568 31 831 803 81 321 226 256 173 394 522 182
184 792 781 259 501 320 845 713 234 46 441 910 16 992 731 380 467 391 250 111 876 892 680 894 319 672 770 666 196 318 782 722 234 126 403 150 300 19 106 993
223 510 931 403 60 634 48 491 294 255 63 214 691 826 368 148 942 335 961 874 390 823 868 685 646 602 903 84 206 926 466 376 719 891 545 945 511 189 943 550
221 49 661 648 291 361 198 434 369 870 443 950 171 975 454 461 668 336 621 223 194 77 302 846 782 498 851 947 961 305 426 626 140 649 295 849 532 776 642 784
109 548 174 528 701 75 402 196 123 680 580 97 230 709 629 456 677 160 955 574 695 369 166 512 408 559 324 645 701 228 291 522 703 107 295 779 281 877 752 57
541 839 544 711 609 771 321 598 367 758 639 39 37 281 310 27 8 810 376 311 791 454 486 772 793 863 305 165 902 360 292 207 513 422 415 980 980 516 51 859
834 98 92 1000 688 963 753 600 627 933 753 169 685 157 930 518 76 82 889 139 14 491 811 238 549 818 414 1000 958 953 260 447 619 973 472 555 492 856 46 923
11438