40
7
182 327 341 138 131 475 585 403 791 728 30 63 280 507 122 815 991 897 667 71 332 287 860 32 261 870 297 900 326 97 163 364 808 112 444 195 304 323 847 305
182 170 13 273 662 148 206 162 578 499 235 962 695 783 867 104 39 612 382 131 591 30 746 322 8 68 635 860 61 877 655 820 14 594 884 943 920 657 356 33
172 395 310 816 194 934 830 134 69 615 42 927 501 575 383 855 628 56 798 239 941 562 927 44 286 942 580 712 309 33 435 920 534 982 632 185 658 388 676 624
438 745 973 97 352 49 778 904 902 792 3 528 852 837 897 77 210 825 143 493 410 194 430 228 855 61 614 152 47 634 552 171 566 517 301 433 80 196 152 871
218 790 598 926 845 47 75 822 522 519 107 946 319 980 85 854 219 746 773 907 626 119 890 87 809 789 865 121 924 380 864 277 590 487 680 458 553 489 314 27
586 860 258 590 859 995 417 2 772 340 487 754 820 683 167 590 396 150 909 842 406 935 844 350 308 676 259 331 205 863 88 208 224 325 285 28 977 797 580 394
958 339 992 31 32 766 175 654 452 272 831 611 522 742 260 166 999 659 448 427 229 806 488 72 717 316 244 913 576 734 489 770 427 580 465 563 751 174 565 884
831 329 76 879 753 548 880 477 94 58 160 616 299 424 882 251 266 500 749 517 972 652 182 795 555 57 439 576 999 311 824 257 827 742 872 930 783 939 951 345
11299