40
7
471 395 29 197 974 176 942 520 130 31 43 730 277 182 413 690 393 906 687 480 558 701 893 543 61 476 954 974 377 936 650 591 479 164 724 699 894 623 71 551
645 577 627 841 275 190 984 863 25 80 851 84 785 835 508 775 366 849 401 465 449 55 489 481 949 421 645 693 787 440 700 62 881 610 639 722 275 899 685 313
30 150 539 593 609 994 103 611 663 335 414 982 905 140 416 88 547 290 635 409 744 957 21 652 408 51 606 420 700 974 402 896 601 15 609 600 540 614 565 21
362 732 816 392 646 928 313 311 580 732 7 297 437 8 720 525 557 311 775 136 90 320 322 869 285 484 164 641 874 791 114 181 327 497 411 706 384 619 544 274
97 944 344 647 323 412 245 590 91 363 420 5 734 850 875 521 521 366 156 39 179 377 644 371 940 999 558 854 182 65 255 378 283 110 13 172 666 481 940 93
842 409 962 135 629 397 480 910 23 791 325 589 873 574 353 431 516 512 317 114 315 730 497 662 169 903 407 291 138 609 690 82 870 952 323 299 147 249 320 398
23 84 616 241 378 415 973 636 503 518 619 110 509 984 215 157 710 523 977 369 499 474 855 510 324 939 121 295 838 900 369 677 751 315 168 430 647 491 237 625
941 406 964 105 153 680 222 909 892 689 284 439 126 761 828 24 545 678 729 136 311 63 94 856 901 695 578 426 892 785 671 640 143 727 322 289 987 961 358 193
10702