40
7
1000 659 173 530 756 328 99 580 371 284 338 707 756 984 371 178 836 954 922 698 5 748 900 682 257 612 813 268 251 49 503 67 571 528 15 791 328 758 842 548
415 359 846 311 454 458 802 822 263 833 165 942 160 946 8 123 358 839 771 521 121 137 905 954 92 408 302 783 962 821 597 825 389 744 651 41 512 281 673 500
163 74 648 41 535 670 344 600 550 201 282 83 947 268 443 388 895 472 841 359 308 575 49 545 201 387 123 344 599 868 497 855 726 777 359 649 290 818 541 997
780 971 439 44 841 840 62 845 166 962 908 465 149 312 328 618 139 420 599 394 295 132 190 428 760 118 178 646 842 818 402 750 953 621 205 221 718 513 546 26
134 50 764 755 290 551 809 754 429 521 728 643 180 279 266 786 900 135 337 485 696 93 631 565 781 159 831 344 889 369 144 187 195 134 734 301 223 857 33 211
139 809 387 85 976 164 233 243 959 470 574 721 416 945 808 692 836 122 319 470 923 475 298 292 422 175 215 609 456 875 880 994 553 781 380 327 657 337 254 867
985 952 745 992 228 372 743 104 610 44 470 919 180 991 980 617 406 679 216 714 442 100 782 762 763 640 170 989 623 504 551 973 964 755 936 885 9 961 770 662
104 414 382 783 858 177 287 382 645 643 834 612 567 242 532 950 226 441 186 584 13 493 806 563 823 71 788 828 186 309 53 946 479 660 902 840 489 982 388 36
10252