40
7
848 231 593 702 595 757 357 333 108 425 729 374 890 205 457 184 574 555 794 237 447 680 878 807 721 848 892 674 850 224 543 980 418 35 160 977 608 627 291 477
61 49 900 696 210 506 48 536 275 454 644 382 338 817 87 234 990 280 608 367 367 736 300 193 991 614 379 498 350 515 469 854 290 800 868 881 467 352 438 348
237 966 573 272 909 153 747 532 138 852 227 946 434 527 986 122 811 387 798 558 950 365 117 473 503 413 785 148 71 693 835 486 732 112 44 811 386 881 626 54
166 203 302 277 952 428 964 722 409 951 965 835 595 74 276 224 498 99 763 126 609 572 681 32 183 359 634 687 318 485 421 174 504 723 266 1000 236 183 488 423
345 995 898 428 132 697 281 301 525 579 235 393 232 114 697 97 488 298 150 811 999 871 688 548 418 351 319 249 467 197 929 480 881 610 397 626 563 958 703 30
425 71 316 468 22 659 76 403 998 145 94 763 357 963 19 583 839 862 693 641 167 606 197 222 500 171 995 276 275 362 598 529 280 228 531 748 1 961 42 325
944 906 593 924 363 437 539 291 506 560 14 893 391 671 681 852 25 713 131 912 301 428 755 655 456 870 975 692 408 260 446 779 544 297 6 616 477 550 217 152
885 189 182 474 145 865 597 146 400 17 213 380 905 71 959 885 567 488 786 380 467 586 239 318 588 945 300 704 449 238 372 312 440 259 958 65 166 544 393 712
9295