40
7
825 655 419 453 421 434 859 92 852 337 812 263 57 189 982 13 59 9 482 671 923 876 931 595 829 291 831 430 547 515 749 155 541 273 144 953 38 271 758 742
199 398 255 866 899 191 857 489 726 97 524 811 110 415 411 221 467 360 864 787 548 174 979 109 331 438 72 737 290 248 80 13 849 433 775 279 990 694 936 803
791 973 48 71 486 277 379 329 723 161 801 252 856 468 200 253 573 422 359 446 695 276 521 560 794 554 870 957 12 595 267 653 168 578 936 217 6 998 878 831
388 472 600 154 600 935 743 247 403 320 153 348 829 784 81 69 502 357 955 561 669 610 474 74 270 304 988 154 265 810 451 329 71 656 956 137 873 857 218 413
803 551 399 678 967 486 488 620 51 543 758 231 971 813 544 218 431 954 923 426 667 519 44 570 55 603 9 103 264 505 251 835 450 226 722 890 127 571 598 905
398 637 710 610 607 794 655 27 687 217 561 464 836 27 998 259 962 83 155 502 626 387 585 989 652 240 451 975 458 48 36 656 25 636 966 193 666 803 97 600
723 222 681 318 876 758 533 225 554 888 221 847 162 284 671 987 124 520 913 909 152 284 219 820 426 20 534 68 928 976 867 582 658 865 197 901 147 669 82 343
850 444 581 942 484 541 704 310 912 491 337 9 72 954 818 300 397 603 995 125 212 480 175 152 558 343 491 16 135 926 285 756 159 59 451 364 7 854 740 772
9402