40
7
464 648 275 338 889 258 491 291 953 866 232 665 782 614 11 168 929 353 579 394 568 355 549 632 775 407 514 4 429 896 667 958 119 531 62 386 280 788 736 380
69 906 866 241 472 760 274 325 32 427 638 262 582 1000 506 279 375 749 759 50 362 590 72 226 186 814 734 220 879 761 387 212 895 138 329 649 859 698 923 844
474 335 189 216 369 206 333 543 395 828 704 569 650 257 855 125 134 591 346 723 476 887 13 754 784 216 34 157 779 389 600 480 1000 661 741 756 651 995 597 384
813 373 724 257 360 174 59 291 786 749 506 112 64 477 668 448 27 179 369 517 96 363 3 544 231 655 570 786 563 843 706 56 569 940 142 803 678 639 281 836
8 888 614 585 103 246 912 322 242 144 708 19 773 990 569 565 816 93 75 157 742 318 920 446 984 418 434 794 290 124 175 819 38 834 850 321 942 258 80 880
853 128 527 126 254 410 735 294 871 135 820 997 736 407 943 522 445 718 810 509 602 634 307 54 440 882 565 351 656 392 440 409 504 539 599 263 171 334 368 575
641 602 993 899 272 208 846 217 204 558 102 272 762 25 273 154 58 824 891 2 430 780 311 347 3 130 684 431 807 821 492 587 499 518 675 718 991 724 777 483
754 128 633 810 968 59 880 324 288 514 837 347 590 583 840 740 547 579 544 846 809 226 420 960 382 161 110 744 105 459 288 17 306 720 192 373 19 779 802 508
10096