40
7
635 76 482 740 961 637 87 511 796 201 860 563 498 870 505 670 226 522 66 872 48 577 892 249 303 384 826 603 857 545 427 788 367 545 794 712 239 746 891 236
94 400 178 49 469 484 615 77 579 377 943 398 750 726 727 484 328 982 107 176 439 203 71 642 690 113 918 470 113 70 875 236 812 177 230 934 523 893 570 910
394 293 831 734 315 633 544 734 797 728 144 185 329 633 343 632 683 551 315 436 513 370 469 484 19 617 968 991 852 936 386 872 418 98 661 345 553 374 1000 296
813 363 53 638 712 600 509 348 453 424 196 817 68 901 264 511 501 60 293 810 154 739 848 903 798 625 402 18 316 127 130 184 590 770 741 447 50 500 66 305
285 755 4 278 100 75 838 859 338 933 868 98 781 737 229 699 111 284 501 17 546 667 943 869 890 485 97 32 747 824 307 825 221 178 71 279 209 367 592 169
520 101 872 404 684 842 535 715 723 667 756 239 8 527 537 915 323 318 291 640 350 23 937 923 1000 695 271 737 809 38 72 141 642 633 940 76 221 616 97 320
978 401 430 402 233 45 266 100 215 592 171 575 194 626 737 648 924 562 599 501 562 434 636 187 895 761 13 810 217 799 663 904 811 194 152 189 982 978 808 425
874 779 505 958 118 411 229 804 371 845 550 413 531 577 286 491 746 148 851 543 843 745 992 872 406 993 701 973 423 657 15 434 389 750 272 132 588 166 423 180
10992