40
7
321 770 334 510 811 46 412 167 925 755 227 209 345 110 447 408 154 433 61 837 628 177 692 419 729 66 681 229 22 431 949 653 656 193 424 266 649 995 63 490
536 572 807 781 131 952 179 307 751 464 623 974 581 419 157 621 455 409 418 878 885 133 387 357 816 209 221 190 351 31 249 396 193 640 611 724 690 330 889 430
366 260 245 283 647 397 931 209 134 188 539 733 645 969 267 489 304 358 657 871 574 697 435 619 53 908 205 206 326 115 658 4 927 352 620 65 516 567 660 253
499 653 311 396 184 288 338 31 573 627 561 44 847 106 114 79 487 67 517 223 972 479 837 248 647 803 775 782 423 340 235 509 423 604 842 662 394 870 713 977
949 245 53 154 480 256 383 545 999 37 307 394 622 844 668 249 501 933 346 879 956 48 543 398 995 320 483 191 414 764 788 70 797 316 709 149 295 171 276 454
799 713 637 890 450 83 368 585 854 54 285 629 306 996 837 523 315 551 901 583 565 569 841 107 546 664 861 485 775 578 458 664 483 921 691 786 192 879 916 643
783 933 284 235 9 20 938 839 738 870 79 907 558 420 823 32 81 443 545 343 747 440 948 435 226 256 586 116 268 145 48 170 285 582 944 361 270 718 478 254
492 948 964 19 645 979 849 715 404 673 827 637 171 840 290 412 713 115 728 988 172 772 881 549 139 827 500 578 436 393 489 757 262 405 171 969 913 641 882 447
11796