40
7
2 648 563 297 731 127 440 185 516 934 110 245 548 761 158 950 775 902 370 600 534 775 299 657 344 473 213 121 841 602 759 242 739 791 203 699 598 78 46 232
750 461 153 319 889 620 402 179 872 349 164 270 319 415 400 280 363 490 93 818 856 440 505 907 243 318 692 534 826 199 411 896 801 798 787 84 150 216 772 156
678 531 289 388 3 713 575 264 492 777 914 904 515 696 905 478 321 728 444 431 377 315 51 651 21 508 951 237 190 165 27 815 50 77 795 466 917 856 687 547
60 270 649 724 338 95 128 751 753 70 496 477 118 383 731 265 579 72 417 938 485 655 108 164 448 111 471 326 940 909 225 49 149 582 501 817 937 32 97 32
927 731 157 153 574 643 365 206 255 965 577 409 354 47 170 619 708 207 576 94 633 190 895 815 407 204 712 635 197 749 845 553 503 901 415 558 611 682 888 609
451 996 551 368 664 85 224 395 138 398 113 207 773 484 744 705 742 908 138 208 470 782 984 698 488 22 229 833 577 600 895 481 70 396 115 161 920 496 401 355
249 707 814 334 544 896 412 550 89 818 274 969 516 283 804 154 276 137 308 847 320 999 191 642 14 348 905 735 124 244 879 370 326 872 878 276 782 668 407 602
245 645 379 662 96 955 553 612 791 990 687 929 411 654 640 32 696 698 879 385 100 45 801 930 192 507 433 982 703 996 434 639 505 358 774 394 435 871 32 40
11055