40
7
179 632 96 453 28 297 996 248 187 125 742 848 506 216 588 383 944 64 329 685 643 550 333 618 763 899 700 277 469 919 508 247 312 425 79 341 271 404 807 291
112 749 219 858 253 880 213 579 162 68 990 392 737 768 685 477 330 857 120 57 141 457 764 959 73 220 654 418 426 615 822 744 796 413 824 494 196 55 794 770
981 499 173 473 120 565 43 627 708 974 31 146 8 152 335 532 784 844 950 873 71 152 419 322 732 488 541 818 310 417 903 677 874 3 553 356 770 622 276 259
898 199 481 53 958 975 662 74 729 376 916 252 156 686 511 907 853 221 173 137 279 456 411 147 667 981 760 346 409 290 175 193 101 739 309 55 101 506 420 628
26 951 361 14 849 204 924 866 73 159 227 529 752 904 793 29 733 167 994 965 512 823 896 538 975 585 107 688 226 748 429 307 759 220 764 315 199 452 980 412
432 335 823 189 230 124 551 27 782 930 54 81 426 925 557 254 506 616 595 58 866 763 642 43 454 608 575 416 981 275 453 811 672 63 234 740 296 11 291 93
264 666 73 728 994 981 81 214 231 426 29 839 296 249 355 426 66 985 419 888 882 295 431 503 336 54 305 603 37 568 372 97 368 675 921 1000 751 695 329 744
110 359 792 113 627 432 863 669 665 656 549 855 802 860 259 142 598 899 837 436 65 549 597 333 955 244 453 108 306 536 793 6 695 699 657 567 166 655 177 963
10524