40
7
800 715 751 55 551 233 837 551 444 381 281 500 392 524 172 872 86 623 126 821 129 771 521 601 317 695 164 107 377 177 211 452 681 794 754 445 519 348 940 691
586 495 872 583 231 62 505 170 683 546 254 128 761 852 30 467 459 995 122 667 324 804 558 71 728 181 407 526 527 231 258 334 836 354 65 106 811 505 902 985
658 37 857 488 351 636 701 6 34 443 625 765 453 886 944 165 791 269 278 354 24 262 926 31 630 343 522 32 56 803 515 802 305 205 24 811 247 747 715 931
82 977 568 355 867 32 75 524 359 124 197 429 106 90 823 5 550 507 793 291 480 670 98 911 114 4 111 191 771 366 472 906 846 674 658 472 460 45 437 431
1 734 546 496 302 644 592 84 869 910 65 464 748 277 191 927 2 170 162 222 794 913 344 996 513 199 53 282 531 95 496 105 866 152 376 808 822 821 791 353
472 596 725 604 404 67 918 259 868 900 300 532 722 832 722 944 330 381 61 176 573 772 704 802 919 166 213 357 322 651 549 341 736 939 479 727 820 143 607 735
47 150 203 853 467 37 547 775 247 396 899 987 212 935 91 700 58 693 221 629 185 669 257 895 899 447 327 103 595 482 216 218 384 887 653 592 379 690 540 601
616 358 682 618 561 73 782 32 663 785 882 517 219 996 445 60 414 149 707 123 299 25 498 510 971 116 457 421 530 83 34 523 444 112 188 709 191 74 327 575
8385