40
7
62 483 479 214 185 134 486 129 958 963 133 434 402 266 173 961 350 862 585 159 84 830 887 676 717 555 142 449 477 649 481 178 505 317 352 59 182 61 876 779
654 991 644 263 204 960 873 296 278 454 240 399 156 229 819 815 268 387 495 375 457 877 490 171 540 986 251 783 924 371 350 166 90 360 581 783 414 694 491 520
855 592 309 638 812 281 967 96 715 10 192 635 283 138 629 570 710 366 547 824 649 76 598 776 553 79 56 624 551 622 418 664 419 40 843 693 29 237 490 269
970 142 46 232 642 813 593 648 996 303 632 88 524 506 542 481 25 784 769 91 773 660 844 360 477 847 72 830 75 80 748 463 199 627 112 885 839 633 864 113
101 982 584 430 509 653 117 982 347 326 175 236 949 268 975 262 645 322 397 78 933 203 768 318 585 95 137 957 208 277 119 98 522 760 778 127 128 484 807 510
679 256 865 46 782 923 838 223 800 265 221 491 363 711 604 816 392 601 828 361 887 449 332 105 488 202 406 568 197 671 578 11 483 146 19 310 286 209 618 122
452 102 602 117 820 127 94 233 292 140 927 532 213 592 366 711 779 669 654 369 922 738 773 113 372 323 847 111 287 296 675 432 206 860 840 446 908 505 142 514
317 93 279 911 44 710 866 764 821 726 513 191 959 808 976 444 530 955 167 126 409 85 843 567 47 388 406 591 774 1000 580 645 96 206 606 298 504 656 713 83
10349