40
7
67 393 905 66 861 759 608 144 519 88 454 532 923 549 570 3 295 393 336 835 749 899 270 413 858 500 837 695 759 913 245 242 396 863 514 209 816 832 609 724
81 940 704 642 761 568 641 664 446 874 134 492 86 723 342 794 519 533 402 842 727 184 101 50 722 661 106 453 951 333 778 967 195 198 95 419 693 688 269 855
585 327 1 710 69 135 723 899 590 686 141 338 436 660 149 403 656 375 105 317 221 350 3 151 468 971 806 766 782 292 544 199 774 817 425 793 644 589 458 935
914 861 656 963 833 769 82 530 396 269 130 450 168 302 79 117 271 474 316 918 269 940 2 559 90 695 644 490 784 822 147 588 669 943 140 742 929 396 328 850
408 923 619 575 83 181 604 783 348 877 520 867 617 199 469 661 93 843 468 162 104 128 859 576 496 638 271 449 799 618 350 653 333 598 959 387 951 33 892 200
628 191 808 171 813 447 436 419 204 956 351 806 88 832 722 998 932 374 294 50 671 621 164 883 738 8 793 697 739 304 42 409 783 704 401 17 864 453 902 476
135 641 963 21 645 751 1000 394 737 866 494 767 925 782 557 741 120 242 874 532 240 604 162 659 67 249 991 284 434 261 577 92 878 299 802 392 781 383 549 672
531 973 314 158 40 514 106 814 841 99 819 755 131 718 232 646 694 257 768 952 776 468 170 294 589 935 478 843 622 857 52 319 459 958 652 1 329 692 471 810
10569