40
7
814 486 295 394 760 173 671 995 994 564 764 20 341 555 185 214 181 409 945 459 213 834 304 539 604 579 7 46 403 105 875 229 332 301 628 826 738 705 21 914
465 805 658 421 271 951 771 383 440 575 603 25 685 324 465 639 467 437 795 571 14 877 583 13 543 779 355 786 990 281 309 374 599 611 688 299 803 445 638 82
743 608 546 803 389 868 430 994 226 144 691 593 796 729 786 410 545 719 55 478 783 167 341 219 255 530 171 106 797 737 429 178 63 173 444 424 67 453 214 383
586 16 667 708 900 868 82 125 977 904 511 833 236 369 456 608 129 326 189 790 164 483 988 89 440 292 415 395 400 745 886 415 921 178 175 203 955 989 22 660
610 157 79 392 457 649 707 834 469 18 846 928 942 905 460 39 637 456 167 112 850 679 128 522 78 756 141 976 143 795 111 638 74 322 797 238 935 946 782 297
659 564 816 365 443 752 764 278 648 817 676 165 183 560 867 54 753 612 3 573 789 341 262 818 35 412 597 15 48 498 621 998 811 885 529 131 694 657 573 716
85 277 228 305 209 286 997 672 408 197 880 139 663 253 489 863 678 763 920 423 564 287 1 662 642 683 236 94 23 217 792 750 58 974 615 81 926 621 210 687
349 217 316 983 971 993 45 97 400 882 138 592 622 876 784 491 663 816 207 284 3 749 361 664 715 395 374 789 673 610 418 703 123 707 746 677 91 889 945 457
10908