40
7
251 43 838 75 1000 195 418 204 750 914 61 910 432 328 807 469 331 663 5 752 661 134 801 668 468 101 87 478 310 504 699 790 380 790 597 872 191 186 795 321
155 126 263 562 305 400 928 619 553 381 613 883 842 212 695 74 253 78 16 603 865 366 451 511 47 450 124 441 426 921 436 850 387 961 900 377 458 675 476 968
432 201 191 682 820 407 704 965 12 306 48 328 436 895 272 519 567 264 52 306 158 414 459 507 55 713 934 834 225 306 402 917 606 751 643 869 528 330 561 484
752 277 313 210 636 1000 88 463 934 644 897 986 76 966 652 925 31 247 263 40 932 629 7 278 905 264 588 46 71 105 200 763 772 662 951 324 194 147 325 65
442 960 402 958 484 116 9 40 24 733 808 743 34 363 953 191 600 523 105 652 837 485 221 10 615 500 301 928 888 295 450 309 682 896 188 110 488 313 200 1
442 229 640 899 486 953 934 199 348 997 784 519 684 880 748 535 501 214 459 690 570 474 336 967 930 820 852 392 712 3 793 969 762 350 9 28 28 447 513 627
740 842 159 929 297 54 951 964 514 767 519 293 152 273 123 167 795 921 593 54 692 73 527 492 833 364 258 119 801 129 952 391 678 229 540 840 357 890 410 745
338 764 315 165 112 258 14 94 197 136 229 90 445 992 587 698 441 683 908 997 630 429 861 253 873 446 843 769 398 451 419 554 68 897 974 692 803 431 360 830
10222