40
7
281 766 496 175 506 565 210 145 59 388 779 385 912 482 969 6 940 923 965 927 184 559 263 825 460 298 203 880 156 994 925 856 745 394 729 807 306 192 882 17
676 393 27 745 331 46 721 952 253 473 267 473 948 402 284 224 152 985 670 518 279 189 998 720 885 239 151 543 725 672 656 906 12 376 134 894 32 237 798 439
111 473 94 234 512 299 601 871 978 359 418 417 825 752 302 949 110 737 421 278 513 480 174 585 988 450 171 83 107 676 252 46 182 106 870 226 784 363 268 550
262 146 288 30 154 31 787 160 427 331 349 627 773 348 347 1000 279 589 308 345 675 968 561 214 8 762 850 728 80 951 96 725 25 126 890 253 163 537 649 701
734 356 5 134 682 540 483 938 204 532 552 842 31 497 218 782 50 318 850 542 504 788 104 479 151 307 198 19 968 408 122 660 82 264 86 640 44 496 897 591
675 647 942 943 732 407 1 344 614 923 262 803 728 386 640 547 859 838 324 558 573 856 472 366 709 328 23 498 852 287 271 15 764 477 975 763 285 332 912 673
84 677 196 432 843 363 509 65 180 294 924 37 529 590 897 252 273 462 883 859 752 423 518 916 674 717 82 259 571 250 699 136 194 342 307 546 487 451 908 250
295 635 447 185 152 423 624 314 275 121 299 416 134 231 353 273 618 499 456 412 116 396 337 26 690 954 556 149 77 775 998 956 40 569 17 100 226 117 321 483
7533