40
7
132 282 675 832 105 637 158 985 224 78 939 31 481 447 540 290 713 607 897 516 438 246 403 375 702 594 155 691 383 877 7 262 279 225 792 447 224 943 736 433
365 769 181 914 227 787 30 149 537 984 480 858 334 978 473 649 94 478 900 748 290 286 849 635 988 503 676 611 615 952 162 711 959 187 452 836 622 507 27 643
141 19 936 614 216 178 451 902 80 871 413 774 361 111 345 645 1 251 11 225 325 616 828 354 433 95 370 624 513 991 496 185 431 432 151 611 122 216 102 338
536 518 876 259 388 887 373 88 324 711 277 562 349 691 812 524 385 791 388 527 853 2 693 345 2 217 20 859 332 638 822 309 148 820 871 133 392 868 737 340
371 41 594 945 863 576 172 826 642 676 959 921 891 328 970 619 445 132 733 969 28 33 843 354 821 938 214 321 119 682 652 800 825 918 766 444 888 964 383 380
729 200 543 136 22 963 905 248 121 596 973 502 476 750 462 11 325 618 431 279 671 473 966 961 348 541 692 77 982 7 840 949 183 297 439 315 23 303 145 495
335 648 747 562 742 959 560 149 157 997 951 241 95 143 60 459 781 77 488 40 510 639 770 334 534 366 717 163 551 976 568 200 751 372 364 214 677 621 951 889
465 709 100 195 113 245 723 802 120 600 311 882 4 900 443 180 638 191 662 16 364 26 676 205 250 740 511 347 572 196 497 573 295 331 138 410 958 283 384 572
8314