40
7
420 339 142 12 65 411 545 182 376 470 48 746 173 501 449 843 200 746 463 438 378 194 229 239 665 241 56 64 939 48 142 970 481 679 884 112 410 42 470 75
315 992 985 980 672 424 689 179 1 51 845 357 290 489 833 634 401 296 175 992 564 514 667 311 410 945 301 852 493 410 668 76 526 689 276 295 883 539 892 802
981 106 651 116 132 399 504 943 644 365 843 721 263 5 231 596 504 357 139 551 853 747 761 3 204 419 306 726 667 693 669 976 990 958 592 632 312 661 108 399
8 221 709 630 724 150 49 106 722 720 172 856 283 465 143 525 293 862 14 516 820 687 355 788 384 327 852 466 998 416 409 964 955 711 72 976 337 624 29 437
42 430 61 74 538 963 865 762 161 850 318 974 630 606 315 202 268 290 999 151 300 113 263 360 34 335 178 281 436 241 703 947 828 153 421 666 795 853 269 995
546 79 420 169 183 507 948 307 187 945 796 108 782 702 619 730 225 417 157 993 766 391 784 443 536 787 293 954 658 533 51 113 975 355 332 763 586 122 752 903
635 359 315 162 919 129 724 153 922 577 561 379 755 765 267 561 120 615 6 735 354 553 766 108 761 946 145 636 74 416 516 329 924 336 771 734 285 554 533 312
692 169 900 845 806 912 405 369 726 291 192 771 546 807 907 502 499 18 829 285 979 833 417 924 494 462 868 72 199 280 579 628 668 231 238 911 277 518 769 328
11073