40
7
683 630 646 363 81 779 923 507 484 289 972 8 738 332 268 629 740 968 458 911 930 796 984 727 935 164 228 180 53 527 659 459 52 212 963 481 871 901 455 218
673 444 817 372 606 844 132 653 992 372 103 473 9 367 279 216 155 702 43 957 473 27 614 90 595 629 67 37 382 282 366 677 21 917 845 320 690 630 70 316
502 118 858 577 385 484 129 875 965 706 625 676 341 997 447 64 212 568 88 98 804 52 614 529 746 910 992 232 621 738 293 535 64 174 772 227 394 836 121 115
448 259 228 569 371 603 703 149 598 658 417 185 763 503 304 450 606 828 561 159 255 159 724 443 164 858 772 754 533 675 849 735 448 662 352 861 563 966 947 102
250 748 996 45 647 153 507 21 323 959 480 166 874 480 650 148 817 957 592 152 663 324 695 793 639 655 223 251 394 649 233 635 11 778 885 846 904 387 895 101
324 191 818 305 533 952 276 80 552 230 5 758 292 792 720 201 128 697 511 412 650 844 360 31 290 67 434 749 13 370 774 191 166 213 260 187 898 600 178 405
821 504 302 419 154 991 163 243 37 637 780 834 32 930 299 234 447 493 636 55 189 640 637 867 975 519 791 299 760 991 800 122 335 287 646 96 883 321 46 807
66 140 270 753 851 127 945 360 800 15 591 905 499 253 880 197 623 132 37 384 598 797 73 170 131 992 830 793 180 285 793 984 798 249 291 242 546 423 281 504
9394