40
7
73 492 132 686 908 566 237 883 391 548 458 359 116 468 541 397 861 11 633 557 232 809 149 614 43 545 876 933 155 724 755 94 330 214 443 339 195 665 886 549
919 964 245 173 4 574 218 824 805 138 945 884 606 425 272 938 680 239 949 273 892 634 351 644 847 494 638 44 139 780 856 576 530 751 445 69 266 377 181 286
223 531 239 427 108 594 975 645 257 233 215 700 586 106 892 774 754 857 879 660 10 268 605 543 211 242 797 807 109 76 955 609 426 818 74 515 195 124 895 309
948 453 14 926 869 294 931 898 337 314 292 464 642 349 894 341 350 579 882 428 770 270 650 645 465 581 548 4 84 98 209 477 750 792 270 343 45 858 445 25
805 470 133 248 213 102 728 467 649 654 465 752 651 853 545 758 131 560 737 325 801 80 854 574 28 693 195 844 339 375 800 300 237 318 712 601 976 203 507 157
112 530 669 368 866 542 489 666 995 681 408 848 283 458 592 848 841 275 791 624 119 801 787 974 489 489 492 52 810 814 401 444 704 505 198 881 514 590 375 817
144 808 210 965 444 172 402 822 752 990 897 751 986 897 144 46 364 625 479 374 324 906 479 76 966 458 97 624 261 175 91 918 91 40 236 16 881 921 422 732
791 911 970 903 911 652 978 550 261 821 777 251 462 899 429 804 875 87 906 676 698 135 219 754 510 159 19 975 272 665 813 357 525 565 820 728 25 339 220 580
11646