40
7
807 434 265 589 185 35 461 622 401 528 565 888 569 834 910 270 754 227 254 273 992 949 26 631 518 118 68 419 962 819 323 773 992 930 522 384 593 175 403 759
911 918 477 193 92 433 338 299 549 19 986 586 686 250 577 36 295 886 456 933 981 763 262 421 553 572 864 844 230 718 83 772 952 354 32 601 950 91 753 348
493 883 656 873 215 448 218 516 922 330 986 154 798 643 182 843 549 162 448 365 262 596 500 396 857 458 692 897 516 65 353 821 847 199 321 112 792 585 801 901
728 660 744 498 741 16 947 400 242 989 388 850 361 967 344 729 307 77 176 859 337 245 11 305 876 288 250 192 493 63 878 479 448 16 660 207 256 490 229 199
783 24 322 421 405 18 516 358 125 562 41 740 135 531 41 823 677 185 298 695 108 640 202 309 354 49 436 129 840 163 735 383 453 994 484 942 25 400 478 545
555 519 531 273 728 405 533 690 732 694 198 945 447 385 748 457 156 757 379 737 20 714 26 864 733 543 333 272 841 256 524 945 942 226 865 626 403 843 870 753
230 145 46 473 525 644 912 774 983 367 16 633 67 832 433 641 873 898 780 506 321 818 858 241 961 592 275 585 135 519 460 419 566 440 634 225 390 662 445 238
662 21 520 725 505 234 859 423 299 299 219 457 297 726 592 546 439 786 72 377 141 861 221 859 708 993 677 260 763 335 998 385 155 110 958 638 67 968 643 942
10370