40
7
454 763 969 774 191 170 413 266 951 434 97 442 596 935 430 672 810 316 325 117 420 686 298 902 815 171 589 665 95 187 325 995 950 888 327 108 835 692 685 217
761 526 860 36 431 48 106 635 746 200 766 500 102 256 646 800 459 412 557 192 258 722 41 852 599 562 840 137 539 50 220 850 556 425 502 883 965 848 165 428
51 981 672 706 607 641 784 332 204 78 689 279 676 112 123 681 249 839 93 234 384 50 19 737 135 700 696 647 100 343 613 988 412 855 965 220 979 952 960 187
308 541 301 959 896 467 867 682 636 924 706 677 193 765 235 629 865 884 562 345 660 903 524 513 212 176 854 695 338 271 551 174 760 666 707 757 831 379 51 257
225 846 591 980 655 99 192 819 39 576 865 47 930 751 300 726 723 409 852 650 629 333 156 60 829 424 749 274 566 440 855 302 744 531 658 411 816 85 945 476
516 354 951 390 240 796 601 456 355 832 741 408 633 93 506 118 707 352 322 364 9 359 500 111 508 363 947 647 472 843 281 176 848 363 211 534 827 806 399 46
90 128 375 576 711 89 134 780 452 850 621 335 550 950 182 816 697 235 596 28 659 531 770 490 374 19 829 380 512 108 961 359 895 341 75 972 943 122 79 880
434 812 577 969 716 493 218 584 520 758 693 323 606 483 230 937 985 509 751 599 822 903 659 212 638 94 522 870 451 22 672 177 760 625 782 147 895 156 243 716
11282