40
7
463 193 558 885 396 668 106 856 732 186 792 871 180 262 952 271 936 141 34 73 946 9 242 573 565 11 293 836 5 485 671 958 13 551 524 730 237 385 900 79
207 486 888 371 55 266 468 6 990 557 824 869 570 325 551 326 218 649 440 649 278 774 176 546 777 788 375 834 598 837 851 341 610 451 451 231 481 679 82 316
881 809 143 939 966 682 296 221 990 669 758 962 3 967 46 620 868 851 790 339 37 20 935 499 521 579 325 513 55 596 28 350 873 507 443 654 541 515 123 247
836 330 439 458 241 835 300 900 480 322 947 900 805 454 226 520 68 94 490 191 886 240 174 173 944 297 718 791 532 877 80 679 876 310 604 540 432 434 760 352
13 10 97 813 835 880 716 575 704 632 325 726 121 47 858 445 457 488 790 474 29 610 171 57 657 224 560 921 254 262 233 767 516 770 306 511 714 210 89 877
598 292 266 438 447 654 414 959 503 286 444 237 251 854 887 41 745 214 739 586 243 294 100 639 283 865 286 229 231 47 927 590 432 782 238 75 648 714 534 495
334 445 215 46 584 576 20 268 703 117 256 580 315 583 700 233 792 137 844 107 953 234 371 217 342 935 312 699 480 885 746 808 113 440 344 907 172 867 453 875
656 234 1000 962 333 830 126 793 475 763 872 340 630 109 407 687 982 278 187 455 934 124 810 429 491 388 82 564 747 203 135 489 178 673 562 316 284 498 585 401
10006