40
7
744 44 607 153 374 838 260 283 159 318 273 721 289 315 348 72 782 679 168 437 130 673 634 506 898 703 738 557 618 665 304 599 205 49 940 669 333 366 710 135
766 843 627 631 504 540 471 160 60 256 374 746 95 213 654 357 419 844 726 960 866 920 512 538 917 970 894 13 168 568 108 379 319 908 51 833 912 585 590 858
17 636 694 959 850 592 750 740 980 556 399 112 248 317 696 241 529 174 217 634 497 821 401 702 960 671 367 461 570 177 517 122 590 590 635 644 12 27 941 990
687 933 362 824 665 269 126 143 337 894 182 935 62 509 3 143 721 572 80 669 169 338 914 521 610 243 522 646 596 509 899 997 529 94 592 783 569 551 191 918
259 631 416 663 555 77 864 448 934 681 520 671 587 79 789 176 77 881 325 925 113 913 144 262 484 732 386 799 725 379 515 215 488 40 277 876 815 976 82 785
63 198 130 34 105 473 126 662 109 463 629 597 927 897 86 690 312 145 789 973 171 499 483 83 618 971 113 461 621 907 91 45 246 741 573 34 334 998 783 78
233 518 811 455 143 250 480 767 793 480 521 935 697 978 645 720 343 534 976 36 699 706 669 857 468 330 412 928 768 786 734 416 480 660 847 941 8 391 449 957
589 676 908 936 882 345 41 880 839 69 734 867 811 887 133 421 536 289 444 276 746 30 706 727 395 26 337 309 803 506 712 882 781 213 91 160 375 573 500 650
10543