40
7
551 546 480 528 781 325 687 344 849 287 726 410 776 869 36 954 557 101 857 408 68 249 1 791 549 4 204 861 520 602 399 420 180 262 992 982 770 489 312 55
252 376 283 83 629 331 697 981 931 285 269 402 942 634 235 474 261 933 972 417 557 135 561 470 182 42 537 730 714 351 921 4 686 541 148 148 779 657 613 343
687 85 473 304 160 166 959 851 334 143 799 850 671 86 64 27 438 940 300 12 719 37 254 450 993 384 295 360 663 171 842 469 242 985 161 480 259 541 815 74
118 595 869 371 942 484 612 682 659 609 319 619 755 902 219 297 440 664 942 107 806 223 570 20 313 164 90 143 386 126 771 291 887 990 899 617 57 467 491 151
824 36 380 967 327 377 90 297 50 383 991 515 385 299 745 151 223 283 834 814 963 895 574 766 693 993 950 680 994 404 622 803 19 367 982 326 954 528 562 843
813 284 902 686 689 909 705 9 528 778 220 938 920 7 154 226 672 351 264 327 648 191 955 100 695 159 366 409 479 602 532 124 661 834 55 392 446 840 231 971
611 227 524 72 670 882 517 460 857 600 147 123 903 290 213 264 815 481 885 316 154 486 582 396 948 81 829 473 184 284 668 536 257 956 774 826 143 618 382 185
265 787 563 410 395 954 627 885 184 328 223 379 661 664 650 824 545 709 586 118 368 627 153 780 275 212 284 31 442 757 53 299 380 830 252 415 440 717 538 780
9695