40
7
662 626 957 130 531 437 312 434 239 51 240 727 752 269 584 896 798 462 700 374 468 857 574 973 671 920 726 116 762 250 362 863 279 641 405 263 213 835 335 737
359 367 310 425 753 766 348 697 124 418 194 326 723 597 86 715 615 486 664 537 897 863 691 673 934 46 242 438 671 560 967 867 431 533 949 436 987 60 38 71
990 695 116 74 789 736 452 248 972 168 107 373 907 591 876 678 386 787 326 525 560 725 952 705 318 625 650 578 256 110 375 581 100 177 657 717 536 587 450 108
22 960 654 491 665 324 967 356 830 429 61 442 550 793 659 281 929 914 439 493 23 754 944 721 837 120 998 411 433 147 994 492 31 90 253 469 945 717 12 761
96 662 57 232 207 895 967 561 440 76 569 41 984 584 226 939 147 378 806 289 628 14 295 321 359 509 364 39 319 245 589 70 27 904 525 531 861 697 999 508
13 46 628 297 411 924 843 419 630 854 650 426 296 425 506 900 791 373 896 264 163 130 547 378 728 856 825 935 921 847 462 74 526 22 779 653 620 366 10 145
873 809 891 653 103 513 253 168 161 629 50 772 164 851 3 249 481 94 937 322 991 597 448 329 210 259 503 927 621 655 881 4 102 363 745 585 655 601 314 965
854 256 147 946 20 945 773 520 283 142 949 16 886 887 821 941 820 658 884 483 318 88 313 764 226 594 466 534 633 239 84 188 231 54 315 8 628 864 422 879
10040