40
7
956 212 320 165 511 47 63 383 747 125 274 140 529 19 987 892 935 675 685 402 248 927 915 746 704 661 798 631 698 792 964 746 248 807 940 416 451 103 881 701
424 723 92 900 762 895 598 283 690 779 472 111 913 252 789 362 811 360 549 455 538 402 401 112 948 832 122 537 600 65 304 77 305 854 952 529 782 847 148 519
921 54 839 134 465 817 423 807 669 755 997 907 943 428 399 314 157 623 223 635 356 503 610 244 131 425 780 927 318 188 343 953 430 619 938 790 940 556 163 332
709 389 484 812 648 141 327 799 110 616 160 35 786 287 558 558 42 936 39 972 485 202 478 617 175 938 548 599 308 832 96 406 374 923 957 807 855 133 77 357
678 871 886 476 827 652 110 293 483 762 339 867 994 298 428 630 372 277 711 221 901 796 768 949 799 537 950 253 396 988 921 921 937 343 778 783 464 958 173 343
355 521 646 992 193 652 263 660 493 884 267 974 252 901 128 918 57 267 606 871 584 679 198 39 129 677 777 500 238 823 370 315 956 426 348 712 49 823 215 877
87 834 942 358 215 634 686 540 378 919 19 643 683 157 851 182 594 569 555 16 887 375 960 592 220 107 272 427 427 100 887 194 571 134 611 226 398 942 234 214
466 736 893 408 356 987 976 346 308 880 188 578 62 145 640 141 19 20 826 456 512 867 460 570 800 676 500 675 390 200 69 2 43 286 866 955 784 833 690 868
10239