40
7
166 510 153 97 503 837 38 66 23 548 78 313 487 218 691 650 677 478 551 355 497 569 482 660 687 24 477 103 199 485 317 565 102 542 651 591 218 678 74 115
797 697 669 621 10 468 826 543 820 390 183 65 621 574 511 787 879 356 412 226 210 271 775 357 830 982 698 679 360 960 547 380 724 513 877 580 8 143 653 130
200 99 603 504 414 605 722 34 823 585 388 108 325 163 825 783 494 379 52 72 368 81 158 638 205 519 915 720 255 882 129 881 227 353 716 485 319 563 797 617
577 695 546 468 559 902 251 414 524 325 742 88 758 880 362 598 454 670 485 885 730 362 732 76 469 180 573 452 220 836 737 857 525 859 733 207 7 192 804 823
576 542 108 627 750 630 431 401 584 662 406 929 110 174 105 752 215 358 461 158 997 893 635 771 427 151 154 558 437 510 628 287 194 539 762 721 566 110 488 269
157 655 269 383 603 866 713 774 6 347 946 907 900 237 658 651 343 718 194 514 222 228 594 115 544 462 630 359 282 313 58 411 18 924 150 755 616 584 690 974
572 664 888 984 421 979 714 279 982 687 614 692 5 777 100 828 861 610 180 530 775 244 502 975 391 402 764 355 881 591 543 315 930 702 10 342 133 452 316 77
972 270 78 37 899 676 181 75 107 231 49 686 724 605 429 955 553 375 833 436 329 875 802 767 596 335 615 534 901 627 36 211 948 290 375 136 520 870 762 541
10121