40
7
217 46 456 840 865 929 537 385 954 432 282 115 406 44 790 182 361 812 104 240 367 282 992 954 544 550 969 296 207 43 343 628 677 634 643 296 462 18 62 724
575 539 526 799 463 158 808 909 162 803 79 390 17 275 229 186 843 424 761 989 119 472 428 942 503 655 782 534 56 853 518 225 668 468 503 865 888 92 605 833
842 929 241 640 5 748 500 97 865 286 696 890 495 17 667 135 163 595 538 587 665 979 384 1000 142 389 424 388 109 710 641 171 919 712 454 636 995 230 383 15
437 753 629 438 195 228 570 88 75 454 55 49 170 901 716 590 989 280 658 375 211 611 497 357 885 648 222 171 980 436 154 783 655 175 487 794 691 363 571 714
395 453 333 462 828 124 903 636 496 883 751 463 652 904 141 267 475 770 52 587 180 924 269 464 466 624 829 127 248 972 444 604 362 122 156 707 947 17 377 637
747 954 766 749 356 13 927 915 73 131 564 960 11 265 334 996 779 584 847 887 662 653 351 375 305 660 715 925 542 67 303 591 475 534 802 308 431 829 665 934
91 420 189 995 723 519 990 838 454 638 911 362 505 531 832 914 980 131 618 313 705 627 214 603 201 390 155 659 946 474 328 500 242 843 687 953 441 506 76 557
194 276 633 206 496 856 612 242 220 254 437 174 531 782 559 956 880 23 653 212 101 78 110 951 850 16 524 539 508 802 651 448 645 252 653 22 215 373 718 547
9100