40
7
80 199 650 311 211 195 399 925 251 903 513 138 860 29 887 447 721 26 681 821 909 143 618 114 217 80 820 973 323 358 737 342 835 193 410 885 159 176 990 936
980 977 278 248 807 970 682 711 989 254 409 910 943 147 800 94 659 938 415 916 756 545 827 387 308 267 696 870 812 294 52 323 421 596 322 752 903 495 682 479
377 116 266 935 367 743 796 976 875 313 997 358 327 407 334 403 937 870 408 165 902 444 714 528 397 526 37 841 472 902 475 306 612 495 595 428 704 766 487 808
632 978 226 333 312 246 494 171 135 690 507 491 67 156 710 900 598 326 185 436 265 739 345 555 647 84 243 766 363 479 259 492 147 739 931 808 62 920 530 873
563 857 538 47 559 145 198 990 585 692 142 673 136 487 983 437 741 650 499 588 643 543 993 609 89 788 409 867 558 764 106 600 717 181 112 680 376 364 729 16
876 453 599 535 917 787 872 487 82 282 814 487 888 801 744 222 2 400 916 848 39 293 454 712 198 280 551 552 208 550 363 861 719 60 266 513 160 226 521 935
189 229 173 412 952 22 274 150 427 339 265 734 457 295 698 312 665 875 247 858 650 855 226 815 746 482 9 215 57 136 442 958 842 393 471 82 74 527 119 751
335 552 904 42 650 922 815 273 473 682 942 856 257 828 239 930 790 147 860 218 553 79 765 733 863 267 931 802 906 572 444 138 145 37 849 525 573 993 212 860
11481