40
7
953 754 472 378 610 625 28 139 390 640 544 954 700 168 187 873 985 888 659 622 158 175 582 707 903 746 22 159 388 128 640 433 260 581 668 866 377 33 975 612
879 541 608 577 764 952 46 365 104 821 414 824 588 597 652 215 420 838 651 726 86 697 454 404 883 60 414 789 511 998 755 581 588 125 908 949 160 861 544 678
903 344 342 430 515 423 199 742 230 397 523 57 366 917 58 307 395 558 421 766 87 328 158 182 895 74 676 565 720 20 364 439 37 523 789 71 953 794 11 155
871 565 316 619 66 803 781 398 275 601 435 819 928 599 543 897 630 680 921 863 284 725 511 640 482 933 97 471 625 693 205 947 311 406 307 979 849 877 408 161
467 996 754 716 314 129 708 687 676 16 622 380 843 468 918 162 494 686 768 96 119 933 372 913 435 517 51 677 64 276 369 219 805 879 720 243 985 434 499 465
365 563 753 846 861 205 29 188 755 271 99 843 674 865 958 556 927 330 89 836 811 963 876 924 102 274 385 163 959 73 904 366 909 152 950 720 980 400 716 956
920 874 145 975 650 221 985 21 346 454 403 154 567 225 691 921 18 534 313 682 95 13 197 111 182 715 651 636 351 996 395 562 397 777 765 984 501 538 594 950
737 571 252 211 806 130 323 914 317 634 372 548 75 588 427 112 322 151 861 185 62 899 258 931 332 64 252 273 870 373 772 743 167 797 395 982 133 714 370 617
9270