40
7
108 980 520 29 75 457 739 665 121 826 172 960 920 993 53 171 684 950 143 676 176 623 827 397 653 58 28 525 558 21 311 204 52 889 684 132 238 865 489 543
230 256 410 491 681 894 357 987 287 486 610 162 995 869 79 492 85 304 881 768 886 270 857 21 433 575 513 196 342 852 174 36 750 352 909 155 235 949 877 375
158 140 841 153 290 760 382 901 693 873 403 730 88 400 719 712 872 241 6 272 766 558 956 268 420 70 858 103 607 817 210 409 8 920 53 6 380 666 806 604
61 297 433 952 724 482 651 605 10 995 194 589 186 177 9 333 715 540 581 940 449 363 478 360 215 332 463 772 694 800 870 616 711 766 964 305 708 115 162 958
260 727 310 72 831 280 330 244 480 105 634 300 523 709 13 404 268 284 16 849 838 686 244 469 750 371 860 836 632 818 780 819 276 688 941 554 135 955 984 512
480 221 374 22 664 480 914 614 591 926 29 76 835 388 918 3 261 382 363 407 130 115 442 224 2 765 200 447 643 612 362 256 697 900 97 438 902 907 929 473
386 943 553 772 971 317 45 136 745 651 943 221 982 834 467 31 724 718 188 973 100 195 162 478 66 625 571 272 282 212 717 101 885 539 350 778 606 503 202 525
228 426 369 814 789 45 604 713 344 693 760 510 408 101 349 623 353 598 575 489 176 651 648 31 769 205 829 916 279 23 377 505 554 132 733 242 538 533 417 3
9176