40
7
235 267 535 240 381 384 324 360 941 541 247 424 960 732 2 443 691 214 556 926 480 852 418 102 524 640 513 160 783 279 974 14 910 857 442 399 722 293 344 872
900 304 489 628 999 650 49 232 261 660 414 798 770 247 832 859 820 35 898 552 818 738 304 229 939 620 228 513 184 374 786 401 355 596 262 438 205 756 21 567
329 637 251 161 272 842 752 988 717 854 769 965 155 584 190 904 609 547 218 241 890 772 743 490 150 779 469 508 371 706 227 254 517 157 781 267 271 159 69 78
61 126 837 351 79 164 521 655 360 470 861 669 47 716 781 800 657 855 948 790 21 155 897 153 604 79 240 631 79 989 189 822 366 170 169 330 682 482 181 304
785 567 199 353 512 163 335 306 657 993 652 766 699 207 278 161 711 350 852 110 405 854 819 82 788 102 786 907 520 850 524 92 287 209 177 894 284 809 778 418
211 879 672 610 931 797 406 294 883 926 412 218 699 11 664 201 747 510 504 290 293 224 851 290 156 291 841 618 940 478 303 22 225 445 409 974 4 210 969 292
494 365 957 474 968 568 614 107 787 321 717 462 197 602 742 475 770 736 886 783 444 571 32 628 930 161 953 262 503 938 641 489 681 720 850 525 736 744 20 169
288 215 227 391 294 311 713 447 24 256 346 853 95 797 281 837 69 651 214 955 216 837 207 985 496 253 871 723 530 878 484 344 67 688 574 693 783 870 440 734
9969