40
7
848 6 526 400 184 18 586 142 845 63 345 850 351 798 643 495 457 223 176 100 120 298 551 233 810 280 869 88 291 987 843 178 473 557 842 925 77 179 760 798
845 609 37 653 540 205 85 89 640 468 473 475 959 109 753 613 457 192 72 636 268 852 306 265 164 391 59 156 51 357 332 147 152 267 601 648 958 408 577 541
507 792 365 348 640 808 205 996 748 127 720 371 628 675 402 403 58 588 19 67 135 875 498 276 878 680 560 61 894 623 583 349 481 881 575 410 263 650 328 111
192 187 221 37 628 39 243 180 381 710 236 31 988 238 752 908 804 711 581 829 16 565 414 268 612 798 451 578 986 403 334 946 501 708 200 1000 168 252 441 309
960 139 831 231 368 888 536 607 599 760 309 790 666 581 553 277 608 624 641 852 626 142 159 39 768 281 303 224 406 159 528 757 85 604 981 215 323 840 714 694
145 984 852 811 278 307 331 134 227 306 286 285 799 764 538 720 574 796 661 155 946 51 697 566 507 799 436 699 695 78 416 85 682 325 182 462 344 294 676 772
237 587 445 82 495 897 272 597 547 601 821 375 834 785 634 889 371 578 500 407 449 794 429 536 796 317 982 750 623 645 478 901 268 851 956 861 400 528 517 967
403 750 65 233 218 611 945 236 135 798 464 884 122 208 430 749 522 991 370 480 318 646 651 248 708 7 581 628 299 587 710 98 716 429 591 282 451 894 131 818
9704