40
7
156 126 995 395 176 623 11 416 148 338 459 444 120 874 353 154 86 615 160 298 457 322 852 176 754 577 782 535 65 569 817 81 235 924 286 523 916 164 323 341
691 913 242 317 323 843 135 85 873 197 474 36 491 124 102 716 513 488 916 396 721 203 176 759 889 679 539 536 241 515 33 454 303 789 87 712 424 180 828 369
426 522 267 120 899 105 173 155 722 269 82 16 291 786 658 448 981 687 709 548 778 381 395 450 677 768 366 866 644 165 993 104 109 183 650 939 189 491 574 147
678 629 268 212 54 926 778 815 936 205 25 435 365 47 623 380 259 614 654 124 59 336 19 221 222 224 634 916 678 187 435 796 289 576 104 567 300 964 106 310
80 148 559 583 463 63 797 860 690 804 821 52 494 488 258 948 530 7 672 540 288 903 448 569 543 298 568 235 936 136 602 318 405 82 457 20 629 465 973 756
205 447 327 230 82 952 222 283 295 433 38 970 126 978 575 753 863 729 956 333 395 291 763 231 587 629 828 300 494 896 811 93 245 224 51 270 428 749 949 427
29 251 470 440 559 604 149 21 79 539 746 47 489 700 251 466 224 98 898 441 155 483 481 396 707 195 642 818 38 655 478 462 592 603 757 225 43 150 256 420
750 843 193 421 239 684 226 212 675 262 251 983 990 875 698 656 239 109 853 697 826 379 338 198 183 563 661 68 712 382 454 462 536 796 516 292 711 537 189 286
9973