40
7
756 847 69 966 454 191 455 31 769 180 416 431 443 177 696 718 1 938 9 908 557 141 363 90 67 72 835 985 953 293 977 980 64 971 223 619 92 808 565 683
592 365 522 216 734 682 352 214 839 20 143 103 858 303 841 907 901 842 921 10 336 140 969 313 702 215 82 219 957 169 124 28 888 635 502 922 302 68 122 151
930 155 286 665 403 812 65 398 817 178 274 444 668 631 538 226 326 186 32 880 940 965 345 459 150 533 378 74 138 976 744 227 6 67 789 711 903 229 898 440
924 371 915 60 886 552 886 163 792 501 728 134 172 688 312 505 462 151 491 68 735 626 470 825 668 712 11 915 622 929 79 130 693 350 533 869 761 120 898 169
904 61 192 31 971 117 238 151 647 743 822 944 236 369 263 11 156 602 612 705 291 106 627 750 469 115 677 84 692 543 131 530 487 731 41 148 711 78 996 687
534 862 2 583 223 175 832 128 536 539 295 867 601 619 355 455 790 319 514 617 386 660 994 603 527 157 688 688 893 217 861 700 675 467 265 972 530 844 712 60
710 719 363 521 412 331 9 221 495 38 145 225 609 226 636 492 203 464 934 633 800 529 851 117 977 455 273 49 601 768 456 436 128 626 778 982 773 631 20 674
258 210 516 331 625 780 548 424 876 57 973 965 612 770 652 463 29 165 607 921 361 828 548 801 74 121 317 181 217 775 592 794 619 53 885 774 16 348 25 234
9673