40
7
620 978 257 577 17 886 336 622 506 346 784 952 918 854 257 507 947 212 743 823 204 920 644 956 654 897 828 574 187 643 13 360 660 986 645 876 499 524 626 496
787 8 456 860 300 459 147 788 992 25 603 623 567 37 996 442 806 39 147 507 526 564 436 531 971 455 212 994 837 726 402 272 868 729 53 57 775 40 219 316
775 208 477 222 457 125 945 951 307 419 670 318 860 770 533 998 721 791 378 994 180 902 55 600 26 279 57 190 740 387 766 605 945 663 489 858 681 692 679 458
422 619 319 787 288 427 947 873 264 554 428 507 455 933 955 398 299 532 621 703 480 205 438 765 320 95 424 61 761 444 894 93 217 887 334 887 765 77 514 319
927 778 100 587 953 792 930 629 593 886 1000 467 621 274 893 683 517 726 194 319 779 948 917 82 837 560 930 395 534 801 718 473 173 130 595 652 662 487 922 377
552 77 738 143 171 685 98 164 910 619 273 111 26 499 417 265 775 383 77 417 751 164 223 876 905 709 113 732 388 904 326 143 875 852 923 814 964 126 409 193
96 26 16 343 9 338 497 198 849 498 65 440 95 458 803 745 125 699 360 906 375 853 274 368 769 321 280 769 403 249 330 264 251 949 574 705 157 517 292 231
572 335 158 878 487 937 578 825 953 375 165 712 637 942 801 907 647 194 699 39 117 865 547 135 128 74 730 577 896 349 512 99 797 650 74 324 909 108 884 604
10610