40
7
700 855 638 661 271 253 42 898 961 249 617 903 701 549 38 990 994 822 957 743 624 772 900 144 904 479 435 946 258 549 361 460 92 888 652 149 968 172 443 523
921 868 568 541 698 221 26 357 264 716 34 823 674 50 947 543 478 708 554 817 303 372 158 633 838 627 361 678 190 571 493 727 30 316 86 446 711 518 143 31
916 605 439 751 487 54 249 430 216 83 526 559 576 293 853 889 455 787 668 670 905 356 211 184 35 137 645 933 154 550 330 140 999 957 953 335 220 452 928 437
254 956 123 499 447 17 142 133 941 107 910 745 463 456 618 789 384 903 103 66 490 933 710 540 733 131 109 913 228 133 190 957 163 395 371 692 59 683 702 674
295 428 284 180 267 843 688 27 902 412 697 381 889 76 654 165 120 114 92 260 861 721 479 716 226 179 805 969 299 969 436 873 936 150 264 352 477 641 593 215
419 104 641 687 993 384 623 124 426 488 114 897 998 95 12 935 959 782 458 707 677 693 897 433 642 102 16 149 495 8 510 656 129 643 741 664 316 93 410 290
355 46 4 818 904 63 696 814 145 343 206 103 511 489 262 25 168 607 493 322 867 244 120 821 393 644 900 229 263 58 856 91 721 258 906 424 380 885 767 483
23 857 697 262 48 901 275 512 866 43 733 585 927 421 308 751 644 334 247 119 880 76 64 68 407 461 783 561 693 220 508 845 556 121 466 236 694 158 124 265
8870