40
7
455 730 496 492 895 25 726 518 314 471 617 174 464 102 80 526 143 97 523 545 958 876 583 820 893 191 602 72 717 152 868 563 604 410 546 959 675 611 798 337
668 412 984 449 332 261 869 239 304 610 428 259 123 88 884 286 976 683 148 297 453 635 207 148 564 978 921 934 960 989 359 811 208 800 545 114 392 712 501 390
538 290 298 864 211 836 767 558 232 669 80 394 539 52 436 115 351 772 443 581 943 395 913 452 446 783 293 826 690 121 807 509 801 890 587 282 271 470 415 539
829 672 544 566 827 582 296 68 86 259 774 475 828 344 180 850 712 46 429 399 875 863 424 175 639 505 416 478 710 462 126 883 187 442 455 449 986 148 629 54
104 159 976 777 828 10 486 399 24 431 428 893 219 25 17 789 358 316 561 487 53 465 746 835 32 134 238 706 665 27 700 228 284 512 961 8 262 625 580 429
189 585 998 272 96 99 250 373 128 905 486 791 684 121 343 33 249 391 780 633 886 173 943 748 414 340 663 619 846 725 348 33 305 399 549 734 790 619 27 319
147 714 74 971 6 346 28 336 533 445 825 677 387 605 363 111 218 459 54 892 646 78 270 950 761 555 108 37 859 470 459 200 332 275 892 998 330 400 417 334
469 624 419 231 979 358 184 823 882 807 429 16 209 270 374 244 133 640 733 201 358 498 846 619 8 692 603 889 431 262 628 771 573 67 419 311 145 638 900 545
9614