40
7
971 238 21 646 699 144 177 26 494 475 72 5 88 413 483 461 533 143 509 733 484 139 310 822 556 401 653 913 917 725 143 24 691 760 628 792 446 627 583 519
970 89 415 584 502 502 623 566 957 190 418 721 244 421 35 526 747 634 303 399 99 862 38 96 343 850 989 742 334 582 188 275 758 726 931 125 154 824 72 917
599 619 799 986 351 67 326 522 525 152 732 444 607 80 884 865 716 504 837 846 797 890 127 6 259 358 821 323 21 916 928 769 378 678 635 356 175 290 409 962
672 902 262 477 566 448 334 414 469 926 798 167 815 808 395 107 221 819 813 159 157 541 530 961 569 670 659 387 626 49 400 987 682 647 103 626 263 936 422 20
267 485 200 227 672 972 42 451 392 801 426 792 256 846 503 985 699 811 901 568 832 788 98 630 484 489 5 52 270 95 205 678 489 842 457 396 74 362 345 802
335 769 546 470 263 41 26 816 381 877 595 83 90 920 136 437 917 60 964 449 336 666 193 575 855 466 486 486 915 152 484 547 699 833 746 161 362 133 451 196
444 32 190 711 402 249 559 998 772 916 996 222 30 267 984 932 626 915 247 219 438 99 571 640 373 992 915 786 708 591 667 128 80 407 431 400 869 304 997 301
656 349 92 35 329 714 801 439 963 989 480 710 85 962 46 328 55 218 306 404 644 736 460 360 767 205 716 647 128 322 195 68 753 722 978 633 357 222 784 218
9438