40
7
886 845 499 926 435 256 820 660 675 503 321 942 906 708 562 499 626 294 201 914 847 282 733 62 222 951 197 202 145 941 619 442 66 358 112 218 184 27 697 729
274 342 14 495 331 839 758 486 902 840 668 825 106 333 3 375 815 3 835 127 197 619 5 54 101 562 396 743 294 557 300 572 100 965 25 71 498 237 811 102
401 898 497 337 564 410 681 28 737 202 355 515 351 274 583 473 985 948 541 654 422 974 513 875 669 296 360 656 706 531 191 874 287 321 195 603 867 682 819 450
974 707 583 550 124 192 980 922 383 313 250 900 969 777 225 217 97 794 522 464 937 751 724 7 339 528 720 896 463 496 51 42 755 411 288 660 597 992 556 422
835 209 727 68 602 355 66 469 37 159 131 753 500 253 352 172 762 528 812 77 742 328 518 702 30 693 571 476 948 685 388 227 158 103 849 451 705 293 350 54
283 491 695 483 258 697 38 898 809 456 92 266 94 128 235 540 425 179 207 154 267 865 943 329 941 152 552 712 645 118 580 364 593 14 546 205 377 670 74 660
742 675 610 463 581 236 83 144 425 258 705 271 714 330 927 88 906 122 438 192 203 477 480 502 55 142 298 949 520 859 554 308 495 378 935 36 343 27 507 568
925 369 195 329 793 563 160 195 172 681 504 643 187 189 728 336 545 490 159 234 381 993 730 1000 200 422 845 187 204 245 549 1000 345 480 788 540 373 517 147 948
9646