40
7
939 233 327 322 683 947 459 34 365 258 42 898 86 409 371 869 63 637 93 852 492 815 61 364 193 205 186 788 407 660 819 221 937 215 361 511 90 80 691 698
612 684 425 223 276 98 738 910 796 70 340 159 20 880 155 840 735 780 639 13 747 267 161 965 297 710 929 109 199 756 195 223 3 562 330 158 688 987 736 151
407 60 717 187 751 507 717 929 870 109 526 626 316 297 342 355 925 632 606 961 723 628 796 238 728 968 12 711 244 1000 352 931 517 482 401 242 472 819 814 311
332 649 620 212 528 215 360 730 437 912 982 680 117 207 973 636 101 973 265 859 661 209 132 46 693 213 558 470 225 956 513 74 501 994 305 286 267 753 970 12
939 860 175 973 264 283 399 675 489 186 593 993 220 285 807 2 302 488 561 922 604 945 491 562 365 526 741 629 348 326 709 757 926 53 209 267 927 6 314 160
910 416 381 764 437 709 538 100 966 140 808 928 135 784 930 379 822 958 740 49 529 976 150 63 122 432 332 969 847 162 347 312 60 663 57 11 477 202 283 841
994 389 171 673 807 799 297 610 118 586 662 59 532 419 175 51 410 937 286 883 753 159 636 416 234 677 625 666 406 446 643 259 690 534 189 386 598 967 714 872
485 766 864 883 239 137 192 996 155 464 906 564 397 172 93 618 421 8 824 185 59 334 75 456 558 980 893 244 156 647 351 491 381 828 496 662 622 109 926 770
9704