40
7
76 915 514 374 117 137 871 481 939 757 416 543 138 315 137 987 594 341 203 940 254 236 729 654 341 82 399 512 391 517 398 202 986 249 422 209 406 921 386 122
355 645 431 838 623 363 666 234 439 973 383 771 77 249 776 169 183 430 745 149 232 435 264 88 434 146 466 808 345 278 252 775 574 187 124 686 143 681 724 213
638 38 824 846 464 71 288 268 422 871 522 279 361 834 87 395 683 923 35 395 199 629 824 683 95 299 355 360 650 665 120 428 976 566 589 170 894 372 324 344
569 216 713 811 639 228 287 232 177 455 366 757 258 641 979 938 614 507 139 631 392 797 202 874 97 921 946 101 572 921 813 97 633 483 778 344 884 996 122 146
725 915 650 145 839 848 973 433 396 26 784 219 799 329 924 919 924 705 351 35 185 77 144 434 85 803 458 409 691 890 700 230 940 269 170 695 444 374 186 135
654 588 538 745 405 651 659 179 378 612 418 527 647 639 443 980 73 765 920 785 314 833 723 260 10 428 867 354 535 872 255 366 978 735 132 872 883 382 406 100
326 782 733 814 617 523 160 549 673 283 892 957 331 192 166 698 704 177 968 240 290 285 457 837 955 483 477 50 568 72 387 598 333 972 300 192 596 372 213 320
833 903 320 456 878 200 868 518 423 481 367 330 520 79 75 69 37 376 295 340 388 845 422 812 244 416 891 367 538 311 634 272 41 731 752 300 409 454 680 188
9032