40
7
197 748 37 55 717 102 512 756 438 910 543 694 932 223 253 246 744 875 780 781 990 664 796 197 894 847 249 95 223 506 16 117 804 476 1 409 943 664 290 868
344 28 586 343 787 165 602 863 997 956 843 525 169 302 295 61 675 378 196 406 9 1000 424 613 428 336 978 330 590 771 387 692 172 322 969 818 603 71 48 380
78 60 418 426 99 750 569 6 263 727 330 179 980 412 869 634 735 546 177 850 126 874 795 861 501 221 499 801 3 661 585 601 123 724 692 191 205 244 223 172
867 748 287 846 825 238 431 100 804 477 509 649 98 620 129 103 258 142 446 68 62 502 81 864 343 188 831 367 262 308 467 510 463 843 991 965 538 427 864 617
298 827 290 622 250 429 425 975 167 136 470 938 17 945 32 794 161 1 296 651 848 430 639 973 449 921 192 242 827 198 429 715 181 409 35 501 655 363 374 640
424 973 358 372 612 657 819 694 505 156 672 374 33 550 429 6 951 386 682 601 274 376 573 503 455 147 59 868 576 372 986 313 142 786 314 688 928 816 822 278
941 579 285 60 230 294 390 191 432 236 944 682 956 62 445 674 670 293 219 731 617 580 34 203 386 298 385 811 701 951 433 307 675 18 669 223 349 724 797 731
456 934 96 233 957 722 840 296 396 681 733 225 797 301 409 94 909 715 293 564 219 64 252 242 153 983 622 466 277 726 951 216 883 529 456 402 652 866 870 942
10711