40
7
933 972 179 932 597 46 645 80 938 216 416 610 506 186 874 276 119 799 368 300 803 265 259 100 736 740 492 772 525 743 387 812 188 925 338 12 838 193 255 396
266 255 882 386 124 172 939 220 936 352 968 168 681 213 704 310 510 580 337 772 509 174 95 335 940 754 817 230 282 591 208 397 881 534 560 988 854 612 514 959
649 90 858 36 935 372 137 294 272 946 673 939 175 91 461 698 63 158 399 212 778 875 483 445 711 847 123 493 136 273 584 168 452 801 920 875 599 578 863 414
175 693 439 367 34 791 711 199 389 243 170 947 669 856 229 770 398 930 233 573 752 739 374 952 462 80 580 891 461 94 811 781 230 3 840 570 868 762 902 736
609 919 196 670 27 988 44 569 564 710 966 389 452 217 779 534 106 235 675 256 170 857 720 702 431 256 517 707 657 892 533 778 834 368 617 729 721 905 617 955
43 414 680 505 183 320 617 777 963 549 849 993 663 834 346 671 157 12 582 179 690 43 765 930 255 161 300 647 721 551 594 267 700 130 36 965 424 828 651 89
177 364 168 518 973 811 836 335 171 953 634 377 558 59 294 851 872 211 727 49 512 424 188 752 563 468 290 576 992 756 32 762 78 805 143 703 210 927 928 320
390 306 205 619 276 932 609 481 333 12 813 526 968 575 376 363 500 950 804 729 190 231 996 877 772 215 952 888 843 664 395 471 633 49 24 910 649 804 299 256
10943