40
7
213 88 380 502 572 184 429 740 913 425 735 237 754 91 814 239 655 709 326 15 314 222 99 139 542 733 414 617 925 468 288 590 926 471 581 283 992 458 418 627
331 101 848 677 456 18 383 272 544 776 435 493 965 441 882 782 521 204 649 975 89 435 952 384 317 395 560 966 45 6 324 305 27 130 279 303 255 516 692 395
129 535 319 627 833 510 157 487 209 518 267 112 994 703 912 393 974 165 986 26 989 982 520 933 692 296 390 603 362 290 656 178 900 499 342 788 46 789 890 306
474 724 394 336 165 306 608 416 783 508 519 298 900 627 249 221 211 958 30 493 332 324 287 697 923 262 101 112 995 925 201 676 799 193 802 920 394 933 777 766
495 191 751 686 865 666 327 7 295 65 151 569 156 681 483 134 823 608 284 800 456 655 960 1 400 776 632 360 999 848 520 86 721 81 940 485 553 500 424 966
167 305 835 421 609 209 668 620 144 2 216 153 171 468 358 39 867 445 93 633 654 641 355 375 256 969 244 287 412 162 474 1 763 877 499 39 924 565 277 111
559 108 378 629 534 649 593 967 79 226 373 978 250 369 757 690 211 868 302 454 106 897 734 419 686 86 442 850 846 373 259 980 614 405 352 183 437 389 481 293
686 935 308 166 38 415 51 556 40 918 907 426 736 48 412 698 52 989 471 841 647 843 265 523 241 622 639 431 479 16 40 541 763 98 525 99 445 661 83 131
8893