40
7
147 444 605 623 103 599 166 911 237 79 594 26 239 86 324 551 157 625 305 209 575 280 919 827 625 475 425 17 906 478 824 387 944 750 340 811 112 45 807 47
7 442 56 156 726 985 334 971 430 819 189 858 604 872 254 749 301 376 236 797 896 810 512 318 776 691 604 106 778 933 986 67 143 952 602 734 28 6 977 995
437 84 814 573 932 218 795 213 340 742 576 105 278 181 949 230 350 783 313 449 706 686 652 279 191 622 889 657 196 618 332 952 583 52 682 584 97 433 659 999
374 789 181 429 652 671 75 394 309 891 994 404 175 857 348 470 785 776 730 310 747 830 865 634 202 83 16 651 245 347 854 868 781 951 903 144 449 716 617 132
991 351 826 182 245 203 620 644 937 705 815 156 675 291 896 816 423 477 955 578 42 239 340 881 259 332 818 280 758 7 110 925 938 385 278 977 222 669 357 385
865 762 678 803 39 510 358 584 252 914 418 76 933 863 252 951 959 809 560 490 916 718 114 882 7 506 5 275 436 652 353 112 693 494 45 181 749 605 139 678
986 845 405 668 60 65 115 355 539 334 461 896 485 592 779 849 337 325 869 151 868 726 318 927 847 808 941 798 973 921 70 532 761 480 289 553 968 155 548 897
397 298 544 808 966 324 564 541 386 153 407 311 277 805 453 809 99 207 451 819 256 680 249 564 636 819 480 403 813 14 351 468 297 186 165 51 824 190 648 690
9202