40
7
857 563 52 725 150 488 349 451 298 630 627 452 857 854 647 592 105 131 793 641 836 575 656 234 586 758 672 321 821 731 191 997 659 654 326 518 956 895 710 43
889 799 300 61 274 539 357 816 962 488 324 164 373 414 66 132 480 434 580 367 618 527 763 659 353 3 543 338 786 213 130 323 338 918 178 657 688 203 483 217
37 486 278 976 843 939 768 678 111 302 373 703 941 323 810 709 85 151 477 948 33 472 573 57 347 811 629 63 494 39 9 628 501 828 320 197 422 164 538 609
737 987 581 979 969 899 51 681 351 813 478 553 355 339 548 883 495 880 667 238 557 614 466 580 827 705 347 858 337 65 708 925 379 359 646 200 48 423 5 696
317 679 496 448 470 927 173 702 346 828 239 96 796 774 773 415 493 7 854 633 238 968 975 20 853 98 402 236 677 543 80 654 843 740 694 249 980 149 769 931
85 935 56 451 99 684 859 497 264 306 9 266 671 26 797 663 472 466 438 765 2 921 245 500 32 165 509 489 678 663 107 140 19 539 306 195 64 646 535 261
853 220 280 560 833 781 650 986 560 492 65 807 600 498 524 902 974 545 808 6 180 532 201 116 595 658 694 387 665 76 136 508 97 84 586 578 639 182 667 936
933 58 859 160 366 697 666 685 367 724 159 10 908 937 571 378 192 935 347 952 955 444 719 127 768 660 491 173 848 795 458 149 274 765 964 547 168 784 597 126
10858