40
7
353 124 598 832 227 112 703 831 269 890 44 236 972 973 176 672 239 944 307 478 894 4 735 298 793 69 604 123 338 671 19 890 409 52 53 517 315 190 260 753
733 417 562 403 65 861 128 926 801 626 428 534 463 594 865 210 571 422 71 955 267 180 39 396 295 197 790 533 821 49 682 438 240 493 277 164 178 502 764 986
727 893 587 870 338 350 522 22 671 619 88 731 358 996 759 504 256 256 814 901 415 328 776 805 550 439 870 12 703 104 229 965 466 678 620 664 126 227 546 807
835 286 596 376 659 788 896 13 333 360 748 659 419 976 202 165 750 667 60 370 882 485 338 872 817 252 247 477 889 269 819 922 829 620 332 333 707 169 977 228
440 838 533 144 449 374 553 807 339 782 467 687 802 465 432 962 156 278 610 52 271 746 529 509 5 446 814 63 235 192 760 23 583 508 592 150 379 836 915 485
110 813 492 811 563 659 674 642 256 493 3 903 848 894 474 40 762 1000 635 437 792 410 567 96 511 618 188 18 956 496 870 716 632 916 785 294 910 861 131 607
434 420 676 184 492 647 67 578 282 411 895 893 527 359 721 881 282 558 916 50 856 147 212 183 893 32 262 552 428 857 559 459 291 984 481 50 500 308 47 440
767 826 847 337 954 452 642 693 967 591 190 716 163 592 916 438 650 669 109 714 596 944 576 217 753 112 529 910 2 727 596 125 174 359 231 262 382 732 576 251
10644