40
7
591 289 880 655 585 80 983 509 386 678 378 666 183 780 420 172 957 127 410 502 645 756 327 784 701 826 527 968 629 152 51 513 6 929 671 180 181 518 551 60
438 254 676 738 866 991 322 645 107 516 688 793 291 399 141 413 208 598 113 382 669 147 422 428 282 890 45 472 326 410 290 489 643 244 223 942 390 199 738 138
209 907 632 424 810 631 136 283 480 151 521 675 408 180 684 333 159 406 94 506 736 697 385 297 159 941 132 618 83 438 697 756 942 325 185 542 644 951 807 553
716 418 867 953 379 359 637 891 150 860 395 746 555 441 438 547 466 311 502 919 120 895 808 936 393 159 737 743 928 755 368 672 485 506 983 797 223 838 346 216
179 464 491 655 443 188 234 201 776 947 984 353 128 92 941 890 315 247 587 957 868 114 232 509 965 276 980 232 892 433 606 617 898 79 595 677 966 372 434 247
403 801 17 441 965 562 892 27 854 170 886 994 187 203 145 257 448 801 584 971 534 152 570 828 476 258 81 97 447 268 732 896 672 274 725 227 934 944 304 700
277 67 429 697 620 833 302 173 630 993 518 559 772 914 55 606 409 880 376 978 75 141 366 374 438 67 446 265 959 668 800 805 556 970 508 589 6 16 946 917
82 833 842 248 47 734 813 940 385 484 858 303 890 223 292 72 383 495 203 795 712 16 108 151 205 991 654 60 83 277 579 522 538 688 422 745 313 410 745 355
9248