40
7
139 505 776 187 427 515 748 539 366 558 322 2 485 334 81 278 572 743 665 203 715 688 521 672 411 459 839 537 344 956 947 908 747 781 766 94 351 527 163 30
415 923 181 578 79 305 58 544 855 890 701 441 256 432 304 244 971 119 110 804 955 170 215 985 280 334 901 303 82 323 817 501 294 288 843 698 171 876 196 69
854 887 478 86 983 97 489 183 355 214 79 156 655 349 827 331 905 547 934 657 533 143 765 222 201 956 95 407 381 456 43 509 708 373 688 94 79 134 94 502
199 581 155 684 572 698 179 187 978 238 973 456 859 899 505 513 242 543 484 18 322 907 945 529 544 10 654 860 726 960 539 380 32 640 341 830 765 615 123 840
33 521 72 91 73 267 493 527 502 352 471 911 956 709 471 342 977 899 418 904 564 613 426 672 748 73 11 196 343 619 762 448 768 582 79 934 836 643 381 960
399 871 66 656 575 64 465 393 851 814 641 66 827 93 413 972 367 704 217 474 122 477 676 583 768 243 77 335 568 694 925 33 320 177 326 278 841 512 438 444
959 407 404 658 615 629 254 255 41 400 696 458 229 945 763 461 533 635 818 288 955 462 735 323 341 333 595 90 326 395 166 114 529 43 938 323 102 743 90 311
656 954 418 265 937 253 620 844 321 822 851 904 138 676 194 675 707 407 740 776 645 106 429 193 172 730 267 46 606 82 86 523 208 652 560 844 483 292 28 606
9858